TITLE = "B00006"
VARIABLES = "position", "position(2)", "Vx", "Vy"
ZONE T="Frame 0", I=51, J=39
-131.145575 97.585173 10.984691 0.138107
-127.182727 97.585173 11.349758 0.301666
-123.219879 97.585173 11.181020 0.358822
-119.257031 97.585173 11.212523 0.371341
-115.294183 97.585173 11.213731 0.537170
-111.331335 97.585173 0.000000 0.000000
-107.368487 97.585173 0.000000 0.000000
-103.405639 97.585173 0.000000 0.000000
-99.442791 97.585173 0.000000 0.000000
-95.479943 97.585173 0.000000 0.000000
-91.517095 97.585173 0.000000 0.000000
-87.554247 97.585173 11.356918 0.317700
-83.591400 97.585173 11.441646 0.316114
-79.628552 97.585173 11.458922 0.212864
-75.665704 97.585173 11.498362 0.174698
-71.702856 97.585173 11.376073 0.285148
-67.740008 97.585173 11.498224 0.251317
-63.777160 97.585173 11.305305 0.274174
-59.814312 97.585173 11.145617 0.124091
-55.851464 97.585173 11.274976 -0.072234
-51.888616 97.585173 11.516893 0.116270
-47.925768 97.585173 11.322006 -0.031781
-43.962920 97.585173 11.374492 -0.013191
-40.000072 97.585173 11.360609 -0.042313
-36.037224 97.585173 11.564212 -0.160480
-32.074376 97.585173 11.297834 0.069051
-28.111528 97.585173 11.179537 -0.158308
-24.148680 97.585173 11.132094 -0.064984
-20.185832 97.585173 11.137384 -0.208387
-16.222984 97.585173 11.108558 0.039532
-12.260136 97.585173 0.000000 0.000000
-8.297289 97.585173 0.000000 0.000000
-4.334441 97.585173 0.000000 0.000000
-0.371593 97.585173 11.068271 0.062108
3.591255 97.585173 11.033607 -0.011287
7.554103 97.585173 11.067275 -0.136994
11.516951 97.585173 11.242461 -0.095051
15.479799 97.585173 10.984216 0.000845
19.442647 97.585173 11.014354 0.054647
23.405495 97.585173 11.040512 -0.045561
27.368343 97.585173 10.935435 0.064490
31.331191 97.585173 10.987045 -0.256377
35.294039 97.585173 11.026798 -0.253675
39.256887 97.585173 11.053547 -0.019717
43.219735 97.585173 10.862735 -0.125772
47.182583 97.585173 10.872520 0.145462
51.145431 97.585173 10.955201 0.015123
55.108279 97.585173 10.976882 0.064024
59.071127 97.585173 10.831976 0.100817
63.033975 97.585173 10.961856 0.009800
66.996822 97.585173 10.916173 0.130123
-131.145575 93.622325 -4.590871 -4.672058
-127.182727 93.622325 11.237492 0.431104
-123.219879 93.622325 11.402865 0.468455
-119.257031 93.622325 11.438684 0.463205
-115.294183 93.622325 11.497705 0.335332
-111.331335 93.622325 0.000000 0.000000
-107.368487 93.622325 0.000000 0.000000
-103.405639 93.622325 0.000000 0.000000
-99.442791 93.622325 0.000000 0.000000
-95.479943 93.622325 0.000000 0.000000
-91.517095 93.622325 0.000000 0.000000
-87.554247 93.622325 11.360804 0.252691
-83.591400 93.622325 11.323366 0.372460
-79.628552 93.622325 11.263814 0.273192
-75.665704 93.622325 11.443765 0.307844
-71.702856 93.622325 11.677555 0.153720
-67.740008 93.622325 11.481082 0.178053
-63.777160 93.622325 11.554146 0.020499
-59.814312 93.622325 11.610562 0.173353
-55.851464 93.622325 11.738414 -0.024113
-51.888616 93.622325 11.414557 0.000712
-47.925768 93.622325 11.445878 -0.060638
-43.962920 93.622325 11.387861 0.091777
-40.000072 93.622325 11.209708 -0.021792
-36.037224 93.622325 11.445225 -0.171945
-32.074376 93.622325 11.361135 0.034924
-28.111528 93.622325 11.341585 -0.215052
-24.148680 93.622325 11.162889 -0.050149
-20.185832 93.622325 11.351274 -0.091231
-16.222984 93.622325 11.171152 0.144579
-12.260136 93.622325 0.000000 0.000000
-8.297289 93.622325 0.000000 0.000000
-4.334441 93.622325 0.000000 0.000000
-0.371593 93.622325 10.989444 -0.116337
3.591255 93.622325 11.092035 -0.062792
7.554103 93.622325 11.046914 0.052624
11.516951 93.622325 11.125757 -0.047448
15.479799 93.622325 11.085145 -0.013219
19.442647 93.622325 11.113588 0.008629
23.405495 93.622325 11.018675 -0.018471
27.368343 93.622325 10.964895 -0.063399
31.331191 93.622325 10.973303 -0.183916
35.294039 93.622325 10.911229 0.132846
39.256887 93.622325 10.935903 -0.005466
43.219735 93.622325 10.971109 0.201113
47.182583 93.622325 10.959321 -0.146939
51.145431 93.622325 11.243669 0.076812
55.108279 93.622325 11.022269 -0.013137
59.071127 93.622325 10.827425 -0.059741
63.033975 93.622325 11.031165 0.028892
66.996822 93.622325 10.887814 0.290606
-131.145575 89.659477 11.495288 0.801190
-127.182727 89.659477 -8.035316 -16.822290
-123.219879 89.659477 11.172034 0.280558
-119.257031 89.659477 11.018777 0.464053
-115.294183 89.659477 11.300225 0.478071
-111.331335 89.659477 0.000000 0.000000
-107.368487 89.659477 0.000000 0.000000
-103.405639 89.659477 0.000000 0.000000
-99.442791 89.659477 0.000000 0.000000
-95.479943 89.659477 0.000000 0.000000
-91.517095 89.659477 0.000000 0.000000
-87.554247 89.659477 11.270534 0.431699
-83.591400 89.659477 11.549560 0.200464
-79.628552 89.659477 11.321370 0.294746
-75.665704 89.659477 11.434644 0.258750
-71.702856 89.659477 11.453235 0.402825
-67.740008 89.659477 11.375825 0.170944
-63.777160 89.659477 11.548379 0.185387
-59.814312 89.659477 11.593288 -0.074744
-55.851464 89.659477 11.517484 -0.087935
-51.888616 89.659477 11.327930 0.004961
-47.925768 89.659477 11.598473 -0.113730
-43.962920 89.659477 11.420856 0.154534
-40.000072 89.659477 11.358878 -0.057132
-36.037224 89.659477 11.239205 -0.039812
-32.074376 89.659477 11.313800 -0.085583
-28.111528 89.659477 11.247503 -0.179638
-24.148680 89.659477 11.349112 -0.133381
-20.185832 89.659477 11.264084 -0.144203
-16.222984 89.659477 11.272609 -0.209497
-12.260136 89.659477 0.000000 0.000000
-8.297289 89.659477 0.000000 0.000000
-4.334441 89.659477 0.000000 0.000000
-0.371593 89.659477 11.155242 -0.265312
3.591255 89.659477 11.162220 -0.074203
7.554103 89.659477 11.113462 -0.184223
11.516951 89.659477 11.035566 -0.181520
15.479799 89.659477 11.157303 0.157625
19.442647 89.659477 11.012362 -0.173713
23.405495 89.659477 11.049273 -0.089020
27.368343 89.659477 10.955619 0.279712
31.331191 89.659477 11.123677 0.013496
35.294039 89.659477 10.947867 -0.089067
39.256887 89.659477 11.050656 0.001470
43.219735 89.659477 10.869178 0.050727
47.182583 89.659477 10.885522 0.066673
51.145431 89.659477 11.007533 -0.095905
55.108279 89.659477 11.200263 -0.064355
59.071127 89.659477 11.022806 -0.027848
63.033975 89.659477 10.984163 -0.032739
66.996822 89.659477 10.977540 -0.120825
-131.145575 85.696629 7.076708 -8.617676
-127.182727 85.696629 6.534368 -5.693146
-123.219879 85.696629 10.962630 0.656339
-119.257031 85.696629 11.373556 0.388634
-115.294183 85.696629 11.411368 0.282991
-111.331335 85.696629 0.000000 0.000000
-107.368487 85.696629 0.000000 0.000000
-103.405639 85.696629 0.000000 0.000000
-99.442791 85.696629 0.000000 0.000000
-95.479943 85.696629 0.000000 0.000000
-91.517095 85.696629 0.000000 0.000000
-87.554247 85.696629 11.543601 0.408224
-83.591400 85.696629 11.362050 0.353710
-79.628552 85.696629 11.467395 0.442189
-75.665704 85.696629 11.517752 0.328645
-71.702856 85.696629 11.639708 0.324307
-67.740008 85.696629 11.420467 0.216211
-63.777160 85.696629 11.537841 0.216147
-59.814312 85.696629 11.532786 0.119678
-55.851464 85.696629 11.632218 0.106817
-51.888616 85.696629 11.702749 -0.172290
-47.925768 85.696629 11.512170 0.129808
-43.962920 85.696629 11.471429 0.008953
-40.000072 85.696629 11.441993 -0.075253
-36.037224 85.696629 11.515326 -0.025305
-32.074376 85.696629 11.319838 -0.136565
-28.111528 85.696629 11.334231 -0.089223
-24.148680 85.696629 11.362216 -0.132921
-20.185832 85.696629 11.353516 -0.157022
-16.222984 85.696629 11.145307 -0.116315
-12.260136 85.696629 0.000000 0.000000
-8.297289 85.696629 0.000000 0.000000
-4.334441 85.696629 0.000000 0.000000
-0.371593 85.696629 11.134372 -0.189126
3.591255 85.696629 11.152716 -0.300480
7.554103 85.696629 10.954044 -0.249421
11.516951 85.696629 11.171581 -0.022885
15.479799 85.696629 10.991109 -0.160383
19.442647 85.696629 11.010406 -0.142182
23.405495 85.696629 10.860456 0.037266
27.368343 85.696629 10.998207 -0.081508
31.331191 85.696629 11.035598 -0.053811
35.294039 85.696629 11.053274 0.123075
39.256887 85.696629 10.806673 -0.006310
43.219735 85.696629 10.901928 -0.031859
47.182583 85.696629 11.061788 -0.081812
51.145431 85.696629 10.919718 0.082095
55.108279 85.696629 11.043110 0.140945
59.071127 85.696629 10.971832 0.053607
63.033975 85.696629 10.869474 -0.350013
66.996822 85.696629 11.061461 -0.113598
-131.145575 81.733781 14.942611 15.849833
-127.182727 81.733781 8.977094 10.848314
-123.219879 81.733781 11.156989 0.648603
-119.257031 81.733781 11.195066 0.451182
-115.294183 81.733781 10.955674 0.463799
-111.331335 81.733781 0.000000 0.000000
-107.368487 81.733781 0.000000 0.000000
-103.405639 81.733781 0.000000 0.000000
-99.442791 81.733781 0.000000 0.000000
-95.479943 81.733781 0.000000 0.000000
-91.517095 81.733781 0.000000 0.000000
-87.554247 81.733781 11.267289 0.423489
-83.591400 81.733781 11.451701 0.439976
-79.628552 81.733781 11.579878 0.413879
-75.665704 81.733781 11.752639 0.406861
-71.702856 81.733781 11.453651 0.209573
-67.740008 81.733781 11.633872 0.197969
-63.777160 81.733781 11.611346 0.091923
-59.814312 81.733781 11.653516 0.135919
-55.851464 81.733781 11.585619 0.083455
-51.888616 81.733781 11.616702 -0.066844
-47.925768 81.733781 11.609779 -0.054984
-43.962920 81.733781 11.633400 -0.215594
-40.000072 81.733781 11.356121 -0.148430
-36.037224 81.733781 11.415743 -0.152555
-32.074376 81.733781 11.269142 -0.276030
-28.111528 81.733781 11.648240 -0.284148
-24.148680 81.733781 11.356336 -0.163229
-20.185832 81.733781 11.282726 -0.105247
-16.222984 81.733781 10.980355 -0.221777
-12.260136 81.733781 0.000000 0.000000
-8.297289 81.733781 0.000000 0.000000
-4.334441 81.733781 0.000000 0.000000
-0.371593 81.733781 11.079746 -0.138792
3.591255 81.733781 10.886068 -0.205986
7.554103 81.733781 11.011529 0.131642
11.516951 81.733781 11.013423 0.003952
15.479799 81.733781 11.023908 -0.245282
19.442647 81.733781 10.988981 -0.190851
23.405495 81.733781 11.042414 -0.220739
27.368343 81.733781 10.894579 -0.021637
31.331191 81.733781 11.115649 -0.109090
35.294039 81.733781 10.975940 0.147596
39.256887 81.733781 10.887944 -0.116609
43.219735 81.733781 10.942413 -0.106766
47.182583 81.733781 11.074414 0.058506
51.145431 81.733781 10.927698 0.237869
55.108279 81.733781 10.984735 -0.217321
59.071127 81.733781 10.970417 0.110905
63.033975 81.733781 10.843861 -0.020183
66.996822 81.733781 10.820764 0.092973
-131.145575 77.770933 -5.256095 9.966014
-127.182727 77.770933 10.891465 0.610998
-123.219879 77.770933 11.025764 0.474537
-119.257031 77.770933 10.841539 0.616383
-115.294183 77.770933 11.269811 0.617958
-111.331335 77.770933 0.000000 0.000000
-107.368487 77.770933 0.000000 0.000000
-103.405639 77.770933 0.000000 0.000000
-99.442791 77.770933 0.000000 0.000000
-95.479943 77.770933 0.000000 0.000000
-91.517095 77.770933 11.483932 0.575604
-87.554247 77.770933 11.642465 0.411589
-83.591400 77.770933 11.715844 0.479745
-79.628552 77.770933 11.692040 0.159254
-75.665704 77.770933 11.448826 0.292422
-71.702856 77.770933 11.534230 0.192700
-67.740008 77.770933 11.622732 0.226841
-63.777160 77.770933 11.758932 0.117735
-59.814312 77.770933 11.596108 0.127896
-55.851464 77.770933 11.605540 -0.040575
-51.888616 77.770933 11.684962 0.103633
-47.925768 77.770933 11.560483 -0.210419
-43.962920 77.770933 11.459320 -0.224636
-40.000072 77.770933 11.508308 -0.150888
-36.037224 77.770933 11.448605 -0.168584
-32.074376 77.770933 11.442687 -0.294802
-28.111528 77.770933 11.307458 -0.312007
-24.148680 77.770933 11.499916 -0.307598
-20.185832 77.770933 11.279008 -0.037203
-16.222984 77.770933 11.215276 -0.268802
-12.260136 77.770933 0.000000 0.000000
-8.297289 77.770933 0.000000 0.000000
-4.334441 77.770933 0.000000 0.000000
-0.371593 77.770933 11.091816 -0.270845
3.591255 77.770933 11.100429 -0.320292
7.554103 77.770933 11.058603 -0.187170
11.516951 77.770933 11.083007 -0.058653
15.479799 77.770933 11.037704 -0.092387
19.442647 77.770933 10.916151 -0.177599
23.405495 77.770933 11.149674 -0.095636
27.368343 77.770933 10.925866 -0.226748
31.331191 77.770933 10.947763 -0.069124
35.294039 77.770933 10.859932 -0.035907
39.256887 77.770933 10.995352 -0.008024
43.219735 77.770933 10.910954 0.048502
47.182583 77.770933 11.074463 0.237545
51.145431 77.770933 11.100474 0.062042
55.108279 77.770933 10.949263 -0.054810
59.071127 77.770933 10.817456 -0.050632
63.033975 77.770933 11.141294 0.003200
66.996822 77.770933 10.933068 0.184489
-131.145575 73.808085 0.095938 -4.638885
-127.182727 73.808085 11.398155 1.208520
-123.219879 73.808085 11.103648 0.629898
-119.257031 73.808085 11.133714 0.665095
-115.294183 73.808085 11.616748 0.779434
-111.331335 73.808085 0.000000 0.000000
-107.368487 73.808085 0.000000 0.000000
-103.405639 73.808085 0.000000 0.000000
-99.442791 73.808085 0.000000 0.000000
-95.479943 73.808085 0.000000 0.000000
-91.517095 73.808085 11.507860 0.594084
-87.554247 73.808085 11.532286 0.440691
-83.591400 73.808085 11.656030 0.367839
-79.628552 73.808085 11.567032 0.463812
-75.665704 73.808085 11.797180 0.331844
-71.702856 73.808085 11.733150 0.030970
-67.740008 73.808085 11.714558 0.315205
-63.777160 73.808085 11.464468 0.112058
-59.814312 73.808085 11.633171 -0.135428
-55.851464 73.808085 11.501553 -0.057303
-51.888616 73.808085 11.668004 -0.079502
-47.925768 73.808085 11.579314 -0.143783
-43.962920 73.808085 11.605468 -0.207479
-40.000072 73.808085 11.681636 -0.189545
-36.037224 73.808085 11.470490 -0.128213
-32.074376 73.808085 11.336709 -0.143382
-28.111528 73.808085 11.507520 -0.372971
-24.148680 73.808085 11.379477 -0.350594
-20.185832 73.808085 11.241663 -0.309995
-16.222984 73.808085 11.261133 -0.110763
-12.260136 73.808085 0.000000 0.000000
-8.297289 73.808085 0.000000 0.000000
-4.334441 73.808085 0.000000 0.000000
-0.371593 73.808085 11.174029 -0.206799
3.591255 73.808085 11.011076 -0.226179
7.554103 73.808085 11.108315 -0.263428
11.516951 73.808085 11.032887 -0.289130
15.479799 73.808085 10.974438 -0.030964
19.442647 73.808085 11.005856 -0.111333
23.405495 73.808085 10.929566 -0.109843
27.368343 73.808085 10.965848 -0.212986
31.331191 73.808085 11.042715 0.056588
35.294039 73.808085 10.916850 0.094233
39.256887 73.808085 10.903400 -0.154173
43.219735 73.808085 10.881248 -0.221211
47.182583 73.808085 10.926840 0.107204
51.145431 73.808085 11.025388 -0.045713
55.108279 73.808085 10.929429 0.194919
59.071127 73.808085 10.919855 -0.098480
63.033975 73.808085 10.839170 0.024699
66.996822 73.808085 10.887855 -0.145450
-131.145575 69.845237 15.534267 -15.383731
-127.182727 69.845237 4.838243 -1.254394
-123.219879 69.845237 10.649526 0.563188
-119.257031 69.845237 11.251483 0.673392
-115.294183 69.845237 11.040616 0.618401
-111.331335 69.845237 0.000000 0.000000
-107.368487 69.845237 0.000000 0.000000
-103.405639 69.845237 0.000000 0.000000
-99.442791 69.845237 0.000000 0.000000
-95.479943 69.845237 0.000000 0.000000
-91.517095 69.845237 11.493386 0.619705
-87.554247 69.845237 11.860010 0.471189
-83.591400 69.845237 11.778648 0.492161
-79.628552 69.845237 11.696157 0.359845
-75.665704 69.845237 11.861774 -0.023585
-71.702856 69.845237 11.758882 0.278608
-67.740008 69.845237 11.764351 -0.065215
-63.777160 69.845237 11.827779 0.048801
-59.814312 69.845237 11.622219 -0.003976
-55.851464 69.845237 11.625412 0.020999
-51.888616 69.845237 11.700229 -0.229738
-47.925768 69.845237 11.620515 -0.157097
-43.962920 69.845237 11.492218 -0.154935
-40.000072 69.845237 11.575713 -0.302062
-36.037224 69.845237 11.325620 -0.257534
-32.074376 69.845237 11.540825 -0.291540
-28.111528 69.845237 11.350098 -0.472942
-24.148680 69.845237 11.228962 -0.278776
-20.185832 69.845237 11.319259 -0.366313
-16.222984 69.845237 11.259902 -0.373956
-12.260136 69.845237 0.000000 0.000000
-8.297289 69.845237 0.000000 0.000000
-4.334441 69.845237 0.000000 0.000000
-0.371593 69.845237 11.031006 -0.333815
3.591255 69.845237 11.020144 -0.271547
7.554103 69.845237 10.915809 -0.261340
11.516951 69.845237 10.960442 -0.281663
15.479799 69.845237 10.888978 -0.288606
19.442647 69.845237 10.883791 -0.282704
23.405495 69.845237 11.015891 0.000358
27.368343 69.845237 11.002669 -0.273583
31.331191 69.845237 10.846914 -0.315858
35.294039 69.845237 10.926657 -0.052389
39.256887 69.845237 10.823311 -0.064561
43.219735 69.845237 10.854958 -0.064773
47.182583 69.845237 10.860009 -0.193800
51.145431 69.845237 10.935249 -0.167274
55.108279 69.845237 10.965816 0.138084
59.071127 69.845237 10.915269 -0.136176
63.033975 69.845237 10.890627 0.021109
66.996822 69.845237 10.915155 -0.021279
-131.145575 65.882389 -12.852401 7.931301
-127.182727 65.882389 11.108274 -4.816349
-123.219879 65.882389 10.945259 0.468304
-119.257031 65.882389 10.890754 0.945147
-115.294183 65.882389 11.358565 0.744473
-111.331335 65.882389 0.000000 0.000000
-107.368487 65.882389 0.000000 0.000000
-103.405639 65.882389 0.000000 0.000000
-99.442791 65.882389 0.000000 0.000000
-95.479943 65.882389 0.000000 0.000000
-91.517095 65.882389 11.775573 0.551974
-87.554247 65.882389 11.641295 0.488986
-83.591400 65.882389 11.943997 0.457865
-79.628552 65.882389 11.804276 0.251536
-75.665704 65.882389 11.883612 0.311906
-71.702856 65.882389 11.870319 0.076154
-67.740008 65.882389 11.833291 0.263645
-63.777160 65.882389 11.837610 0.020545
-59.814312 65.882389 11.760359 0.019694
-55.851464 65.882389 11.603546 -0.159113
-51.888616 65.882389 11.773353 -0.190080
-47.925768 65.882389 11.652202 -0.187507
-43.962920 65.882389 11.643229 -0.349520
-40.000072 65.882389 11.416098 -0.408262
-36.037224 65.882389 11.341076 -0.248851
-32.074376 65.882389 11.431380 -0.368657
-28.111528 65.882389 11.360712 -0.362129
-24.148680 65.882389 11.188021 -0.380936
-20.185832 65.882389 11.125148 -0.412061
-16.222984 65.882389 11.180540 -0.329224
-12.260136 65.882389 0.000000 0.000000
-8.297289 65.882389 0.000000 0.000000
-4.334441 65.882389 11.120773 -0.206820
-0.371593 65.882389 11.057246 -0.226591
3.591255 65.882389 10.926476 -0.176499
7.554103 65.882389 10.914862 -0.259531
11.516951 65.882389 10.718123 -0.300174
15.479799 65.882389 10.847413 -0.095314
19.442647 65.882389 10.886635 -0.212795
23.405495 65.882389 11.056225 -0.105702
27.368343 65.882389 10.759758 -0.136618
31.331191 65.882389 10.874198 0.124007
35.294039 65.882389 10.907792 -0.021404
39.256887 65.882389 10.892161 0.123198
43.219735 65.882389 10.905744 -0.072129
47.182583 65.882389 10.971555 -0.196513
51.145431 65.882389 10.953732 -0.113301
55.108279 65.882389 10.876404 -0.235994
59.071127 65.882389 11.070090 0.144136
63.033975 65.882389 10.933208 0.246118
66.996822 65.882389 11.067141 -0.148512
-131.145575 61.919541 10.812537 -7.500479
-127.182727 61.919541 10.626055 0.165632
-123.219879 61.919541 10.971334 0.867126
-119.257031 61.919541 11.118127 0.841115
-115.294183 61.919541 11.179412 1.000468
-111.331335 61.919541 0.000000 0.000000
-107.368487 61.919541 0.000000 0.000000
-103.405639 61.919541 0.000000 0.000000
-99.442791 61.919541 0.000000 0.000000
-95.479943 61.919541 0.000000 0.000000
-91.517095 61.919541 11.736826 0.563432
-87.554247 61.919541 11.804537 0.756774
-83.591400 61.919541 11.888201 0.461490
-79.628552 61.919541 11.956885 0.387875
-75.665704 61.919541 11.996982 0.195834
-71.702856 61.919541 11.976823 0.355190
-67.740008 61.919541 11.847759 0.128745
-63.777160 61.919541 11.793478 -0.086814
-59.814312 61.919541 11.874930 -0.070578
-55.851464 61.919541 11.632071 -0.173295
-51.888616 61.919541 11.598559 -0.225022
-47.925768 61.919541 11.642299 -0.197158
-43.962920 61.919541 11.587931 -0.274482
-40.000072 61.919541 11.447775 -0.318075
-36.037224 61.919541 11.613062 -0.421770
-32.074376 61.919541 11.415471 -0.436786
-28.111528 61.919541 11.458313 -0.280375
-24.148680 61.919541 11.109898 -0.454544
-20.185832 61.919541 11.175099 -0.508218
-16.222984 61.919541 11.059927 -0.462670
-12.260136 61.919541 0.000000 0.000000
-8.297289 61.919541 0.000000 0.000000
-4.334441 61.919541 11.078632 -0.470286
-0.371593 61.919541 10.989545 -0.377171
3.591255 61.919541 10.994274 -0.309552
7.554103 61.919541 10.987783 -0.220206
11.516951 61.919541 10.904719 -0.268142
15.479799 61.919541 10.917358 -0.140510
19.442647 61.919541 10.924973 -0.166239
23.405495 61.919541 10.834326 -0.214560
27.368343 61.919541 10.836133 -0.126811
31.331191 61.919541 10.966691 -0.337553
35.294039 61.919541 10.931200 -0.272166
39.256887 61.919541 10.982944 -0.383666
43.219735 61.919541 10.768856 -0.011015
47.182583 61.919541 10.877693 0.145606
51.145431 61.919541 10.839322 -0.172104
55.108279 61.919541 11.004969 -0.029356
59.071127 61.919541 10.975689 -0.102348
63.033975 61.919541 10.768162 -0.175026
66.996822 61.919541 10.855844 -0.182209
-131.145575 57.956694 10.298493 0.644313
-127.182727 57.956694 11.141376 1.481094
-123.219879 57.956694 10.609569 0.683688
-119.257031 57.956694 11.025973 1.055019
-115.294183 57.956694 11.126213 1.070264
-111.331335 57.956694 0.000000 0.000000
-107.368487 57.956694 0.000000 0.000000
-103.405639 57.956694 0.000000 0.000000
-99.442791 57.956694 0.000000 0.000000
-95.479943 57.956694 11.825647 0.931754
-91.517095 57.956694 11.910172 0.875826
-87.554247 57.956694 12.066095 0.587138
-83.591400 57.956694 12.019826 0.504332
-79.628552 57.956694 11.973477 0.310746
-75.665704 57.956694 11.909003 -0.013969
-71.702856 57.956694 12.070296 -0.042695
-67.740008 57.956694 11.995671 -0.142339
-63.777160 57.956694 12.044826 -0.065640
-59.814312 57.956694 11.919445 -0.140409
-55.851464 57.956694 11.882813 -0.169824
-51.888616 57.956694 11.892228 -0.324912
-47.925768 57.956694 11.751832 -0.399438
-43.962920 57.956694 11.851088 -0.307032
-40.000072 57.956694 11.835070 -0.550835
-36.037224 57.956694 11.835646 -0.540980
-32.074376 57.956694 11.587475 -0.408653
-28.111528 57.956694 11.561045 -0.627298
-24.148680 57.956694 11.510150 -0.451215
-20.185832 57.956694 11.322469 -0.617596
-16.222984 57.956694 11.206484 -0.498197
-12.260136 57.956694 0.000000 0.000000
-8.297289 57.956694 0.000000 0.000000
-4.334441 57.956694 10.900429 -0.506319
-0.371593 57.956694 10.793591 -0.276402
3.591255 57.956694 11.080667 -0.412452
7.554103 57.956694 11.015763 -0.300385
11.516951 57.956694 10.942878 -0.247017
15.479799 57.956694 10.756465 0.039386
19.442647 57.956694 10.807962 -0.187376
23.405495 57.956694 10.662784 -0.125155
27.368343 57.956694 10.974455 -0.107070
31.331191 57.956694 10.902955 -0.133420
35.294039 57.956694 10.880499 -0.170073
39.256887 57.956694 11.058485 -0.129635
43.219735 57.956694 10.869045 -0.136910
47.182583 57.956694 10.872313 -0.039833
51.145431 57.956694 10.991686 -0.193654
55.108279 57.956694 10.831202 -0.122276
59.071127 57.956694 10.917937 -0.224426
63.033975 57.956694 10.951177 -0.313299
66.996822 57.956694 10.756424 -0.742336
-131.145575 53.993846 14.859359 -9.046509
-127.182727 53.993846 -12.822184 12.453090
-123.219879 53.993846 10.933830 1.256362
-119.257031 53.993846 10.883832 1.356439
-115.294183 53.993846 10.905049 1.100682
-111.331335 53.993846 0.000000 0.000000
-107.368487 53.993846 0.000000 0.000000
-103.405639 53.993846 0.000000 0.000000
-99.442791 53.993846 0.000000 0.000000
-95.479943 53.993846 11.950212 1.079515
-91.517095 53.993846 12.022605 0.859547
-87.554247 53.993846 12.046199 0.774316
-83.591400 53.993846 12.047316 0.555249
-79.628552 53.993846 12.115944 0.374344
-75.665704 53.993846 12.124887 0.348006
-71.702856 53.993846 12.194347 0.399709
-67.740008 53.993846 12.182471 0.106541
-63.777160 53.993846 12.067604 0.203528
-59.814312 53.993846 11.959500 -0.308454
-55.851464 53.993846 11.877528 -0.205328
-51.888616 53.993846 11.877557 -0.511228
-47.925768 53.993846 11.895468 -0.400331
-43.962920 53.993846 11.837976 -0.502158
-40.000072 53.993846 11.805088 -0.330080
-36.037224 53.993846 11.511839 -0.477914
-32.074376 53.993846 11.706182 -0.430761
-28.111528 53.993846 11.178328 -0.647446
-24.148680 53.993846 11.523493 -0.659352
-20.185832 53.993846 11.262269 -0.693210
-16.222984 53.993846 11.260844 -0.549648
-12.260136 53.993846 11.212842 -0.575328
-8.297289 53.993846 0.000000 0.000000
-4.334441 53.993846 10.839493 -0.617498
-0.371593 53.993846 10.805239 -0.441151
3.591255 53.993846 10.901996 -0.235008
7.554103 53.993846 10.808333 -0.265894
11.516951 53.993846 10.583789 -0.038361
15.479799 53.993846 10.847331 -0.279599
19.442647 53.993846 10.748347 -0.084067
23.405495 53.993846 10.816991 -0.023961
27.368343 53.993846 10.801969 -0.068675
31.331191 53.993846 10.786979 -0.269785
35.294039 53.993846 10.893005 -0.150421
39.256887 53.993846 10.795620 0.109664
43.219735 53.993846 10.991194 -0.181868
47.182583 53.993846 10.715701 -0.093003
51.145431 53.993846 10.862209 -0.190153
55.108279 53.993846 10.931359 -0.085644
59.071127 53.993846 10.997658 -0.086278
63.033975 53.993846 10.803388 -0.021004
66.996822 53.993846 10.718516 -0.048455
-131.145575 50.030998 10.192486 0.417525
-127.182727 50.030998 10.633141 1.393361
-123.219879 50.030998 10.488140 1.225532
-119.257031 50.030998 10.708422 0.857345
-115.294183 50.030998 10.932398 1.170728
-111.331335 50.030998 0.000000 0.000000
-107.368487 50.030998 0.000000 0.000000
-103.405639 50.030998 0.000000 0.000000
-99.442791 50.030998 0.000000 0.000000
-95.479943 50.030998 12.126574 0.979109
-91.517095 50.030998 12.114520 1.037918
-87.554247 50.030998 12.245422 0.952487
-83.591400 50.030998 12.213778 0.489108
-79.628552 50.030998 12.194272 0.527729
-75.665704 50.030998 12.284261 0.218339
-71.702856 50.030998 12.308074 0.048306
-67.740008 50.030998 12.250927 0.005542
-63.777160 50.030998 12.147663 -0.104506
-59.814312 50.030998 12.051721 -0.206601
-55.851464 50.030998 11.903226 -0.057217
-51.888616 50.030998 12.085913 -0.342237
-47.925768 50.030998 11.804744 -0.575882
-43.962920 50.030998 11.903417 -0.537337
-40.000072 50.030998 11.698867 -0.494382
-36.037224 50.030998 11.575361 -0.574428
-32.074376 50.030998 11.722297 -0.654715
-28.111528 50.030998 11.750320 -0.559519
-24.148680 50.030998 11.434295 -0.619351
-20.185832 50.030998 11.186158 -0.785819
-16.222984 50.030998 11.143227 -0.852256
-12.260136 50.030998 11.142554 -0.758858
-8.297289 50.030998 0.000000 0.000000
-4.334441 50.030998 10.641058 -0.630205
-0.371593 50.030998 10.733911 -0.489399
3.591255 50.030998 10.863525 -0.425193
7.554103 50.030998 10.765629 -0.515471
11.516951 50.030998 10.665616 -0.380755
15.479799 50.030998 10.585150 -0.083711
19.442647 50.030998 10.747911 -0.309007
23.405495 50.030998 10.658658 0.082658
27.368343 50.030998 10.863866 -0.288113
31.331191 50.030998 10.837305 -0.086845
35.294039 50.030998 10.749398 0.164042
39.256887 50.030998 10.817128 0.030203
43.219735 50.030998 10.987265 0.123624
47.182583 50.030998 10.891841 0.054142
51.145431 50.030998 10.901161 -0.147515
55.108279 50.030998 10.893497 -0.234109
59.071127 50.030998 11.047121 -0.107575
63.033975 50.030998 10.878493 -0.124778
66.996822 50.030998 10.969113 -0.205346
-131.145575 46.068150 8.140752 -9.324650
-127.182727 46.068150 -10.098087 -18.242451
-123.219879 46.068150 10.602786 0.736592
-119.257031 46.068150 10.490103 1.192987
-115.294183 46.068150 10.572330 1.087972
-111.331335 46.068150 10.401321 1.474562
-107.368487 46.068150 0.000000 0.000000
-103.405639 46.068150 0.000000 0.000000
-99.442791 46.068150 0.000000 0.000000
-95.479943 46.068150 12.469558 1.626208
-91.517095 46.068150 12.410302 0.961906
-87.554247 46.068150 12.602374 0.683463
-83.591400 46.068150 12.417685 0.600781
-79.628552 46.068150 12.331649 0.302099
-75.665704 46.068150 12.391438 0.306614
-71.702856 46.068150 12.381331 0.134738
-67.740008 46.068150 12.346188 -0.242106
-63.777160 46.068150 12.281720 -0.187472
-59.814312 46.068150 12.017201 -0.632836
-55.851464 46.068150 11.991501 -0.458707
-51.888616 46.068150 11.984200 -0.498461
-47.925768 46.068150 11.837762 -0.571559
-43.962920 46.068150 11.765912 -0.547206
-40.000072 46.068150 11.713119 -0.766820
-36.037224 46.068150 11.734191 -0.619835
-32.074376 46.068150 11.533837 -0.571334
-28.111528 46.068150 11.644485 -0.611986
-24.148680 46.068150 11.498879 -0.803065
-20.185832 46.068150 11.510620 -0.910178
-16.222984 46.068150 11.172711 -0.841940
-12.260136 46.068150 10.966860 -0.893518
-8.297289 46.068150 0.000000 0.000000
-4.334441 46.068150 10.525779 -0.688660
-0.371593 46.068150 10.759010 -0.385106
3.591255 46.068150 10.858633 -0.452338
7.554103 46.068150 10.797138 -0.003304
11.516951 46.068150 10.406602 -0.323463
15.479799 46.068150 10.524569 -0.426525
19.442647 46.068150 10.472050 0.422844
23.405495 46.068150 10.847372 -0.245444
27.368343 46.068150 10.994146 -0.175717
31.331191 46.068150 10.841192 -0.334145
35.294039 46.068150 10.651393 -0.287518
39.256887 46.068150 10.598729 -0.015787
43.219735 46.068150 10.554786 -0.557263
47.182583 46.068150 10.761968 -0.246680
51.145431 46.068150 10.894919 -0.064209
55.108279 46.068150 10.977400 -0.196265
59.071127 46.068150 10.679306 -0.028790
63.033975 46.068150 10.807984 0.260466
66.996822 46.068150 10.858903 -0.899647
-131.145575 42.105302 0.677687 0.353887
-127.182727 42.105302 -12.482976 5.174082
-123.219879 42.105302 10.726767 0.863732
-119.257031 42.105302 10.352239 0.870374
-115.294183 42.105302 9.813828 1.484034
-111.331335 42.105302 10.511642 1.957909
-107.368487 42.105302 0.000000 0.000000
-103.405639 42.105302 0.000000 0.000000
-99.442791 42.105302 12.437731 2.028699
-95.479943 42.105302 12.873847 1.564833
-91.517095 42.105302 13.015038 1.079237
-87.554247 42.105302 12.973790 0.916995
-83.591400 42.105302 12.647861 0.479618
-79.628552 42.105302 12.845543 0.364693
-75.665704 42.105302 12.715289 0.114363
-71.702856 42.105302 12.672770 -0.135871
-67.740008 42.105302 12.519626 -0.319615
-63.777160 42.105302 12.477167 -0.295561
-59.814312 42.105302 12.061056 -0.515617
-55.851464 42.105302 12.137576 -0.580602
-51.888616 42.105302 12.230884 -0.512124
-47.925768 42.105302 11.784098 -0.835381
-43.962920 42.105302 11.921828 -0.373519
-40.000072 42.105302 11.773143 -0.591161
-36.037224 42.105302 11.691453 -0.796612
-32.074376 42.105302 11.596056 -0.686191
-28.111528 42.105302 11.493686 -0.798560
-24.148680 42.105302 11.626133 -0.611668
-20.185832 42.105302 11.416164 -0.965542
-16.222984 42.105302 11.221288 -1.094731
-12.260136 42.105302 11.006824 -1.004907
-8.297289 42.105302 0.000000 0.000000
-4.334441 42.105302 10.340079 -0.935348
-0.371593 42.105302 10.359764 -0.315555
3.591255 42.105302 11.057718 -0.366384
7.554103 42.105302 11.159328 -0.720494
11.516951 42.105302 10.545969 -0.673066
15.479799 42.105302 10.288635 -0.568779
19.442647 42.105302 9.738761 0.727965
23.405495 42.105302 -6.255279 13.960717
27.368343 42.105302 11.693748 0.501424
31.331191 42.105302 11.107112 -0.824765
35.294039 42.105302 10.227533 -0.557431
39.256887 42.105302 10.964355 -0.504574
43.219735 42.105302 10.657607 -0.768575
47.182583 42.105302 10.311147 0.317471
51.145431 42.105302 10.339598 0.997964
55.108279 42.105302 10.915536 -0.311728
59.071127 42.105302 10.120492 -0.375591
63.033975 42.105302 8.396717 -0.779634
66.996822 42.105302 8.629520 -0.746216
-131.145575 38.142454 0.752143 -6.191150
-127.182727 38.142454 10.590797 1.034465
-123.219879 38.142454 10.061795 0.835072
-119.257031 38.142454 10.121109 0.868820
-115.294183 38.142454 9.437136 1.703237
-111.331335 38.142454 9.575788 2.657673
-107.368487 38.142454 0.000000 0.000000
-103.405639 38.142454 0.000000 0.000000
-99.442791 38.142454 0.000000 0.000000
-95.479943 38.142454 0.000000 0.000000
-91.517095 38.142454 0.000000 0.000000
-87.554247 38.142454 0.000000 0.000000
-83.591400 38.142454 0.000000 0.000000
-79.628552 38.142454 0.000000 0.000000
-75.665704 38.142454 0.000000 0.000000
-71.702856 38.142454 0.000000 0.000000
-67.740008 38.142454 0.000000 0.000000
-63.777160 38.142454 0.000000 0.000000
-59.814312 38.142454 0.000000 0.000000
-55.851464 38.142454 0.000000 0.000000
-51.888616 38.142454 0.000000 0.000000
-47.925768 38.142454 0.000000 0.000000
-43.962920 38.142454 0.000000 0.000000
-40.000072 38.142454 0.000000 0.000000
-36.037224 38.142454 0.000000 0.000000
-32.074376 38.142454 0.000000 0.000000
-28.111528 38.142454 0.000000 0.000000
-24.148680 38.142454 11.248800 -0.485316
-20.185832 38.142454 11.869370 -0.943514
-16.222984 38.142454 11.205919 -1.530862
-12.260136 38.142454 10.701208 -0.503845
-8.297289 38.142454 0.000000 0.000000
-4.334441 38.142454 9.441607 -1.781534
-0.371593 38.142454 9.275144 -0.548085
3.591255 38.142454 11.748575 -0.116268
7.554103 38.142454 11.278249 -1.030662
11.516951 38.142454 10.513836 -0.891321
15.479799 38.142454 9.480359 -0.743284
19.442647 38.142454 6.296000 0.469104
23.405495 38.142454 8.387238 2.117169
27.368343 38.142454 9.873751 1.099733
31.331191 38.142454 10.896264 -1.249581
35.294039 38.142454 10.610426 -1.141508
39.256887 38.142454 11.148802 -1.302050
43.219735 38.142454 9.667569 -0.644598
47.182583 38.142454 8.753642 1.769947
51.145431 38.142454 9.816072 1.694277
55.108279 38.142454 10.238541 -0.741260
59.071127 38.142454 9.659016 -1.700796
63.033975 38.142454 9.711388 0.412804
66.996822 38.142454 9.168484 -0.713415
-131.145575 34.179606 4.790169 -1.316796
-127.182727 34.179606 10.353458 0.474655
-123.219879 34.179606 9.979146 -8.972885
-119.257031 34.179606 9.859941 0.638015
-115.294183 34.179606 0.000000 0.000000
-111.331335 34.179606 0.000000 0.000000
-107.368487 34.179606 0.000000 0.000000
-103.405639 34.179606 0.000000 0.000000
-99.442791 34.179606 0.000000 0.000000
-95.479943 34.179606 0.000000 0.000000
-91.517095 34.179606 0.000000 0.000000
-87.554247 34.179606 0.000000 0.000000
-83.591400 34.179606 0.000000 0.000000
-79.628552 34.179606 0.000000 0.000000
-75.665704 34.179606 0.000000 0.000000
-71.702856 34.179606 0.000000 0.000000
-67.740008 34.179606 0.000000 0.000000
-63.777160 34.179606 0.000000 0.000000
-59.814312 34.179606 0.000000 0.000000
-55.851464 34.179606 0.000000 0.000000
-51.888616 34.179606 0.000000 0.000000
-47.925768 34.179606 0.000000 0.000000
-43.962920 34.179606 0.000000 0.000000
-40.000072 34.179606 0.000000 0.000000
-36.037224 34.179606 0.000000 0.000000
-32.074376 34.179606 0.000000 0.000000
-28.111528 34.179606 0.000000 0.000000
-24.148680 34.179606 0.000000 0.000000
-20.185832 34.179606 0.000000 0.000000
-16.222984 34.179606 0.000000 0.000000
-12.260136 34.179606 0.000000 0.000000
-8.297289 34.179606 0.000000 0.000000
-4.334441 34.179606 0.000000 0.000000
-0.371593 34.179606 5.033442 -2.897292
3.591255 34.179606 7.940136 2.863915
7.554103 34.179606 8.053518 1.862378
11.516951 34.179606 10.551783 -0.972128
15.479799 34.179606 8.345469 -1.580146
19.442647 34.179606 9.520070 -0.618325
23.405495 34.179606 8.786690 -10.200408
27.368343 34.179606 9.089394 1.343114
31.331191 34.179606 10.108959 -1.520828
35.294039 34.179606 10.403900 -1.651926
39.256887 34.179606 10.858067 -1.793038
43.219735 34.179606 10.434731 -1.981157
47.182583 34.179606 9.406759 1.789791
51.145431 34.179606 9.727700 1.753246
55.108279 34.179606 9.049427 -0.505298
59.071127 34.179606 9.526949 -1.528237
63.033975 34.179606 9.809467 -0.222406
66.996822 34.179606 10.644823 -1.688016
-131.145575 30.216758 10.416187 11.472509
-127.182727 30.216758 -10.517063 3.504117
-123.219879 30.216758 0.000000 0.000000
-119.257031 30.216758 0.000000 0.000000
-115.294183 30.216758 0.000000 0.000000
-111.331335 30.216758 0.000000 0.000000
-107.368487 30.216758 0.000000 0.000000
-103.405639 30.216758 0.000000 0.000000
-99.442791 30.216758 0.000000 0.000000
-95.479943 30.216758 0.000000 0.000000
-91.517095 30.216758 0.000000 0.000000
-87.554247 30.216758 0.000000 0.000000
-83.591400 30.216758 0.000000 0.000000
-79.628552 30.216758 0.000000 0.000000
-75.665704 30.216758 0.000000 0.000000
-71.702856 30.216758 0.000000 0.000000
-67.740008 30.216758 0.000000 0.000000
-63.777160 30.216758 0.000000 0.000000
-59.814312 30.216758 0.000000 0.000000
-55.851464 30.216758 0.000000 0.000000
-51.888616 30.216758 0.000000 0.000000
-47.925768 30.216758 0.000000 0.000000
-43.962920 30.216758 0.000000 0.000000
-40.000072 30.216758 0.000000 0.000000
-36.037224 30.216758 0.000000 0.000000
-32.074376 30.216758 0.000000 0.000000
-28.111528 30.216758 0.000000 0.000000
-24.148680 30.216758 0.000000 0.000000
-20.185832 30.216758 0.000000 0.000000
-16.222984 30.216758 0.000000 0.000000
-12.260136 30.216758 0.000000 0.000000
-8.297289 30.216758 0.000000 0.000000
-4.334441 30.216758 0.000000 0.000000
-0.371593 30.216758 0.000000 0.000000
3.591255 30.216758 0.000000 0.000000
7.554103 30.216758 8.981615 0.785296
11.516951 30.216758 9.360510 0.303795
15.479799 30.216758 10.434457 -1.563802
19.442647 30.216758 11.180586 -0.395992
23.405495 30.216758 11.876108 0.893982
27.368343 30.216758 10.067934 1.335610
31.331191 30.216758 9.968167 -0.190208
35.294039 30.216758 10.399507 -1.373261
39.256887 30.216758 10.924505 -1.399569
43.219735 30.216758 11.949811 -1.047516
47.182583 30.216758 11.899833 0.808241
51.145431 30.216758 10.442789 1.250790
55.108279 30.216758 10.165704 -0.658983
59.071127 30.216758 11.364354 -1.043689
63.033975 30.216758 11.034433 -0.528273
66.996822 30.216758 11.520941 -1.009895
-131.145575 26.253910 -0.167015 -9.433070
-127.182727 26.253910 14.763812 -6.696466
-123.219879 26.253910 0.000000 0.000000
-119.257031 26.253910 0.000000 0.000000
-115.294183 26.253910 0.000000 0.000000
-111.331335 26.253910 0.000000 0.000000
-107.368487 26.253910 0.000000 0.000000
-103.405639 26.253910 0.000000 0.000000
-99.442791 26.253910 0.000000 0.000000
-95.479943 26.253910 0.000000 0.000000
-91.517095 26.253910 0.000000 0.000000
-87.554247 26.253910 0.000000 0.000000
-83.591400 26.253910 0.000000 0.000000
-79.628552 26.253910 0.000000 0.000000
-75.665704 26.253910 0.000000 0.000000
-71.702856 26.253910 0.000000 0.000000
-67.740008 26.253910 0.000000 0.000000
-63.777160 26.253910 0.000000 0.000000
-59.814312 26.253910 0.000000 0.000000
-55.851464 26.253910 0.000000 0.000000
-51.888616 26.253910 0.000000 0.000000
-47.925768 26.253910 0.000000 0.000000
-43.962920 26.253910 0.000000 0.000000
-40.000072 26.253910 0.000000 0.000000
-36.037224 26.253910 0.000000 0.000000
-32.074376 26.253910 0.000000 0.000000
-28.111528 26.253910 0.000000 0.000000
-24.148680 26.253910 0.000000 0.000000
-20.185832 26.253910 0.000000 0.000000
-16.222984 26.253910 0.000000 0.000000
-12.260136 26.253910 0.000000 0.000000
-8.297289 26.253910 0.000000 0.000000
-4.334441 26.253910 0.000000 0.000000
-0.371593 26.253910 0.000000 0.000000
3.591255 26.253910 0.000000 0.000000
7.554103 26.253910 0.000000 0.000000
11.516951 26.253910 9.918311 0.322658
15.479799 26.253910 10.250999 -0.164352
19.442647 26.253910 11.334697 0.146473
23.405495 26.253910 10.608660 0.806414
27.368343 26.253910 10.557181 0.624202
31.331191 26.253910 10.278725 0.398667
35.294039 26.253910 9.987167 -0.504257
39.256887 26.253910 10.682445 -1.029723
43.219735 26.253910 10.910899 -1.112766
47.182583 26.253910 11.205826 -0.222334
51.145431 26.253910 10.015514 0.449791
55.108279 26.253910 10.388648 0.173494
59.071127 26.253910 10.500329 0.404948
63.033975 26.253910 10.912853 -0.432126
66.996822 26.253910 11.252625 0.209361
-131.145575 22.291062 -7.543060 0.351303
-127.182727 22.291062 10.115647 -9.487076
-123.219879 22.291062 0.000000 0.000000
-119.257031 22.291062 0.000000 0.000000
-115.294183 22.291062 0.000000 0.000000
-111.331335 22.291062 0.000000 0.000000
-107.368487 22.291062 0.000000 0.000000
-103.405639 22.291062 0.000000 0.000000
-99.442791 22.291062 0.000000 0.000000
-95.479943 22.291062 0.000000 0.000000
-91.517095 22.291062 0.000000 0.000000
-87.554247 22.291062 0.000000 0.000000
-83.591400 22.291062 0.000000 0.000000
-79.628552 22.291062 0.000000 0.000000
-75.665704 22.291062 0.000000 0.000000
-71.702856 22.291062 0.000000 0.000000
-67.740008 22.291062 0.000000 0.000000
-63.777160 22.291062 0.000000 0.000000
-59.814312 22.291062 0.000000 0.000000
-55.851464 22.291062 0.000000 0.000000
-51.888616 22.291062 0.000000 0.000000
-47.925768 22.291062 0.000000 0.000000
-43.962920 22.291062 0.000000 0.000000
-40.000072 22.291062 0.000000 0.000000
-36.037224 22.291062 0.000000 0.000000
-32.074376 22.291062 0.000000 0.000000
-28.111528 22.291062 0.000000 0.000000
-24.148680 22.291062 0.000000 0.000000
-20.185832 22.291062 0.000000 0.000000
-16.222984 22.291062 0.000000 0.000000
-12.260136 22.291062 0.000000 0.000000
-8.297289 22.291062 0.000000 0.000000
-4.334441 22.291062 10.718043 0.750613
-0.371593 22.291062 10.854649 0.776359
3.591255 22.291062 10.765060 0.498892
7.554103 22.291062 10.428834 0.631815
11.516951 22.291062 10.678304 0.227018
15.479799 22.291062 10.611077 0.226873
19.442647 22.291062 11.024532 0.220841
23.405495 22.291062 10.779235 0.118748
27.368343 22.291062 10.678075 0.635911
31.331191 22.291062 10.497466 0.253971
35.294039 22.291062 10.425064 0.406227
39.256887 22.291062 10.859103 -0.118516
43.219735 22.291062 11.001177 0.035774
47.182583 22.291062 11.096854 0.334103
51.145431 22.291062 11.045663 0.088846
55.108279 22.291062 10.571677 0.097393
59.071127 22.291062 10.405983 0.289102
63.033975 22.291062 10.616659 -0.389051
66.996822 22.291062 11.042520 -0.055749
-131.145575 18.328214 2.230822 -13.536077
-127.182727 18.328214 -2.281646 -16.609997
-123.219879 18.328214 10.724392 -4.126497
-119.257031 18.328214 13.215672 -5.778883
-115.294183 18.328214 1.060519 -11.750757
-111.331335 18.328214 10.762660 -0.867135
-107.368487 18.328214 0.000000 0.000000
-103.405639 18.328214 0.000000 0.000000
-99.442791 18.328214 0.000000 0.000000
-95.479943 18.328214 0.000000 0.000000
-91.517095 18.328214 0.000000 0.000000
-87.554247 18.328214 0.000000 0.000000
-83.591400 18.328214 0.000000 0.000000
-79.628552 18.328214 0.000000 0.000000
-75.665704 18.328214 0.000000 0.000000
-71.702856 18.328214 0.000000 0.000000
-67.740008 18.328214 0.000000 0.000000
-63.777160 18.328214 0.000000 0.000000
-59.814312 18.328214 0.000000 0.000000
-55.851464 18.328214 0.000000 0.000000
-51.888616 18.328214 11.965699 0.546071
-47.925768 18.328214 11.043156 0.239964
-43.962920 18.328214 11.582414 0.745034
-40.000072 18.328214 11.803486 0.629127
-36.037224 18.328214 11.290039 0.667670
-32.074376 18.328214 11.432947 0.668867
-28.111528 18.328214 11.276800 0.843964
-24.148680 18.328214 11.171260 0.655465
-20.185832 18.328214 11.200330 0.875978
-16.222984 18.328214 11.138131 0.772249
-12.260136 18.328214 10.965913 0.558637
-8.297289 18.328214 11.040285 0.813220
-4.334441 18.328214 10.875233 0.746086
-0.371593 18.328214 10.946094 0.297631
3.591255 18.328214 10.489184 0.894041
7.554103 18.328214 10.613205 0.638145
11.516951 18.328214 10.529978 0.253303
15.479799 18.328214 10.649463 0.240065
19.442647 18.328214 11.038858 0.126080
23.405495 18.328214 10.449579 0.115265
27.368343 18.328214 10.852545 0.765327
31.331191 18.328214 10.525600 -0.002536
35.294039 18.328214 10.525627 0.328007
39.256887 18.328214 10.609976 -0.171087
43.219735 18.328214 10.678241 -0.206286
47.182583 18.328214 11.372561 -0.004659
51.145431 18.328214 10.926238 -0.383280
55.108279 18.328214 10.573197 0.378770
59.071127 18.328214 10.494094 -0.024793
63.033975 18.328214 10.523595 0.533693
66.996822 18.328214 10.518408 0.476398
-131.145575 14.365366 10.600062 -10.997861
-127.182727 14.365366 -4.419301 3.543100
-123.219879 14.365366 0.592825 -8.933064
-119.257031 14.365366 -10.097232 4.226620
-115.294183 14.365366 10.453894 -0.640247
-111.331335 14.365366 10.970866 -0.500853
-107.368487 14.365366 10.741310 -0.695359
-103.405639 14.365366 10.828970 -0.971089
-99.442791 14.365366 11.686095 -0.874356
-95.479943 14.365366 11.574650 -0.655819
-91.517095 14.365366 12.025799 -0.746131
-87.554247 14.365366 11.952781 -0.439903
-83.591400 14.365366 11.764312 0.001327
-79.628552 14.365366 12.027180 -0.252120
-75.665704 14.365366 11.879196 -0.183922
-71.702856 14.365366 11.959529 -0.024493
-67.740008 14.365366 11.782013 0.190825
-63.777160 14.365366 12.070152 0.487284
-59.814312 14.365366 11.880119 0.322192
-55.851464 14.365366 11.898656 0.234771
-51.888616 14.365366 12.069677 0.198252
-47.925768 14.365366 11.804211 0.508759
-43.962920 14.365366 11.534618 0.511764
-40.000072 14.365366 11.640356 0.673378
-36.037224 14.365366 11.625000 0.551814
-32.074376 14.365366 11.336726 0.736419
-28.111528 14.365366 11.338758 0.866304
-24.148680 14.365366 11.490646 0.577520
-20.185832 14.365366 11.137257 0.703414
-16.222984 14.365366 10.818480 0.701875
-12.260136 14.365366 11.121427 0.579618
-8.297289 14.365366 11.157876 0.600950
-4.334441 14.365366 10.873415 0.529773
-0.371593 14.365366 10.525924 0.711396
3.591255 14.365366 10.615218 1.027073
7.554103 14.365366 10.948453 0.543991
11.516951 14.365366 10.691793 0.591783
15.479799 14.365366 10.970524 0.203854
19.442647 14.365366 10.771775 0.011748
23.405495 14.365366 10.615439 0.383828
27.368343 14.365366 10.636076 0.392640
31.331191 14.365366 10.762021 -0.193912
35.294039 14.365366 10.761507 0.057350
39.256887 14.365366 11.493399 0.190198
43.219735 14.365366 10.715157 0.046215
47.182583 14.365366 10.859621 0.294551
51.145431 14.365366 10.847825 0.153370
55.108279 14.365366 10.736441 0.597594
59.071127 14.365366 10.865992 -0.267510
63.033975 14.365366 10.543832 0.297266
66.996822 14.365366 11.120773 -0.120289
-131.145575 10.402518 2.366157 10.386129
-127.182727 10.402518 -4.770580 -11.522297
-123.219879 10.402518 -12.978499 -13.591011
-119.257031 10.402518 9.431964 -0.515076
-115.294183 10.402518 11.519467 -1.054915
-111.331335 10.402518 10.902453 -1.070456
-107.368487 10.402518 10.937342 0.115112
-103.405639 10.402518 11.129522 -0.379220
-99.442791 10.402518 11.435391 -0.554648
-95.479943 10.402518 11.409454 -0.756964
-91.517095 10.402518 11.673470 -0.712597
-87.554247 10.402518 11.879714 -0.386405
-83.591400 10.402518 12.051829 -0.089503
-79.628552 10.402518 11.955755 0.057933
-75.665704 10.402518 11.902187 -0.309315
-71.702856 10.402518 12.078417 0.285566
-67.740008 10.402518 12.030330 -0.177533
-63.777160 10.402518 11.934649 0.310446
-59.814312 10.402518 11.654709 0.232242
-55.851464 10.402518 11.841784 0.334327
-51.888616 10.402518 11.827309 0.412178
-47.925768 10.402518 11.824465 0.375307
-43.962920 10.402518 11.572295 0.570773
-40.000072 10.402518 11.336569 0.658608
-36.037224 10.402518 11.287868 0.799825
-32.074376 10.402518 11.220258 0.477366
-28.111528 10.402518 10.988499 0.474700
-24.148680 10.402518 11.107273 0.740661
-20.185832 10.402518 11.097505 0.476659
-16.222984 10.402518 11.107013 0.750628
-12.260136 10.402518 11.009220 0.697977
-8.297289 10.402518 10.885890 0.641816
-4.334441 10.402518 10.626636 0.874747
-0.371593 10.402518 10.841298 0.170555
3.591255 10.402518 10.690304 0.404456
7.554103 10.402518 10.677354 0.708404
11.516951 10.402518 10.405800 0.594611
15.479799 10.402518 10.919424 0.209053
19.442647 10.402518 10.814849 0.342019
23.405495 10.402518 10.659244 0.272403
27.368343 10.402518 10.918359 0.319506
31.331191 10.402518 10.845557 -0.386662
35.294039 10.402518 11.263963 0.256948
39.256887 10.402518 10.577966 0.044247
43.219735 10.402518 10.848888 0.016811
47.182583 10.402518 10.495516 0.205078
51.145431 10.402518 10.627209 0.278395
55.108279 10.402518 11.084061 0.204896
59.071127 10.402518 10.717385 0.443791
63.033975 10.402518 10.734272 -0.132268
66.996822 10.402518 11.159841 -0.222458
-131.145575 6.439670 0.140541 0.446393
-127.182727 6.439670 2.730243 -10.494850
-123.219879 6.439670 3.074509 -10.386298
-119.257031 6.439670 15.895734 12.784436
-115.294183 6.439670 -15.453252 -6.259929
-111.331335 6.439670 10.701027 -1.072188
-107.368487 6.439670 11.635297 -0.438634
-103.405639 6.439670 11.315672 -0.689749
-99.442791 6.439670 11.088719 -0.934862
-95.479943 6.439670 11.799891 -0.788651
-91.517095 6.439670 11.214469 -0.648886
-87.554247 6.439670 11.752853 -0.274497
-83.591400 6.439670 11.833770 -0.189488
-79.628552 6.439670 11.841999 -0.072960
-75.665704 6.439670 11.814720 -0.159036
-71.702856 6.439670 12.057621 -0.193664
-67.740008 6.439670 11.925673 0.399094
-63.777160 6.439670 11.753507 0.308773
-59.814312 6.439670 11.801499 0.157484
-55.851464 6.439670 11.740870 0.261621
-51.888616 6.439670 11.772302 0.504292
-47.925768 6.439670 11.559265 0.248503
-43.962920 6.439670 11.574291 0.381730
-40.000072 6.439670 11.459554 0.536484
-36.037224 6.439670 11.482502 0.529736
-32.074376 6.439670 11.690621 0.566170
-28.111528 6.439670 11.266017 0.678110
-24.148680 6.439670 11.332840 0.592085
-20.185832 6.439670 10.935841 0.494145
-16.222984 6.439670 11.080597 0.720047
-12.260136 6.439670 11.005966 0.597897
-8.297289 6.439670 11.043236 0.532846
-4.334441 6.439670 10.971174 0.340618
-0.371593 6.439670 11.008193 0.198697
3.591255 6.439670 10.847905 0.314763
7.554103 6.439670 10.483308 0.444153
11.516951 6.439670 11.049719 0.241207
15.479799 6.439670 10.645739 0.570812
19.442647 6.439670 10.748735 0.363422
23.405495 6.439670 10.738907 0.401632
27.368343 6.439670 10.922039 -0.252262
31.331191 6.439670 10.610909 0.333130
35.294039 6.439670 11.218258 0.157350
39.256887 6.439670 10.270023 0.656012
43.219735 6.439670 11.462538 0.032321
47.182583 6.439670 10.910636 0.375273
51.145431 6.439670 11.024409 0.051858
55.108279 6.439670 10.965635 0.127702
59.071127 6.439670 10.693802 -0.077131
63.033975 6.439670 10.595943 0.573399
66.996822 6.439670 11.019991 -0.268931
-131.145575 2.476822 17.702856 13.858723
-127.182727 2.476822 9.952749 0.416180
-123.219879 2.476822 8.141456 0.480966
-119.257031 2.476822 15.508663 -0.838827
-115.294183 2.476822 10.157923 -2.594467
-111.331335 2.476822 10.869580 -1.240067
-107.368487 2.476822 11.775218 -0.408821
-103.405639 2.476822 10.917199 -0.742255
-99.442791 2.476822 11.643684 -0.411683
-95.479943 2.476822 11.592242 -0.760591
-91.517095 2.476822 11.731304 -0.613557
-87.554247 2.476822 11.440036 -0.371038
-83.591400 2.476822 11.554715 -0.559817
-79.628552 2.476822 11.786452 -0.188746
-75.665704 2.476822 11.401144 0.048634
-71.702856 2.476822 11.648900 -0.175111
-67.740008 2.476822 11.787011 0.004886
-63.777160 2.476822 11.801372 0.510760
-59.814312 2.476822 11.788149 0.117722
-55.851464 2.476822 11.785052 0.219478
-51.888616 2.476822 11.533466 0.385212
-47.925768 2.476822 11.597273 0.235380
-43.962920 2.476822 11.257586 0.286588
-40.000072 2.476822 11.282802 0.425180
-36.037224 2.476822 11.210049 0.423774
-32.074376 2.476822 11.566709 0.291776
-28.111528 2.476822 11.266188 0.432992
-24.148680 2.476822 11.357092 0.271329
-20.185832 2.476822 10.964324 0.603769
-16.222984 2.476822 11.102747 0.360063
-12.260136 2.476822 11.271442 0.325033
-8.297289 2.476822 11.103743 0.383975
-4.334441 2.476822 10.657036 0.339957
-0.371593 2.476822 10.981791 0.629015
3.591255 2.476822 10.782500 0.648130
7.554103 2.476822 11.041213 0.597106
11.516951 2.476822 11.002498 0.547760
15.479799 2.476822 10.960155 0.273733
19.442647 2.476822 10.944004 0.100596
23.405495 2.476822 10.742601 0.100020
27.368343 2.476822 10.762667 -0.088363
31.331191 2.476822 10.791640 0.392951
35.294039 2.476822 10.930673 0.350925
39.256887 2.476822 10.770582 0.104466
43.219735 2.476822 11.080083 0.324139
47.182583 2.476822 10.812233 -0.205680
51.145431 2.476822 10.973406 0.464406
55.108279 2.476822 10.741748 0.058611
59.071127 2.476822 10.901890 -0.056618
63.033975 2.476822 10.896725 0.453197
66.996822 2.476822 11.120568 -0.078350
-131.145575 -1.486026 -7.317764 -10.396433
-127.182727 -1.486026 6.186561 -4.006762
-123.219879 -1.486026 11.705451 -0.982584
-119.257031 -1.486026 12.374322 -0.063399
-115.294183 -1.486026 10.881111 -1.050960
-111.331335 -1.486026 11.547279 -16.232485
-107.368487 -1.486026 11.445955 0.131839
-103.405639 -1.486026 10.972755 -0.690101
-99.442791 -1.486026 11.514640 -0.563302
-95.479943 -1.486026 11.866894 -0.222879
-91.517095 -1.486026 11.109329 -0.265606
-87.554247 -1.486026 10.817948 0.200701
-83.591400 -1.486026 11.449718 -0.651496
-79.628552 -1.486026 11.615203 -0.255972
-75.665704 -1.486026 11.299683 0.427779
-71.702856 -1.486026 11.580010 0.148447
-67.740008 -1.486026 11.737228 0.191697
-63.777160 -1.486026 11.238997 0.040099
-59.814312 -1.486026 11.731832 0.337252
-55.851464 -1.486026 11.922947 0.126060
-51.888616 -1.486026 11.325549 0.386641
-47.925768 -1.486026 11.428800 0.621489
-43.962920 -1.486026 10.851191 0.451906
-40.000072 -1.486026 11.463015 0.411182
-36.037224 -1.486026 11.408804 0.782219
-32.074376 -1.486026 10.803918 0.213542
-28.111528 -1.486026 11.521001 0.247567
-24.148680 -1.486026 11.255479 0.501852
-20.185832 -1.486026 11.651007 0.490643
-16.222984 -1.486026 11.130016 0.564717
-12.260136 -1.486026 11.080071 0.577473
-8.297289 -1.486026 11.212435 0.570424
-4.334441 -1.486026 11.345155 0.548250
-0.371593 -1.486026 10.843646 0.437018
3.591255 -1.486026 11.034940 0.355544
7.554103 -1.486026 10.043437 0.446345
11.516951 -1.486026 10.735342 0.395090
15.479799 -1.486026 10.746506 0.470762
19.442647 -1.486026 10.805210 -0.094707
23.405495 -1.486026 10.765019 0.497690
27.368343 -1.486026 10.675527 0.336835
31.331191 -1.486026 10.334902 0.226413
35.294039 -1.486026 11.114701 0.066426
39.256887 -1.486026 11.052585 -0.269990
43.219735 -1.486026 10.897722 -0.155897
47.182583 -1.486026 11.188057 0.146964
51.145431 -1.486026 11.107717 0.222016
55.108279 -1.486026 10.753819 0.140576
59.071127 -1.486026 10.813017 0.355156
63.033975 -1.486026 10.547206 0.310938
66.996822 -1.486026 10.815042 0.468084
-131.145575 -5.448874 -15.643279 6.136560
-127.182727 -5.448874 -13.560996 7.879358
-123.219879 -5.448874 -10.160760 11.697267
-119.257031 -5.448874 17.335348 8.247669
-115.294183 -5.448874 10.300342 -3.562511
-111.331335 -5.448874 10.686221 -0.473607
-107.368487 -5.448874 11.463731 -0.362468
-103.405639 -5.448874 11.100240 -0.021728
-99.442791 -5.448874 10.616162 -0.101688
-95.479943 -5.448874 11.774435 -0.538010
-91.517095 -5.448874 11.269461 -0.121803
-87.554247 -5.448874 10.764330 -0.265931
-83.591400 -5.448874 10.972907 0.038784
-79.628552 -5.448874 11.773621 -0.306985
-75.665704 -5.448874 11.221294 0.810820
-71.702856 -5.448874 11.424471 -0.245782
-67.740008 -5.448874 11.714717 -0.125257
-63.777160 -5.448874 11.570567 0.028584
-59.814312 -5.448874 11.706319 0.222677
-55.851464 -5.448874 11.776190 0.314973
-51.888616 -5.448874 11.584375 0.418772
-47.925768 -5.448874 11.468631 0.205965
-43.962920 -5.448874 11.137471 0.402391
-40.000072 -5.448874 11.231509 0.406348
-36.037224 -5.448874 11.553980 0.484074
-32.074376 -5.448874 11.103190 0.596743
-28.111528 -5.448874 11.542780 0.158388
-24.148680 -5.448874 11.122533 0.283437
-20.185832 -5.448874 11.272688 0.703202
-16.222984 -5.448874 11.231244 0.283033
-12.260136 -5.448874 11.098598 0.385176
-8.297289 -5.448874 10.947492 0.380201
-4.334441 -5.448874 11.105215 0.452794
-0.371593 -5.448874 11.445056 0.330951
3.591255 -5.448874 11.113022 0.627977
7.554103 -5.448874 10.585124 1.187119
11.516951 -5.448874 10.912870 0.360443
15.479799 -5.448874 11.116175 0.213952
19.442647 -5.448874 10.812692 0.359395
23.405495 -5.448874 9.911669 0.281661
27.368343 -5.448874 10.860636 0.156169
31.331191 -5.448874 11.519757 -0.100471
35.294039 -5.448874 10.841855 -0.052496
39.256887 -5.448874 10.593425 0.517994
43.219735 -5.448874 10.774747 0.508703
47.182583 -5.448874 10.515246 0.513118
51.145431 -5.448874 11.045450 -0.043183
55.108279 -5.448874 11.179402 -0.452006
59.071127 -5.448874 10.792005 -0.477832
63.033975 -5.448874 10.276514 1.005058
66.996822 -5.448874 10.978253 0.037312
-131.145575 -9.411722 2.646044 -12.379476
-127.182727 -9.411722 10.208492 -9.275606
-123.219879 -9.411722 0.339108 -16.734613
-119.257031 -9.411722 10.570363 -0.417957
-115.294183 -9.411722 10.987984 -0.537130
-111.331335 -9.411722 11.272980 -0.561534
-107.368487 -9.411722 11.928008 0.512654
-103.405639 -9.411722 9.808255 0.083931
-99.442791 -9.411722 10.852079 0.130575
-95.479943 -9.411722 10.752852 -0.533796
-91.517095 -9.411722 10.940017 0.398310
-87.554247 -9.411722 11.515765 -0.150693
-83.591400 -9.411722 11.196715 -0.216890
-79.628552 -9.411722 11.780492 0.322079
-75.665704 -9.411722 11.328131 0.264179
-71.702856 -9.411722 11.344033 -0.003713
-67.740008 -9.411722 11.447642 0.016616
-63.777160 -9.411722 11.838925 0.400322
-59.814312 -9.411722 11.337039 0.355949
-55.851464 -9.411722 11.222049 0.041939
-51.888616 -9.411722 11.138944 0.233895
-47.925768 -9.411722 11.836711 0.569717
-43.962920 -9.411722 11.363322 0.632504
-40.000072 -9.411722 11.097047 0.098520
-36.037224 -9.411722 11.057331 0.103708
-32.074376 -9.411722 11.110327 0.451901
-28.111528 -9.411722 11.287369 0.408954
-24.148680 -9.411722 11.350348 0.322570
-20.185832 -9.411722 11.281524 0.331056
-16.222984 -9.411722 10.954871 0.344128
-12.260136 -9.411722 11.149356 0.396681
-8.297289 -9.411722 10.963194 0.568019
-4.334441 -9.411722 10.711232 0.333694
-0.371593 -9.411722 10.712744 0.574223
3.591255 -9.411722 10.850359 0.420400
7.554103 -9.411722 10.964228 0.121902
11.516951 -9.411722 10.988957 0.414449
15.479799 -9.411722 11.231861 0.288342
19.442647 -9.411722 11.203358 0.250436
23.405495 -9.411722 11.202406 0.132360
27.368343 -9.411722 10.947315 0.275657
31.331191 -9.411722 10.742724 -0.103527
35.294039 -9.411722 11.024255 0.446375
39.256887 -9.411722 10.331299 0.030939
43.219735 -9.411722 10.782197 0.564572
47.182583 -9.411722 10.853762 -0.046477
51.145431 -9.411722 10.821712 -0.056433
55.108279 -9.411722 10.965320 -0.249277
59.071127 -9.411722 11.020025 0.213081
63.033975 -9.411722 10.908590 0.962556
66.996822 -9.411722 10.918038 -0.534209
-131.145575 -13.374570 12.529942 1.549261
-127.182727 -13.374570 2.952474 13.941914
-123.219879 -13.374570 -8.352530 2.152165
-119.257031 -13.374570 12.291554 0.853173
-115.294183 -13.374570 4.825105 2.347171
-111.331335 -13.374570 10.043871 0.783205
-107.368487 -13.374570 10.927684 -0.360225
-103.405639 -13.374570 10.057332 0.182715
-99.442791 -13.374570 11.058037 -0.180523
-95.479943 -13.374570 10.709613 -0.413018
-91.517095 -13.374570 11.173565 0.135253
-87.554247 -13.374570 11.308663 0.109813
-83.591400 -13.374570 11.390689 0.011417
-79.628552 -13.374570 11.492037 -0.064347
-75.665704 -13.374570 11.657760 0.319341
-71.702856 -13.374570 11.192095 0.145741
-67.740008 -13.374570 11.109242 0.138080
-63.777160 -13.374570 10.962681 0.160943
-59.814312 -13.374570 11.193697 -0.210297
-55.851464 -13.374570 11.604424 0.072982
-51.888616 -13.374570 11.458944 0.304486
-47.925768 -13.374570 11.543055 0.111118
-43.962920 -13.374570 10.912507 0.039853
-40.000072 -13.374570 11.617581 0.398226
-36.037224 -13.374570 10.966590 0.189100
-32.074376 -13.374570 10.768321 0.220643
-28.111528 -13.374570 11.309967 0.288862
-24.148680 -13.374570 10.945284 0.485544
-20.185832 -13.374570 11.152668 0.326569
-16.222984 -13.374570 11.263936 0.275474
-12.260136 -13.374570 10.963206 0.319125
-8.297289 -13.374570 10.987253 0.373077
-4.334441 -13.374570 10.799394 0.392864
-0.371593 -13.374570 10.939672 0.658855
3.591255 -13.374570 11.268195 0.072915
7.554103 -13.374570 10.817883 0.346238
11.516951 -13.374570 10.920393 -0.014608
15.479799 -13.374570 10.578558 0.076219
19.442647 -13.374570 10.751223 0.455147
23.405495 -13.374570 11.122460 0.387292
27.368343 -13.374570 11.004163 -0.043437
31.331191 -13.374570 18.407459 -1.589293
35.294039 -13.374570 10.949887 -0.238738
39.256887 -13.374570 10.649385 0.097359
43.219735 -13.374570 10.805142 0.116175
47.182583 -13.374570 11.091751 0.228120
51.145431 -13.374570 11.546822 0.341561
55.108279 -13.374570 11.050459 -0.454070
59.071127 -13.374570 10.998680 0.369901
63.033975 -13.374570 10.669902 0.846274
66.996822 -13.374570 10.845991 -0.342492
-131.145575 -17.337417 -16.381058 15.910771
-127.182727 -17.337417 -15.411521 13.911862
-123.219879 -17.337417 8.075348 -6.628539
-119.257031 -17.337417 9.794741 3.605323
-115.294183 -17.337417 10.040713 -1.153516
-111.331335 -17.337417 11.656008 0.235037
-107.368487 -17.337417 12.823227 0.821871
-103.405639 -17.337417 11.999397 0.191347
-99.442791 -17.337417 11.721776 0.236546
-95.479943 -17.337417 11.491680 -0.105748
-91.517095 -17.337417 11.166830 0.276956
-87.554247 -17.337417 12.347366 -1.966043
-83.591400 -17.337417 11.411236 0.208614
-79.628552 -17.337417 11.499648 -0.036338
-75.665704 -17.337417 10.947626 -0.250742
-71.702856 -17.337417 -10.467313 -7.410932
-67.740008 -17.337417 10.964351 0.265770
-63.777160 -17.337417 11.159711 0.264212
-59.814312 -17.337417 11.380730 0.161890
-55.851464 -17.337417 11.275472 -0.035561
-51.888616 -17.337417 11.588355 0.334732
-47.925768 -17.337417 11.123051 0.419926
-43.962920 -17.337417 11.655078 0.207790
-40.000072 -17.337417 11.363945 0.252524
-36.037224 -17.337417 10.902533 0.593123
-32.074376 -17.337417 11.204035 0.377622
-28.111528 -17.337417 11.446970 0.422431
-24.148680 -17.337417 10.975638 0.662310
-20.185832 -17.337417 11.067490 0.383898
-16.222984 -17.337417 11.765958 0.165731
-12.260136 -17.337417 10.910525 0.155717
-8.297289 -17.337417 11.403767 0.503377
-4.334441 -17.337417 10.757603 0.591109
-0.371593 -17.337417 10.953037 0.301210
3.591255 -17.337417 10.995930 0.299851
7.554103 -17.337417 11.015079 0.094659
11.516951 -17.337417 10.932114 0.206536
15.479799 -17.337417 11.014477 0.109666
19.442647 -17.337417 10.917927 0.282264
23.405495 -17.337417 10.987882 0.636773
27.368343 -17.337417 10.827722 0.403216
31.331191 -17.337417 10.606269 0.878267
35.294039 -17.337417 10.704336 0.499458
39.256887 -17.337417 10.977957 0.183200
43.219735 -17.337417 10.869650 0.388960
47.182583 -17.337417 10.367969 0.230853
51.145431 -17.337417 10.783587 0.560807
55.108279 -17.337417 10.979991 0.269397
59.071127 -17.337417 10.637373 0.521843
63.033975 -17.337417 11.114100 0.328558
66.996822 -17.337417 10.495713 1.287115
-131.145575 -21.300265 3.883967 -1.921646
-127.182727 -21.300265 6.663135 -5.116149
-123.219879 -21.300265 7.020528 -9.090789
-119.257031 -21.300265 -15.970714 -16.084076
-115.294183 -21.300265 -9.689637 2.049186
-111.331335 -21.300265 11.558495 -0.264514
-107.368487 -21.300265 10.608990 -0.373296
-103.405639 -21.300265 10.569209 -0.293640
-99.442791 -21.300265 -1.940705 -8.291334
-95.479943 -21.300265 11.149291 -0.110796
-91.517095 -21.300265 11.711967 -0.062308
-87.554247 -21.300265 10.650400 -0.173364
-83.591400 -21.300265 11.242724 -0.376006
-79.628552 -21.300265 11.100541 0.935630
-75.665704 -21.300265 11.245371 -0.177586
-71.702856 -21.300265 11.134312 0.310274
-67.740008 -21.300265 10.657145 0.760384
-63.777160 -21.300265 11.525004 -0.097735
-59.814312 -21.300265 11.532823 0.277791
-55.851464 -21.300265 11.658418 0.047643
-51.888616 -21.300265 10.708983 0.398691
-47.925768 -21.300265 10.672875 -0.054421
-43.962920 -21.300265 11.603889 0.145787
-40.000072 -21.300265 11.104841 0.151651
-36.037224 -21.300265 11.243088 -0.114968
-32.074376 -21.300265 10.676517 0.416018
-28.111528 -21.300265 11.110978 0.422792
-24.148680 -21.300265 11.510477 0.390966
-20.185832 -21.300265 11.018376 0.176892
-16.222984 -21.300265 11.482311 0.371664
-12.260136 -21.300265 11.122993 0.488839
-8.297289 -21.300265 11.034754 0.414930
-4.334441 -21.300265 10.745349 0.122983
-0.371593 -21.300265 10.865439 0.151187
3.591255 -21.300265 10.888123 -0.104283
7.554103 -21.300265 10.905657 0.132703
11.516951 -21.300265 10.823981 0.457956
15.479799 -21.300265 10.986750 -0.279884
19.442647 -21.300265 10.795314 0.410793
23.405495 -21.300265 10.960448 -0.069610
27.368343 -21.300265 10.673497 0.477893
31.331191 -21.300265 10.288163 0.463618
35.294039 -21.300265 11.165069 0.425071
39.256887 -21.300265 11.120846 0.241675
43.219735 -21.300265 10.956419 -0.158012
47.182583 -21.300265 10.742688 0.817292
51.145431 -21.300265 10.508343 1.027511
55.108279 -21.300265 10.993269 -0.143226
59.071127 -21.300265 10.646438 0.791481
63.033975 -21.300265 11.445004 -0.076139
66.996822 -21.300265 10.309911 0.626095
-131.145575 -25.263113 2.648560 0.454619
-127.182727 -25.263113 -9.070362 5.321276
-123.219879 -25.263113 10.433707 7.642479
-119.257031 -25.263113 17.946571 -14.896715
-115.294183 -25.263113 -10.824178 -0.376195
-111.331335 -25.263113 10.749169 -1.738202
-107.368487 -25.263113 11.355924 -0.540940
-103.405639 -25.263113 11.934335 0.391941
-99.442791 -25.263113 11.130054 -0.252274
-95.479943 -25.263113 10.908397 -0.302944
-91.517095 -25.263113 10.144419 -0.029231
-87.554247 -25.263113 10.592566 0.363799
-83.591400 -25.263113 11.133328 -0.206295
-79.628552 -25.263113 11.470914 0.202087
-75.665704 -25.263113 11.776011 0.030355
-71.702856 -25.263113 11.487901 -0.027691
-67.740008 -25.263113 11.314857 0.023978
-63.777160 -25.263113 11.072809 0.140060
-59.814312 -25.263113 10.786306 -0.139147
-55.851464 -25.263113 10.890968 0.650932
-51.888616 -25.263113 11.278025 -0.335546
-47.925768 -25.263113 11.118192 0.015626
-43.962920 -25.263113 11.398980 0.346190
-40.000072 -25.263113 10.910355 0.349613
-36.037224 -25.263113 10.092227 0.079584
-32.074376 -25.263113 10.891432 -0.066734
-28.111528 -25.263113 11.278523 0.025791
-24.148680 -25.263113 11.538362 0.167767
-20.185832 -25.263113 10.546589 0.657636
-16.222984 -25.263113 10.764521 0.111578
-12.260136 -25.263113 10.984057 0.123064
-8.297289 -25.263113 10.964084 -0.385348
-4.334441 -25.263113 10.620053 0.325661
-0.371593 -25.263113 10.946747 -0.043442
3.591255 -25.263113 10.933461 0.424846
7.554103 -25.263113 11.140995 0.425975
11.516951 -25.263113 11.142075 -0.098499
15.479799 -25.263113 10.564229 0.730916
19.442647 -25.263113 10.689846 0.434893
23.405495 -25.263113 10.823371 0.466900
27.368343 -25.263113 10.403148 0.416969
31.331191 -25.263113 10.465802 0.438536
35.294039 -25.263113 10.530404 0.149476
39.256887 -25.263113 10.735219 -0.160771
43.219735 -25.263113 11.091110 -0.609450
47.182583 -25.263113 10.660781 -0.029034
51.145431 -25.263113 10.934100 1.142691
55.108279 -25.263113 10.632439 0.453479
59.071127 -25.263113 11.526002 0.261564
63.033975 -25.263113 11.258419 0.426520
66.996822 -25.263113 11.625166 -0.837877
-131.145575 -29.225961 -12.700029 -17.409693
-127.182727 -29.225961 6.235787 -15.924367
-123.219879 -29.225961 2.702286 -0.882867
-119.257031 -29.225961 11.540396 -0.690383
-115.294183 -29.225961 15.033131 -7.653067
-111.331335 -29.225961 9.481993 -0.441817
-107.368487 -29.225961 10.438376 -0.512683
-103.405639 -29.225961 12.101982 -0.551742
-99.442791 -29.225961 11.147023 0.313554
-95.479943 -29.225961 11.450210 0.228540
-91.517095 -29.225961 11.054544 -0.408901
-87.554247 -29.225961 11.073882 -0.678728
-83.591400 -29.225961 10.601595 0.540852
-79.628552 -29.225961 11.186960 0.087871
-75.665704 -29.225961 10.946310 -0.327283
-71.702856 -29.225961 11.066205 0.125970
-67.740008 -29.225961 11.045511 0.258867
-63.777160 -29.225961 11.760624 -0.096477
-59.814312 -29.225961 11.526761 -0.385344
-55.851464 -29.225961 10.978976 0.410275
-51.888616 -29.225961 11.164960 0.141262
-47.925768 -29.225961 10.982232 -0.047360
-43.962920 -29.225961 10.919352 0.422231
-40.000072 -29.225961 11.028584 0.403997
-36.037224 -29.225961 10.754858 0.332495
-32.074376 -29.225961 10.755862 0.491544
-28.111528 -29.225961 10.962092 0.185993
-24.148680 -29.225961 11.048097 0.384612
-20.185832 -29.225961 10.936199 -0.051073
-16.222984 -29.225961 11.393045 0.485695
-12.260136 -29.225961 11.213317 0.206395
-8.297289 -29.225961 11.237370 0.394755
-4.334441 -29.225961 11.322361 0.605053
-0.371593 -29.225961 11.130089 0.346525
3.591255 -29.225961 11.389654 -0.014909
7.554103 -29.225961 11.123227 -0.101004
11.516951 -29.225961 11.193427 0.489592
15.479799 -29.225961 10.568105 0.379283
19.442647 -29.225961 10.631128 0.620225
23.405495 -29.225961 10.036951 -0.145804
27.368343 -29.225961 11.004961 0.195384
31.331191 -29.225961 10.670610 0.522405
35.294039 -29.225961 11.188375 0.242617
39.256887 -29.225961 10.208199 0.888985
43.219735 -29.225961 10.794318 0.283625
47.182583 -29.225961 10.072859 0.628991
51.145431 -29.225961 11.273712 0.187806
55.108279 -29.225961 11.343277 -0.055924
59.071127 -29.225961 10.464144 0.109654
63.033975 -29.225961 10.766552 0.354893
66.996822 -29.225961 10.054165 -1.233695
-131.145575 -33.188809 -14.412450 12.009183
-127.182727 -33.188809 10.219353 -14.698010
-123.219879 -33.188809 -0.152508 10.329246
-119.257031 -33.188809 2.709105 9.012622
-115.294183 -33.188809 12.224371 0.686183
-111.331335 -33.188809 9.277983 -1.913328
-107.368487 -33.188809 11.936563 0.888932
-103.405639 -33.188809 12.557440 0.562256
-99.442791 -33.188809 10.444648 0.648751
-95.479943 -33.188809 10.981059 0.028158
-91.517095 -33.188809 11.023014 0.293536
-87.554247 -33.188809 10.853222 0.053736
-83.591400 -33.188809 11.111376 -0.040872
-79.628552 -33.188809 12.041193 -0.495222
-75.665704 -33.188809 11.556833 0.396389
-71.702856 -33.188809 10.759943 -0.413933
-67.740008 -33.188809 10.291468 -0.023150
-63.777160 -33.188809 11.277383 -0.020107
-59.814312 -33.188809 11.706175 0.048747
-55.851464 -33.188809 11.301486 0.076954
-51.888616 -33.188809 11.186435 0.993065
-47.925768 -33.188809 11.187012 0.143302
-43.962920 -33.188809 11.027082 0.371128
-40.000072 -33.188809 10.916269 0.617077
-36.037224 -33.188809 11.179833 0.544665
-32.074376 -33.188809 11.136230 0.191595
-28.111528 -33.188809 11.142002 0.657135
-24.148680 -33.188809 11.195642 0.378534
-20.185832 -33.188809 10.884075 0.524016
-16.222984 -33.188809 11.698215 0.266307
-12.260136 -33.188809 11.624964 0.131946
-8.297289 -33.188809 10.811172 0.592506
-4.334441 -33.188809 10.678359 0.372715
-0.371593 -33.188809 11.462504 -0.125629
3.591255 -33.188809 11.383738 0.394946
7.554103 -33.188809 10.582849 0.398971
11.516951 -33.188809 10.401415 -0.247342
15.479799 -33.188809 10.618665 0.582219
19.442647 -33.188809 10.925989 0.033100
23.405495 -33.188809 11.322994 -0.302643
27.368343 -33.188809 11.915328 0.033355
31.331191 -33.188809 11.050784 0.208633
35.294039 -33.188809 11.455835 0.538527
39.256887 -33.188809 9.779250 0.322178
43.219735 -33.188809 11.401971 0.153262
47.182583 -33.188809 11.016026 0.853876
51.145431 -33.188809 17.403379 16.628344
55.108279 -33.188809 12.022644 -0.482606
59.071127 -33.188809 11.040119 0.738378
63.033975 -33.188809 10.324551 0.504366
66.996822 -33.188809 9.986844 -1.794397
-131.145575 -37.151657 -2.462260 12.247761
-127.182727 -37.151657 2.307096 -17.668142
-123.219879 -37.151657 -10.137605 -12.704727
-119.257031 -37.151657 9.995070 5.335574
-115.294183 -37.151657 10.407371 -0.118662
-111.331335 -37.151657 10.630202 -0.488311
-107.368487 -37.151657 10.841643 0.283156
-103.405639 -37.151657 8.475802 -0.718105
-99.442791 -37.151657 11.749516 -2.493601
-95.479943 -37.151657 9.948131 -0.018813
-91.517095 -37.151657 10.716246 -0.452027
-87.554247 -37.151657 10.907660 0.069669
-83.591400 -37.151657 11.091891 0.190038
-79.628552 -37.151657 10.801882 0.075343
-75.665704 -37.151657 11.515245 -0.773873
-71.702856 -37.151657 11.366649 -0.227284
-67.740008 -37.151657 11.090334 0.252727
-63.777160 -37.151657 11.211102 -0.435680
-59.814312 -37.151657 11.488455 0.285523
-55.851464 -37.151657 11.444208 -0.016382
-51.888616 -37.151657 11.159612 0.332610
-47.925768 -37.151657 11.387837 0.768735
-43.962920 -37.151657 10.749360 0.364994
-40.000072 -37.151657 11.421328 0.285656
-36.037224 -37.151657 11.120616 -0.115913
-32.074376 -37.151657 11.001806 0.483548
-28.111528 -37.151657 11.777252 -0.058711
-24.148680 -37.151657 10.875548 0.076849
-20.185832 -37.151657 11.202406 0.631730
-16.222984 -37.151657 10.879928 0.354410
-12.260136 -37.151657 10.793166 0.281899
-8.297289 -37.151657 11.090734 0.241587
-4.334441 -37.151657 11.007547 0.321032
-0.371593 -37.151657 10.134483 0.050066
3.591255 -37.151657 10.039429 0.394373
7.554103 -37.151657 11.142340 0.478680
11.516951 -37.151657 10.963295 0.538874
15.479799 -37.151657 11.036755 0.202874
19.442647 -37.151657 11.020428 -0.042999
23.405495 -37.151657 11.067355 0.428571
27.368343 -37.151657 10.741418 -0.448761
31.331191 -37.151657 10.603714 0.575648
35.294039 -37.151657 10.839600 -0.014660
39.256887 -37.151657 10.564967 0.524159
43.219735 -37.151657 10.827950 0.208292
47.182583 -37.151657 10.312916 -0.375380
51.145431 -37.151657 10.965686 -0.547198
55.108279 -37.151657 11.377779 0.087072
59.071127 -37.151657 -6.465688 -0.106766
63.033975 -37.151657 11.343839 0.366128
66.996822 -37.151657 10.688658 0.468625
-131.145575 -41.114505 -12.790734 3.898644
-127.182727 -41.114505 5.354980 13.934143
-123.219879 -41.114505 5.360998 -15.932841
-119.257031 -41.114505 1.964705 -4.560905
-115.294183 -41.114505 -5.870868 5.515839
-111.331335 -41.114505 -0.187317 5.636498
-107.368487 -41.114505 14.649729 -0.826256
-103.405639 -41.114505 10.604678 -0.512505
-99.442791 -41.114505 10.067929 0.542946
-95.479943 -41.114505 11.530931 -0.463558
-91.517095 -41.114505 11.674675 -0.979898
-87.554247 -41.114505 11.043383 -0.159559
-83.591400 -41.114505 11.155191 -0.420294
-79.628552 -41.114505 11.208158 -0.020779
-75.665704 -41.114505 10.909070 -0.035856
-71.702856 -41.114505 11.021903 0.451707
-67.740008 -41.114505 11.636143 -0.280862
-63.777160 -41.114505 11.691036 -0.534124
-59.814312 -41.114505 11.501412 -0.005492
-55.851464 -41.114505 10.944078 0.293150
-51.888616 -41.114505 10.221325 0.332757
-47.925768 -41.114505 11.136430 0.393787
-43.962920 -41.114505 10.867134 0.070581
-40.000072 -41.114505 10.046758 -0.054927
-36.037224 -41.114505 10.719424 0.166051
-32.074376 -41.114505 10.970145 0.291229
-28.111528 -41.114505 11.271708 0.418207
-24.148680 -41.114505 10.859476 0.199570
-20.185832 -41.114505 10.458743 0.091937
-16.222984 -41.114505 10.781995 0.240209
-12.260136 -41.114505 10.902089 -0.052993
-8.297289 -41.114505 10.651256 0.251959
-4.334441 -41.114505 10.895985 0.882190
-0.371593 -41.114505 10.210765 -0.082188
3.591255 -41.114505 10.779160 0.469052
7.554103 -41.114505 10.904652 0.357587
11.516951 -41.114505 11.190405 -0.022108
15.479799 -41.114505 11.800837 -0.475156
19.442647 -41.114505 11.013076 0.793976
23.405495 -41.114505 10.837346 0.700463
27.368343 -41.114505 10.267447 0.479136
31.331191 -41.114505 11.226759 0.693779
35.294039 -41.114505 11.548950 0.165614
39.256887 -41.114505 11.369575 0.263700
43.219735 -41.114505 10.672034 0.797063
47.182583 -41.114505 11.252351 1.716656
51.145431 -41.114505 10.630781 -0.519942
55.108279 -41.114505 10.688812 0.354979
59.071127 -41.114505 11.165162 -0.607389
63.033975 -41.114505 11.130843 0.508157
66.996822 -41.114505 1.826155 -14.078690
-131.145575 -45.077353 -14.876214 7.785349
-127.182727 -45.077353 -0.839884 8.723975
-123.219879 -45.077353 9.611402 -14.546609
-119.257031 -45.077353 13.318315 2.042133
-115.294183 -45.077353 14.509520 -1.009617
-111.331335 -45.077353 10.118882 0.657540
-107.368487 -45.077353 10.854275 -2.468356
-103.405639 -45.077353 10.673136 -0.379573
-99.442791 -45.077353 10.669798 1.564511
-95.479943 -45.077353 11.452181 -0.110561
-91.517095 -45.077353 11.060977 -0.504928
-87.554247 -45.077353 10.747938 -1.063197
-83.591400 -45.077353 11.023086 0.368903
-79.628552 -45.077353 11.046728 -0.875814
-75.665704 -45.077353 11.742282 -0.365759
-71.702856 -45.077353 11.266079 0.270041
-67.740008 -45.077353 11.024774 0.388573
-63.777160 -45.077353 11.483584 0.201143
-59.814312 -45.077353 10.784099 -0.427469
-55.851464 -45.077353 10.958108 -0.074763
-51.888616 -45.077353 11.301044 -0.046512
-47.925768 -45.077353 11.310960 0.193750
-43.962920 -45.077353 10.428906 -0.031924
-40.000072 -45.077353 11.636097 0.561385
-36.037224 -45.077353 10.675204 -0.113812
-32.074376 -45.077353 10.883584 0.558850
-28.111528 -45.077353 10.856350 0.615942
-24.148680 -45.077353 11.293165 0.166052
-20.185832 -45.077353 10.072034 0.589302
-16.222984 -45.077353 10.775036 0.006511
-12.260136 -45.077353 11.276142 0.220336
-8.297289 -45.077353 11.483155 0.376059
-4.334441 -45.077353 11.152212 0.000517
-0.371593 -45.077353 10.829505 0.046145
3.591255 -45.077353 12.234906 0.607015
7.554103 -45.077353 10.775162 0.178887
11.516951 -45.077353 10.782123 -0.017595
15.479799 -45.077353 10.139094 0.633428
19.442647 -45.077353 10.865290 0.426197
23.405495 -45.077353 10.089610 -0.347479
27.368343 -45.077353 11.213425 -0.041287
31.331191 -45.077353 10.391290 -0.439936
35.294039 -45.077353 11.131954 0.520482
39.256887 -45.077353 11.439534 -0.027637
43.219735 -45.077353 10.966412 0.016552
47.182583 -45.077353 10.632484 0.320517
51.145431 -45.077353 10.178463 0.252998
55.108279 -45.077353 12.160438 -0.026098
59.071127 -45.077353 11.546419 1.564125
63.033975 -45.077353 9.613447 -0.656858
66.996822 -45.077353 10.414047 1.479826
-131.145575 -49.040201 -10.312376 -3.688937
-127.182727 -49.040201 17.724342 7.285569
-123.219879 -49.040201 12.433768 -16.102526
-119.257031 -49.040201 12.549983 -11.517223
-115.294183 -49.040201 -12.876573 -2.962646
-111.331335 -49.040201 -0.155635 -2.036728
-107.368487 -49.040201 2.193417 -7.388953
-103.405639 -49.040201 11.510198 0.056579
-99.442791 -49.040201 12.078279 -0.708529
-95.479943 -49.040201 11.094208 -0.893595
-91.517095 -49.040201 10.741989 -0.571396
-87.554247 -49.040201 10.520623 0.330803
-83.591400 -49.040201 11.585740 0.078512
-79.628552 -49.040201 10.243759 -0.175126
-75.665704 -49.040201 12.421341 0.491293
-71.702856 -49.040201 10.794863 0.148882
-67.740008 -49.040201 10.727196 -0.269527
-63.777160 -49.040201 -5.212070 8.806270
-59.814312 -49.040201 11.533587 0.811351
-55.851464 -49.040201 11.315882 0.313635
-51.888616 -49.040201 11.234852 0.307996
-47.925768 -49.040201 10.645575 0.561032
-43.962920 -49.040201 10.965023 0.157342
-40.000072 -49.040201 10.875069 0.125588
-36.037224 -49.040201 10.534492 1.143603
-32.074376 -49.040201 11.700098 -0.039262
-28.111528 -49.040201 10.921292 -0.182972
-24.148680 -49.040201 11.642619 -0.112452
-20.185832 -49.040201 10.218348 0.595185
-16.222984 -49.040201 11.321818 0.034744
-12.260136 -49.040201 9.951888 0.265455
-8.297289 -49.040201 11.123116 0.364567
-4.334441 -49.040201 10.729423 -0.178099
-0.371593 -49.040201 10.710659 0.646747
3.591255 -49.040201 10.518184 0.659084
7.554103 -49.040201 10.873065 0.249161
11.516951 -49.040201 11.738821 0.359381
15.479799 -49.040201 10.794937 0.952773
19.442647 -49.040201 10.701721 0.477055
23.405495 -49.040201 11.018682 0.086624
27.368343 -49.040201 11.117515 0.468677
31.331191 -49.040201 11.593790 -0.468731
35.294039 -49.040201 11.546795 -0.406592
39.256887 -49.040201 10.282621 -0.132270
43.219735 -49.040201 11.236171 0.186832
47.182583 -49.040201 10.087520 0.590635
51.145431 -49.040201 11.008186 0.146544
55.108279 -49.040201 10.103984 -0.522775
59.071127 -49.040201 11.967493 0.124253
63.033975 -49.040201 11.053552 0.674662
66.996822 -49.040201 11.023505 -1.076719
-131.145575 -53.003049 0.000000 0.000000
-127.182727 -53.003049 0.000000 0.000000
-123.219879 -53.003049 0.000000 0.000000
-119.257031 -53.003049 0.000000 0.000000
-115.294183 -53.003049 0.000000 0.000000
-111.331335 -53.003049 0.000000 0.000000
-107.368487 -53.003049 0.000000 0.000000
-103.405639 -53.003049 0.000000 0.000000
-99.442791 -53.003049 0.000000 0.000000
-95.479943 -53.003049 0.000000 0.000000
-91.517095 -53.003049 0.000000 0.000000
-87.554247 -53.003049 0.000000 0.000000
-83.591400 -53.003049 0.000000 0.000000
-79.628552 -53.003049 0.000000 0.000000
-75.665704 -53.003049 0.000000 0.000000
-71.702856 -53.003049 0.000000 0.000000
-67.740008 -53.003049 0.000000 0.000000
-63.777160 -53.003049 0.000000 0.000000
-59.814312 -53.003049 0.000000 0.000000
-55.851464 -53.003049 0.000000 0.000000
-51.888616 -53.003049 0.000000 0.000000
-47.925768 -53.003049 0.000000 0.000000
-43.962920 -53.003049 0.000000 0.000000
-40.000072 -53.003049 0.000000 0.000000
-36.037224 -53.003049 0.000000 0.000000
-32.074376 -53.003049 0.000000 0.000000
-28.111528 -53.003049 0.000000 0.000000
-24.148680 -53.003049 0.000000 0.000000
-20.185832 -53.003049 0.000000 0.000000
-16.222984 -53.003049 0.000000 0.000000
-12.260136 -53.003049 0.000000 0.000000
-8.297289 -53.003049 0.000000 0.000000
-4.334441 -53.003049 0.000000 0.000000
-0.371593 -53.003049 0.000000 0.000000
3.591255 -53.003049 0.000000 0.000000
7.554103 -53.003049 0.000000 0.000000
11.516951 -53.003049 0.000000 0.000000
15.479799 -53.003049 0.000000 0.000000
19.442647 -53.003049 0.000000 0.000000
23.405495 -53.003049 0.000000 0.000000
27.368343 -53.003049 0.000000 0.000000
31.331191 -53.003049 0.000000 0.000000
35.294039 -53.003049 0.000000 0.000000
39.256887 -53.003049 0.000000 0.000000
43.219735 -53.003049 0.000000 0.000000
47.182583 -53.003049 0.000000 0.000000
51.145431 -53.003049 0.000000 0.000000
55.108279 -53.003049 0.000000 0.000000
59.071127 -53.003049 0.000000 0.000000
63.033975 -53.003049 0.000000 0.000000
66.996822 -53.003049 0.000000 0.000000
