TITLE = "B00011"
VARIABLES = "position", "position(2)", "Vx", "Vy"
ZONE T="Frame 0", I=51, J=39
-131.145575 97.585173 10.951338 0.344404
-127.182727 97.585173 11.561220 0.594848
-123.219879 97.585173 11.391286 0.480413
-119.257031 97.585173 11.131932 0.401295
-115.294183 97.585173 11.489865 -0.056637
-111.331335 97.585173 0.000000 0.000000
-107.368487 97.585173 0.000000 0.000000
-103.405639 97.585173 0.000000 0.000000
-99.442791 97.585173 0.000000 0.000000
-95.479943 97.585173 0.000000 0.000000
-91.517095 97.585173 0.000000 0.000000
-87.554247 97.585173 11.487455 0.368458
-83.591400 97.585173 11.453326 0.379843
-79.628552 97.585173 11.557608 -0.012571
-75.665704 97.585173 11.312905 0.050710
-71.702856 97.585173 11.297027 0.286461
-67.740008 97.585173 11.559628 0.244849
-63.777160 97.585173 11.349331 0.157684
-59.814312 97.585173 11.388625 0.134143
-55.851464 97.585173 11.285829 0.126345
-51.888616 97.585173 11.482914 -0.007057
-47.925768 97.585173 11.084646 -0.053853
-43.962920 97.585173 11.310818 -0.038572
-40.000072 97.585173 11.136780 0.114007
-36.037224 97.585173 11.374793 -0.228952
-32.074376 97.585173 11.379488 -0.141670
-28.111528 97.585173 11.193924 -0.143268
-24.148680 97.585173 11.283124 0.128528
-20.185832 97.585173 11.255009 -0.086241
-16.222984 97.585173 11.151087 -0.049879
-12.260136 97.585173 0.000000 0.000000
-8.297289 97.585173 0.000000 0.000000
-4.334441 97.585173 0.000000 0.000000
-0.371593 97.585173 11.180179 0.049980
3.591255 97.585173 11.185497 -0.220335
7.554103 97.585173 11.090659 -0.094279
11.516951 97.585173 10.940195 -0.239803
15.479799 97.585173 11.041353 0.034470
19.442647 97.585173 11.122183 -0.095318
23.405495 97.585173 10.996072 0.044195
27.368343 97.585173 10.910306 0.029417
31.331191 97.585173 11.058603 -0.040461
35.294039 97.585173 10.961177 0.137995
39.256887 97.585173 10.920027 -0.001857
43.219735 97.585173 11.007115 0.036539
47.182583 97.585173 11.061770 0.059094
51.145431 97.585173 11.056866 -0.146988
55.108279 97.585173 11.006104 0.089996
59.071127 97.585173 11.041732 0.072212
63.033975 97.585173 10.962334 -0.084278
66.996822 97.585173 11.023860 -0.044891
-131.145575 93.622325 -16.024847 -1.751909
-127.182727 93.622325 11.222550 0.521736
-123.219879 93.622325 11.562737 0.556849
-119.257031 93.622325 11.173685 0.428566
-115.294183 93.622325 11.269680 0.501087
-111.331335 93.622325 0.000000 0.000000
-107.368487 93.622325 0.000000 0.000000
-103.405639 93.622325 0.000000 0.000000
-99.442791 93.622325 0.000000 0.000000
-95.479943 93.622325 0.000000 0.000000
-91.517095 93.622325 0.000000 0.000000
-87.554247 93.622325 11.289865 0.194602
-83.591400 93.622325 11.400440 0.350601
-79.628552 93.622325 11.604362 0.181832
-75.665704 93.622325 11.397203 0.419126
-71.702856 93.622325 11.424157 0.194081
-67.740008 93.622325 11.507070 0.287631
-63.777160 93.622325 11.380132 0.044961
-59.814312 93.622325 11.311949 0.024013
-55.851464 93.622325 11.504486 0.114942
-51.888616 93.622325 11.451985 0.132146
-47.925768 93.622325 11.342630 0.121119
-43.962920 93.622325 11.475551 0.028024
-40.000072 93.622325 11.453358 0.072530
-36.037224 93.622325 11.422552 -0.016615
-32.074376 93.622325 11.173458 -0.066954
-28.111528 93.622325 11.296621 -0.058360
-24.148680 93.622325 11.348777 -0.239091
-20.185832 93.622325 11.029326 -0.024688
-16.222984 93.622325 11.192169 -0.186063
-12.260136 93.622325 0.000000 0.000000
-8.297289 93.622325 0.000000 0.000000
-4.334441 93.622325 0.000000 0.000000
-0.371593 93.622325 11.090279 -0.031026
3.591255 93.622325 11.070327 -0.095301
7.554103 93.622325 11.097404 -0.066121
11.516951 93.622325 11.216435 0.163284
15.479799 93.622325 10.996513 0.096843
19.442647 93.622325 11.011392 -0.156827
23.405495 93.622325 11.057328 0.151861
27.368343 93.622325 11.060874 -0.090515
31.331191 93.622325 11.139187 0.191459
35.294039 93.622325 11.053489 -0.122513
39.256887 93.622325 10.984476 0.120990
43.219735 93.622325 10.994776 0.040177
47.182583 93.622325 11.009604 -0.016816
51.145431 93.622325 11.031028 -0.125792
55.108279 93.622325 10.876926 -0.136342
59.071127 93.622325 10.890880 -0.060961
63.033975 93.622325 10.871523 0.066289
66.996822 93.622325 11.109877 -0.096799
-131.145575 89.659477 11.620501 0.281306
-127.182727 89.659477 11.042691 0.270510
-123.219879 89.659477 11.466917 0.636647
-119.257031 89.659477 11.179077 0.508902
-115.294183 89.659477 11.208122 0.431691
-111.331335 89.659477 0.000000 0.000000
-107.368487 89.659477 0.000000 0.000000
-103.405639 89.659477 0.000000 0.000000
-99.442791 89.659477 0.000000 0.000000
-95.479943 89.659477 0.000000 0.000000
-91.517095 89.659477 0.000000 0.000000
-87.554247 89.659477 11.351139 0.369331
-83.591400 89.659477 11.632062 0.318635
-79.628552 89.659477 11.516686 0.353359
-75.665704 89.659477 11.683395 0.088020
-71.702856 89.659477 11.621855 0.238523
-67.740008 89.659477 11.600753 0.169930
-63.777160 89.659477 11.477978 0.056882
-59.814312 89.659477 11.462418 0.261653
-55.851464 89.659477 11.461914 0.126674
-51.888616 89.659477 11.595559 -0.076842
-47.925768 89.659477 11.677485 0.055644
-43.962920 89.659477 11.436008 -0.136476
-40.000072 89.659477 11.468132 0.011184
-36.037224 89.659477 11.247790 -0.117597
-32.074376 89.659477 11.264592 -0.105804
-28.111528 89.659477 11.266767 -0.146299
-24.148680 89.659477 11.089004 -0.015669
-20.185832 89.659477 11.303776 -0.150292
-16.222984 89.659477 11.190555 -0.067285
-12.260136 89.659477 0.000000 0.000000
-8.297289 89.659477 0.000000 0.000000
-4.334441 89.659477 0.000000 0.000000
-0.371593 89.659477 11.060305 0.064879
3.591255 89.659477 11.086764 0.005360
7.554103 89.659477 11.310040 -0.003485
11.516951 89.659477 11.198917 0.026845
15.479799 89.659477 10.961545 -0.097859
19.442647 89.659477 11.067859 -0.060540
23.405495 89.659477 10.997025 -0.176961
27.368343 89.659477 10.994612 -0.071427
31.331191 89.659477 11.055253 -0.085447
35.294039 89.659477 10.789268 0.102906
39.256887 89.659477 10.996648 -0.022550
43.219735 89.659477 10.984563 -0.016798
47.182583 89.659477 11.004071 -0.216325
51.145431 89.659477 11.015457 0.060800
55.108279 89.659477 11.015204 -0.035317
59.071127 89.659477 11.023163 -0.158858
63.033975 89.659477 11.016060 -0.056069
66.996822 89.659477 10.894201 -0.213762
-131.145575 85.696629 11.155589 1.136821
-127.182727 85.696629 10.874767 0.395599
-123.219879 85.696629 10.780259 0.389666
-119.257031 85.696629 10.817037 0.444636
-115.294183 85.696629 11.492253 0.513878
-111.331335 85.696629 0.000000 0.000000
-107.368487 85.696629 0.000000 0.000000
-103.405639 85.696629 0.000000 0.000000
-99.442791 85.696629 0.000000 0.000000
-95.479943 85.696629 0.000000 0.000000
-91.517095 85.696629 0.000000 0.000000
-87.554247 85.696629 11.620686 0.312230
-83.591400 85.696629 11.527034 0.372652
-79.628552 85.696629 11.620409 0.377842
-75.665704 85.696629 11.755498 0.105072
-71.702856 85.696629 11.408534 0.166084
-67.740008 85.696629 11.491789 0.085439
-63.777160 85.696629 11.579515 0.130531
-59.814312 85.696629 11.531940 -0.156604
-55.851464 85.696629 11.484257 0.118653
-51.888616 85.696629 11.413237 -0.153119
-47.925768 85.696629 11.289461 -0.094849
-43.962920 85.696629 11.384711 -0.076957
-40.000072 85.696629 11.335063 -0.016372
-36.037224 85.696629 11.393984 -0.123245
-32.074376 85.696629 11.418445 -0.135480
-28.111528 85.696629 11.377493 -0.154041
-24.148680 85.696629 11.561787 -0.098767
-20.185832 85.696629 11.388235 -0.197359
-16.222984 85.696629 11.278815 0.020863
-12.260136 85.696629 0.000000 0.000000
-8.297289 85.696629 0.000000 0.000000
-4.334441 85.696629 0.000000 0.000000
-0.371593 85.696629 11.112730 -0.009535
3.591255 85.696629 11.132915 0.006393
7.554103 85.696629 10.986614 -0.052141
11.516951 85.696629 10.992642 -0.054991
15.479799 85.696629 10.997400 -0.213292
19.442647 85.696629 11.014939 -0.140846
23.405495 85.696629 10.832686 -0.156674
27.368343 85.696629 11.007571 -0.146891
31.331191 85.696629 10.988295 -0.124195
35.294039 85.696629 10.994790 0.067947
39.256887 85.696629 10.899545 0.074869
43.219735 85.696629 11.042038 -0.002763
47.182583 85.696629 10.900687 0.153534
51.145431 85.696629 10.862291 -0.258025
55.108279 85.696629 11.006086 0.032938
59.071127 85.696629 11.085991 -0.104434
63.033975 85.696629 10.776008 -0.162872
66.996822 85.696629 10.892485 0.034427
-131.145575 81.733781 -9.048394 -7.218457
-127.182727 81.733781 10.997981 0.647151
-123.219879 81.733781 10.981856 0.470134
-119.257031 81.733781 11.074757 0.687381
-115.294183 81.733781 11.454613 0.752271
-111.331335 81.733781 0.000000 0.000000
-107.368487 81.733781 0.000000 0.000000
-103.405639 81.733781 0.000000 0.000000
-99.442791 81.733781 0.000000 0.000000
-95.479943 81.733781 0.000000 0.000000
-91.517095 81.733781 0.000000 0.000000
-87.554247 81.733781 11.482815 0.347032
-83.591400 81.733781 11.476930 0.347781
-79.628552 81.733781 11.643580 0.244256
-75.665704 81.733781 11.610640 0.332558
-71.702856 81.733781 11.770102 0.323594
-67.740008 81.733781 11.543266 0.282544
-63.777160 81.733781 11.640413 0.170539
-59.814312 81.733781 11.646282 0.102459
-55.851464 81.733781 11.407341 0.212674
-51.888616 81.733781 11.585215 -0.188107
-47.925768 81.733781 11.489327 -0.073850
-43.962920 81.733781 11.546834 0.057422
-40.000072 81.733781 11.412229 -0.179487
-36.037224 81.733781 11.241596 -0.216796
-32.074376 81.733781 11.516923 -0.245965
-28.111528 81.733781 11.545240 -0.251215
-24.148680 81.733781 11.223722 -0.285225
-20.185832 81.733781 11.197066 -0.122412
-16.222984 81.733781 11.089772 -0.316760
-12.260136 81.733781 0.000000 0.000000
-8.297289 81.733781 0.000000 0.000000
-4.334441 81.733781 0.000000 0.000000
-0.371593 81.733781 11.217021 -0.221901
3.591255 81.733781 11.014112 -0.337428
7.554103 81.733781 11.051720 -0.015638
11.516951 81.733781 10.986070 -0.158306
15.479799 81.733781 11.054024 -0.237050
19.442647 81.733781 11.152007 -0.201167
23.405495 81.733781 10.966390 -0.069274
27.368343 81.733781 10.968668 -0.125987
31.331191 81.733781 11.032568 -0.210203
35.294039 81.733781 10.947607 0.053337
39.256887 81.733781 10.965221 0.036175
43.219735 81.733781 10.925220 0.041924
47.182583 81.733781 11.066921 0.097673
51.145431 81.733781 11.031939 -0.082722
55.108279 81.733781 11.065311 -0.095693
59.071127 81.733781 11.016954 0.059054
63.033975 81.733781 11.046417 -0.087071
66.996822 81.733781 10.729082 0.092668
-131.145575 77.770933 6.078763 6.907463
-127.182727 77.770933 11.191063 0.559048
-123.219879 77.770933 11.346842 0.072712
-119.257031 77.770933 11.383236 0.504742
-115.294183 77.770933 11.416126 0.660320
-111.331335 77.770933 0.000000 0.000000
-107.368487 77.770933 0.000000 0.000000
-103.405639 77.770933 0.000000 0.000000
-99.442791 77.770933 0.000000 0.000000
-95.479943 77.770933 0.000000 0.000000
-91.517095 77.770933 11.414116 0.525593
-87.554247 77.770933 11.586485 0.394812
-83.591400 77.770933 11.680855 0.323445
-79.628552 77.770933 11.528870 0.314037
-75.665704 77.770933 11.747679 0.276367
-71.702856 77.770933 11.571386 0.059587
-67.740008 77.770933 11.639835 0.170587
-63.777160 77.770933 11.740969 0.103316
-59.814312 77.770933 11.668921 -0.052093
-55.851464 77.770933 11.645731 -0.025322
-51.888616 77.770933 11.543961 -0.065637
-47.925768 77.770933 11.654494 -0.114887
-43.962920 77.770933 11.399758 -0.154357
-40.000072 77.770933 11.504818 -0.202830
-36.037224 77.770933 11.430284 -0.192918
-32.074376 77.770933 11.422860 -0.189182
-28.111528 77.770933 11.311584 -0.200134
-24.148680 77.770933 11.457788 -0.255228
-20.185832 77.770933 11.188723 -0.166839
-16.222984 77.770933 11.370387 -0.297157
-12.260136 77.770933 0.000000 0.000000
-8.297289 77.770933 0.000000 0.000000
-4.334441 77.770933 0.000000 0.000000
-0.371593 77.770933 11.080587 -0.132028
3.591255 77.770933 11.149864 -0.292977
7.554103 77.770933 11.154121 -0.184510
11.516951 77.770933 11.007448 -0.138683
15.479799 77.770933 11.168387 -0.175038
19.442647 77.770933 10.973112 -0.092957
23.405495 77.770933 10.925566 -0.144220
27.368343 77.770933 10.822855 -0.134077
31.331191 77.770933 11.005424 -0.200301
35.294039 77.770933 10.808469 -0.197499
39.256887 77.770933 10.991044 -0.262212
43.219735 77.770933 10.984283 -0.087832
47.182583 77.770933 10.908356 -0.048635
51.145431 77.770933 10.981774 -0.052519
55.108279 77.770933 10.911610 -0.142681
59.071127 77.770933 10.925539 -0.343222
63.033975 77.770933 10.770991 0.019645
66.996822 77.770933 10.890867 -0.172893
-131.145575 73.808085 -13.252740 -9.333842
-127.182727 73.808085 11.120655 0.732956
-123.219879 73.808085 11.244811 0.484990
-119.257031 73.808085 11.214977 0.640220
-115.294183 73.808085 11.149262 0.792136
-111.331335 73.808085 0.000000 0.000000
-107.368487 73.808085 0.000000 0.000000
-103.405639 73.808085 0.000000 0.000000
-99.442791 73.808085 0.000000 0.000000
-95.479943 73.808085 0.000000 0.000000
-91.517095 73.808085 11.537497 0.540357
-87.554247 73.808085 11.670838 0.346801
-83.591400 73.808085 11.617796 0.282581
-79.628552 73.808085 11.767409 0.300898
-75.665704 73.808085 11.832996 0.344120
-71.702856 73.808085 11.782201 0.044274
-67.740008 73.808085 11.790109 0.235202
-63.777160 73.808085 11.740885 0.179041
-59.814312 73.808085 11.603631 0.004223
-55.851464 73.808085 11.620869 0.198564
-51.888616 73.808085 11.587104 -0.015322
-47.925768 73.808085 11.658534 -0.050608
-43.962920 73.808085 11.578087 -0.386488
-40.000072 73.808085 11.517877 -0.095231
-36.037224 73.808085 11.478901 -0.098576
-32.074376 73.808085 11.575889 -0.203720
-28.111528 73.808085 11.315291 -0.262769
-24.148680 73.808085 11.367220 -0.283254
-20.185832 73.808085 11.293853 -0.296092
-16.222984 73.808085 11.206440 -0.442386
-12.260136 73.808085 0.000000 0.000000
-8.297289 73.808085 0.000000 0.000000
-4.334441 73.808085 0.000000 0.000000
-0.371593 73.808085 11.130908 -0.205839
3.591255 73.808085 11.035590 -0.250229
7.554103 73.808085 11.107712 -0.219996
11.516951 73.808085 11.044426 -0.085312
15.479799 73.808085 10.863836 -0.181568
19.442647 73.808085 10.989697 0.026313
23.405495 73.808085 10.828192 -0.237300
27.368343 73.808085 11.004153 -0.102135
31.331191 73.808085 10.924088 -0.050357
35.294039 73.808085 10.999878 -0.105754
39.256887 73.808085 11.001862 -0.006139
43.219735 73.808085 11.031864 0.025271
47.182583 73.808085 11.022553 -0.162242
51.145431 73.808085 10.816099 0.109124
55.108279 73.808085 10.923680 -0.164501
59.071127 73.808085 10.998860 -0.032382
63.033975 73.808085 10.928804 -0.285809
66.996822 73.808085 10.936218 0.186319
-131.145575 69.845237 11.288401 0.691085
-127.182727 69.845237 12.080295 0.775996
-123.219879 69.845237 12.448997 7.944325
-119.257031 69.845237 11.132077 0.655060
-115.294183 69.845237 10.980957 0.757655
-111.331335 69.845237 0.000000 0.000000
-107.368487 69.845237 0.000000 0.000000
-103.405639 69.845237 0.000000 0.000000
-99.442791 69.845237 0.000000 0.000000
-95.479943 69.845237 0.000000 0.000000
-91.517095 69.845237 11.572197 0.532208
-87.554247 69.845237 11.752225 0.502470
-83.591400 69.845237 11.762958 0.491086
-79.628552 69.845237 11.701200 0.350508
-75.665704 69.845237 11.785379 0.025722
-71.702856 69.845237 11.710464 0.176975
-67.740008 69.845237 11.747289 0.099415
-63.777160 69.845237 11.788918 -0.012454
-59.814312 69.845237 11.754471 -0.014852
-55.851464 69.845237 11.759113 -0.072959
-51.888616 69.845237 11.687102 -0.132388
-47.925768 69.845237 11.621072 -0.113168
-43.962920 69.845237 11.588695 -0.160386
-40.000072 69.845237 11.584532 -0.250911
-36.037224 69.845237 11.517918 -0.285597
-32.074376 69.845237 11.318184 -0.342884
-28.111528 69.845237 11.508330 -0.226712
-24.148680 69.845237 11.352072 -0.300844
-20.185832 69.845237 11.307407 -0.484233
-16.222984 69.845237 11.290133 -0.313771
-12.260136 69.845237 0.000000 0.000000
-8.297289 69.845237 0.000000 0.000000
-4.334441 69.845237 0.000000 0.000000
-0.371593 69.845237 11.099103 -0.149452
3.591255 69.845237 11.000263 -0.122173
7.554103 69.845237 11.082489 -0.347299
11.516951 69.845237 11.129235 -0.266814
15.479799 69.845237 10.959143 -0.229759
19.442647 69.845237 11.123952 -0.148852
23.405495 69.845237 10.978683 -0.065937
27.368343 69.845237 10.972599 -0.215684
31.331191 69.845237 10.965814 -0.163691
35.294039 69.845237 11.093995 0.065854
39.256887 69.845237 10.887204 0.155192
43.219735 69.845237 10.847713 -0.135812
47.182583 69.845237 10.972814 -0.038469
51.145431 69.845237 10.984301 0.005782
55.108279 69.845237 10.888505 -0.006658
59.071127 69.845237 10.975940 -0.001993
63.033975 69.845237 11.025672 0.112909
66.996822 69.845237 10.724255 -0.074584
-131.145575 65.882389 11.032467 0.816804
-127.182727 65.882389 -6.560271 -12.234191
-123.219879 65.882389 10.861390 0.783784
-119.257031 65.882389 11.133856 0.659265
-115.294183 65.882389 11.656150 0.750556
-111.331335 65.882389 0.000000 0.000000
-107.368487 65.882389 0.000000 0.000000
-103.405639 65.882389 0.000000 0.000000
-99.442791 65.882389 0.000000 0.000000
-95.479943 65.882389 0.000000 0.000000
-91.517095 65.882389 11.750002 0.533286
-87.554247 65.882389 11.675748 0.537381
-83.591400 65.882389 11.942986 0.597967
-79.628552 65.882389 11.930964 0.237407
-75.665704 65.882389 11.951484 0.378006
-71.702856 65.882389 11.825554 0.199869
-67.740008 65.882389 11.849126 0.238045
-63.777160 65.882389 11.942072 -0.236942
-59.814312 65.882389 11.786173 -0.044298
-55.851464 65.882389 11.762377 -0.315223
-51.888616 65.882389 11.818601 -0.207684
-47.925768 65.882389 11.678999 0.014453
-43.962920 65.882389 11.662516 -0.342479
-40.000072 65.882389 11.665393 -0.377124
-36.037224 65.882389 11.462439 -0.350495
-32.074376 65.882389 11.600546 -0.298857
-28.111528 65.882389 11.524240 -0.473218
-24.148680 65.882389 11.247723 -0.388091
-20.185832 65.882389 11.180236 -0.316032
-16.222984 65.882389 11.118146 -0.357798
-12.260136 65.882389 0.000000 0.000000
-8.297289 65.882389 0.000000 0.000000
-4.334441 65.882389 10.974098 -0.499284
-0.371593 65.882389 10.991435 -0.205451
3.591255 65.882389 11.128729 -0.209554
7.554103 65.882389 10.843791 -0.307329
11.516951 65.882389 10.961887 -0.136042
15.479799 65.882389 10.970820 -0.237094
19.442647 65.882389 10.782320 -0.248832
23.405495 65.882389 10.962121 -0.122555
27.368343 65.882389 10.875828 -0.323020
31.331191 65.882389 11.033809 -0.198311
35.294039 65.882389 10.921988 -0.226342
39.256887 65.882389 10.974833 -0.221632
43.219735 65.882389 10.872781 -0.158653
47.182583 65.882389 11.103205 -0.106502
51.145431 65.882389 11.021854 -0.091629
55.108279 65.882389 11.035660 0.074270
59.071127 65.882389 10.929207 -0.145353
63.033975 65.882389 11.172235 -0.151539
66.996822 65.882389 10.921947 -0.179351
-131.145575 61.919541 7.248778 -3.883123
-127.182727 61.919541 11.158310 0.667785
-123.219879 61.919541 11.119088 0.752425
-119.257031 61.919541 10.991459 0.755201
-115.294183 61.919541 11.126526 0.836684
-111.331335 61.919541 0.000000 0.000000
-107.368487 61.919541 0.000000 0.000000
-103.405639 61.919541 0.000000 0.000000
-99.442791 61.919541 0.000000 0.000000
-95.479943 61.919541 0.000000 0.000000
-91.517095 61.919541 11.874460 0.591045
-87.554247 61.919541 11.671807 0.471336
-83.591400 61.919541 11.808253 0.684681
-79.628552 61.919541 11.823667 0.579958
-75.665704 61.919541 12.033686 0.144790
-71.702856 61.919541 12.008842 0.125044
-67.740008 61.919541 11.903443 0.162666
-63.777160 61.919541 11.863214 -0.056147
-59.814312 61.919541 11.755984 -0.018949
-55.851464 61.919541 11.905067 -0.165769
-51.888616 61.919541 11.872980 -0.209914
-47.925768 61.919541 11.752403 -0.223464
-43.962920 61.919541 11.759677 -0.263968
-40.000072 61.919541 11.758421 -0.480854
-36.037224 61.919541 11.501513 -0.317922
-32.074376 61.919541 11.660748 -0.217841
-28.111528 61.919541 11.558514 -0.476739
-24.148680 61.919541 11.043310 -0.538551
-20.185832 61.919541 11.212560 -0.412021
-16.222984 61.919541 11.383116 -0.492917
-12.260136 61.919541 0.000000 0.000000
-8.297289 61.919541 0.000000 0.000000
-4.334441 61.919541 11.028921 -0.440364
-0.371593 61.919541 11.051459 -0.398607
3.591255 61.919541 10.909217 -0.284164
7.554103 61.919541 10.981659 -0.452950
11.516951 61.919541 10.795246 -0.191202
15.479799 61.919541 10.781741 -0.311649
19.442647 61.919541 10.845500 -0.243240
23.405495 61.919541 10.836616 0.073979
27.368343 61.919541 10.871263 -0.292730
31.331191 61.919541 10.929243 -0.260875
35.294039 61.919541 10.966730 0.088484
39.256887 61.919541 10.795396 -0.301992
43.219735 61.919541 11.003052 -0.025463
47.182583 61.919541 11.005482 -0.221607
51.145431 61.919541 11.032850 -0.124261
55.108279 61.919541 10.879267 -0.183184
59.071127 61.919541 10.959949 0.301655
63.033975 61.919541 10.897454 0.087168
66.996822 61.919541 10.937206 -0.144447
-131.145575 57.956694 -1.533349 3.621638
-127.182727 57.956694 10.695356 0.404670
-123.219879 57.956694 11.097201 1.714521
-119.257031 57.956694 10.949099 1.098794
-115.294183 57.956694 11.339008 0.999935
-111.331335 57.956694 0.000000 0.000000
-107.368487 57.956694 0.000000 0.000000
-103.405639 57.956694 0.000000 0.000000
-99.442791 57.956694 0.000000 0.000000
-95.479943 57.956694 12.003181 1.043084
-91.517095 57.956694 12.110425 1.059661
-87.554247 57.956694 11.881753 0.391157
-83.591400 57.956694 12.329619 0.718649
-79.628552 57.956694 12.157755 0.507193
-75.665704 57.956694 12.088766 0.451151
-71.702856 57.956694 12.167460 0.037029
-67.740008 57.956694 11.973422 -0.028800
-63.777160 57.956694 11.939493 -0.401815
-59.814312 57.956694 11.872355 -0.264823
-55.851464 57.956694 11.923185 -0.216236
-51.888616 57.956694 11.810613 -0.183551
-47.925768 57.956694 11.659770 -0.242829
-43.962920 57.956694 11.781632 -0.472100
-40.000072 57.956694 11.758839 -0.537644
-36.037224 57.956694 11.715980 -0.473048
-32.074376 57.956694 11.582737 -0.462460
-28.111528 57.956694 11.426589 -0.503453
-24.148680 57.956694 11.379563 -0.561617
-20.185832 57.956694 11.305735 -0.582931
-16.222984 57.956694 11.362146 -0.462468
-12.260136 57.956694 0.000000 0.000000
-8.297289 57.956694 0.000000 0.000000
-4.334441 57.956694 10.919041 -0.422092
-0.371593 57.956694 10.867435 -0.543057
3.591255 57.956694 10.785945 -0.345566
7.554103 57.956694 10.857893 -0.008161
11.516951 57.956694 10.984515 -0.238513
15.479799 57.956694 10.844345 -0.356253
19.442647 57.956694 10.827753 -0.219784
23.405495 57.956694 11.023404 0.018738
27.368343 57.956694 10.958993 -0.094240
31.331191 57.956694 10.873265 0.055593
35.294039 57.956694 10.869501 -0.164993
39.256887 57.956694 10.865714 -0.137938
43.219735 57.956694 10.926720 0.190151
47.182583 57.956694 10.841431 -0.334900
51.145431 57.956694 10.976188 0.163183
55.108279 57.956694 10.851019 -0.230620
59.071127 57.956694 10.936770 -0.356320
63.033975 57.956694 11.043137 0.065163
66.996822 57.956694 11.107922 0.169372
-131.145575 53.993846 10.622828 0.625320
-127.182727 53.993846 10.842303 -11.369025
-123.219879 53.993846 10.915312 1.160578
-119.257031 53.993846 11.063850 1.059150
-115.294183 53.993846 10.729533 1.249260
-111.331335 53.993846 0.000000 0.000000
-107.368487 53.993846 0.000000 0.000000
-103.405639 53.993846 0.000000 0.000000
-99.442791 53.993846 0.000000 0.000000
-95.479943 53.993846 11.817441 0.939345
-91.517095 53.993846 12.211209 0.866611
-87.554247 53.993846 12.008552 0.645466
-83.591400 53.993846 12.061897 0.613375
-79.628552 53.993846 12.361516 0.355930
-75.665704 53.993846 12.155041 0.387516
-71.702856 53.993846 12.224019 0.133492
-67.740008 53.993846 12.016980 0.068597
-63.777160 53.993846 12.176938 -0.033831
-59.814312 53.993846 11.934511 0.112785
-55.851464 53.993846 12.067547 -0.471850
-51.888616 53.993846 11.814255 -0.109424
-47.925768 53.993846 11.700132 -0.500508
-43.962920 53.993846 11.838010 -0.446241
-40.000072 53.993846 11.676143 -0.371743
-36.037224 53.993846 11.620649 -0.365721
-32.074376 53.993846 11.434383 -0.597088
-28.111528 53.993846 11.418342 -0.508020
-24.148680 53.993846 11.431896 -0.513594
-20.185832 53.993846 11.123431 -0.621814
-16.222984 53.993846 11.092617 -0.735558
-12.260136 53.993846 11.159946 -0.621735
-8.297289 53.993846 0.000000 0.000000
-4.334441 53.993846 10.855794 -0.559472
-0.371593 53.993846 11.016574 -0.307068
3.591255 53.993846 10.884329 -0.293611
7.554103 53.993846 10.718856 -0.405331
11.516951 53.993846 10.770450 -0.409488
15.479799 53.993846 10.812062 -0.224573
19.442647 53.993846 10.970330 -0.229560
23.405495 53.993846 10.847697 -0.221140
27.368343 53.993846 10.885047 -0.045123
31.331191 53.993846 10.751946 -0.272335
35.294039 53.993846 10.911745 -0.169730
39.256887 53.993846 10.884348 -0.019476
43.219735 53.993846 10.916749 0.117461
47.182583 53.993846 10.875779 -0.089154
51.145431 53.993846 10.985435 -0.223335
55.108279 53.993846 11.015829 -0.065418
59.071127 53.993846 10.891268 -0.164985
63.033975 53.993846 11.027280 -0.088282
66.996822 53.993846 11.168777 -0.006345
-131.145575 50.030998 -10.041586 7.956088
-127.182727 50.030998 15.010763 -17.665489
-123.219879 50.030998 9.689457 0.413643
-119.257031 50.030998 10.623620 0.812787
-115.294183 50.030998 10.982165 1.365512
-111.331335 50.030998 0.000000 0.000000
-107.368487 50.030998 0.000000 0.000000
-103.405639 50.030998 0.000000 0.000000
-99.442791 50.030998 0.000000 0.000000
-95.479943 50.030998 12.269267 1.079255
-91.517095 50.030998 12.369246 0.966877
-87.554247 50.030998 12.451674 0.728642
-83.591400 50.030998 12.216543 0.586162
-79.628552 50.030998 12.401784 0.517481
-75.665704 50.030998 12.435241 0.238247
-71.702856 50.030998 12.367274 0.042756
-67.740008 50.030998 12.235627 0.075866
-63.777160 50.030998 12.008366 -0.188220
-59.814312 50.030998 11.998221 0.026652
-55.851464 50.030998 12.087429 -0.262533
-51.888616 50.030998 11.952768 -0.410710
-47.925768 50.030998 11.861032 -0.406729
-43.962920 50.030998 11.864135 -0.478651
-40.000072 50.030998 11.916829 -0.529398
-36.037224 50.030998 11.827812 -0.518386
-32.074376 50.030998 11.867128 -0.574739
-28.111528 50.030998 11.750197 -0.719406
-24.148680 50.030998 11.633561 -0.761110
-20.185832 50.030998 11.118362 -0.714004
-16.222984 50.030998 11.141156 -0.752540
-12.260136 50.030998 11.000401 -0.707567
-8.297289 50.030998 0.000000 0.000000
-4.334441 50.030998 10.821752 -0.640639
-0.371593 50.030998 10.751107 -0.642449
3.591255 50.030998 10.779871 -0.510866
7.554103 50.030998 10.837596 -0.565632
11.516951 50.030998 10.649210 -0.244919
15.479799 50.030998 10.701789 0.067185
19.442647 50.030998 10.883280 -0.196260
23.405495 50.030998 10.887261 -0.189792
27.368343 50.030998 10.976344 -0.282364
31.331191 50.030998 10.739494 -0.549561
35.294039 50.030998 10.767574 0.118819
39.256887 50.030998 10.718733 0.323312
43.219735 50.030998 10.899581 0.420348
47.182583 50.030998 10.875912 0.236188
51.145431 50.030998 10.856288 -0.245747
55.108279 50.030998 10.775427 0.140046
59.071127 50.030998 10.950104 -0.072530
63.033975 50.030998 10.970003 -0.075909
66.996822 50.030998 10.849597 0.032168
-131.145575 46.068150 -14.789978 -11.240149
-127.182727 46.068150 10.274145 1.139004
-123.219879 46.068150 10.236012 0.468872
-119.257031 46.068150 10.620246 0.937747
-115.294183 46.068150 10.703067 1.073544
-111.331335 46.068150 10.727829 1.562244
-107.368487 46.068150 0.000000 0.000000
-103.405639 46.068150 0.000000 0.000000
-99.442791 46.068150 0.000000 0.000000
-95.479943 46.068150 12.466870 1.485456
-91.517095 46.068150 12.399199 1.196684
-87.554247 46.068150 12.540747 0.641440
-83.591400 46.068150 12.792175 0.541885
-79.628552 46.068150 12.727815 0.439605
-75.665704 46.068150 12.441888 0.042590
-71.702856 46.068150 12.463077 0.129934
-67.740008 46.068150 12.309546 -0.299354
-63.777160 46.068150 12.215699 -0.172442
-59.814312 46.068150 12.268761 -0.090467
-55.851464 46.068150 11.974066 -0.673609
-51.888616 46.068150 12.007874 -0.489922
-47.925768 46.068150 11.928268 -0.596506
-43.962920 46.068150 11.747715 -0.746897
-40.000072 46.068150 11.622041 -0.618893
-36.037224 46.068150 11.868940 -0.636893
-32.074376 46.068150 11.553481 -0.726669
-28.111528 46.068150 11.608176 -0.742725
-24.148680 46.068150 11.421014 -0.738687
-20.185832 46.068150 11.236901 -0.793349
-16.222984 46.068150 11.190190 -0.783058
-12.260136 46.068150 10.975329 -0.923882
-8.297289 46.068150 0.000000 0.000000
-4.334441 46.068150 10.783115 -0.519362
-0.371593 46.068150 10.702744 -0.344925
3.591255 46.068150 10.836382 -0.596080
7.554103 46.068150 10.572021 -0.437530
11.516951 46.068150 10.660451 -0.472593
15.479799 46.068150 10.688803 -0.331457
19.442647 46.068150 10.845035 -0.299349
23.405495 46.068150 11.147300 -0.146834
27.368343 46.068150 10.987612 -0.494588
31.331191 46.068150 10.791105 -0.324528
35.294039 46.068150 10.559532 0.174307
39.256887 46.068150 10.408079 0.496484
43.219735 46.068150 9.030208 2.446337
47.182583 46.068150 10.257135 3.140227
51.145431 46.068150 10.759228 -0.554362
55.108279 46.068150 10.736933 -0.520170
59.071127 46.068150 10.840777 -0.213975
63.033975 46.068150 10.999907 -0.483995
66.996822 46.068150 10.737760 -0.429510
-131.145575 42.105302 10.416645 0.683079
-127.182727 42.105302 10.703216 1.341399
-123.219879 42.105302 10.209213 0.553582
-119.257031 42.105302 10.163028 0.909644
-115.294183 42.105302 9.935899 1.287531
-111.331335 42.105302 10.194571 1.862548
-107.368487 42.105302 0.000000 0.000000
-103.405639 42.105302 0.000000 0.000000
-99.442791 42.105302 12.566842 2.318761
-95.479943 42.105302 12.885525 1.673169
-91.517095 42.105302 12.972589 0.928379
-87.554247 42.105302 13.104724 0.933528
-83.591400 42.105302 12.811696 0.503343
-79.628552 42.105302 12.872051 0.328916
-75.665704 42.105302 12.592945 0.195957
-71.702856 42.105302 12.406532 -0.092540
-67.740008 42.105302 12.551918 -0.126676
-63.777160 42.105302 12.249997 -0.220585
-59.814312 42.105302 12.199385 -0.464248
-55.851464 42.105302 12.100285 -0.476219
-51.888616 42.105302 12.079236 -0.490984
-47.925768 42.105302 12.106974 -0.774420
-43.962920 42.105302 11.803245 -0.765123
-40.000072 42.105302 11.977678 -0.514462
-36.037224 42.105302 11.540623 -0.445721
-32.074376 42.105302 11.726883 -0.664049
-28.111528 42.105302 11.768096 -0.601710
-24.148680 42.105302 11.604568 -0.718503
-20.185832 42.105302 11.590615 -0.929164
-16.222984 42.105302 11.027528 -1.056221
-12.260136 42.105302 11.177086 -1.170186
-8.297289 42.105302 0.000000 0.000000
-4.334441 42.105302 10.189516 -0.532756
-0.371593 42.105302 10.837035 -0.360603
3.591255 42.105302 11.186032 -0.660796
7.554103 42.105302 10.617524 -0.787431
11.516951 42.105302 10.539997 -0.797456
15.479799 42.105302 10.535637 -0.638656
19.442647 42.105302 10.721319 -0.282814
23.405495 42.105302 10.910082 -0.434075
27.368343 42.105302 11.027848 -0.310662
31.331191 42.105302 10.442129 -0.423470
35.294039 42.105302 9.648815 -0.450411
39.256887 42.105302 7.620632 1.020323
43.219735 42.105302 9.032331 2.004879
47.182583 42.105302 10.474641 1.113115
51.145431 42.105302 11.415874 -1.086704
55.108279 42.105302 10.594126 -0.702207
59.071127 42.105302 10.984279 -0.829935
63.033975 42.105302 10.781228 -0.303182
66.996822 42.105302 10.000382 0.374443
-131.145575 38.142454 9.400869 9.273570
-127.182727 38.142454 18.106512 14.501524
-123.219879 38.142454 10.181430 0.365332
-119.257031 38.142454 9.687909 0.603680
-115.294183 38.142454 9.544170 1.490206
-111.331335 38.142454 9.500925 2.240031
-107.368487 38.142454 0.000000 0.000000
-103.405639 38.142454 0.000000 0.000000
-99.442791 38.142454 0.000000 0.000000
-95.479943 38.142454 0.000000 0.000000
-91.517095 38.142454 0.000000 0.000000
-87.554247 38.142454 0.000000 0.000000
-83.591400 38.142454 0.000000 0.000000
-79.628552 38.142454 0.000000 0.000000
-75.665704 38.142454 0.000000 0.000000
-71.702856 38.142454 0.000000 0.000000
-67.740008 38.142454 0.000000 0.000000
-63.777160 38.142454 0.000000 0.000000
-59.814312 38.142454 0.000000 0.000000
-55.851464 38.142454 0.000000 0.000000
-51.888616 38.142454 0.000000 0.000000
-47.925768 38.142454 0.000000 0.000000
-43.962920 38.142454 0.000000 0.000000
-40.000072 38.142454 0.000000 0.000000
-36.037224 38.142454 0.000000 0.000000
-32.074376 38.142454 0.000000 0.000000
-28.111528 38.142454 0.000000 0.000000
-24.148680 38.142454 11.422065 -0.869400
-20.185832 38.142454 11.751282 -1.397997
-16.222984 38.142454 10.939879 -1.005342
-12.260136 38.142454 11.744194 -1.617139
-8.297289 38.142454 0.000000 0.000000
-4.334441 38.142454 8.704202 -0.541416
-0.371593 38.142454 4.638577 2.397761
3.591255 38.142454 11.196997 -1.713980
7.554103 38.142454 10.847483 -1.355379
11.516951 38.142454 10.110678 -1.572759
15.479799 38.142454 10.454997 -1.274692
19.442647 38.142454 10.553670 -0.818007
23.405495 38.142454 10.557565 0.126127
27.368343 38.142454 11.017084 -0.385546
31.331191 38.142454 11.028427 -1.099514
35.294039 38.142454 10.266457 -1.071501
39.256887 38.142454 7.781489 0.311687
43.219735 38.142454 8.492002 1.697575
47.182583 38.142454 9.261813 2.418692
51.145431 38.142454 10.130950 -1.853930
55.108279 38.142454 10.320620 -1.456554
59.071127 38.142454 10.812534 -1.169541
63.033975 38.142454 10.026553 -0.794336
66.996822 38.142454 9.328304 1.052340
-131.145575 34.179606 -0.225028 -8.508854
-127.182727 34.179606 10.258890 11.399502
-123.219879 34.179606 9.563529 0.843273
-119.257031 34.179606 9.539246 0.261792
-115.294183 34.179606 0.000000 0.000000
-111.331335 34.179606 0.000000 0.000000
-107.368487 34.179606 0.000000 0.000000
-103.405639 34.179606 0.000000 0.000000
-99.442791 34.179606 0.000000 0.000000
-95.479943 34.179606 0.000000 0.000000
-91.517095 34.179606 0.000000 0.000000
-87.554247 34.179606 0.000000 0.000000
-83.591400 34.179606 0.000000 0.000000
-79.628552 34.179606 0.000000 0.000000
-75.665704 34.179606 0.000000 0.000000
-71.702856 34.179606 0.000000 0.000000
-67.740008 34.179606 0.000000 0.000000
-63.777160 34.179606 0.000000 0.000000
-59.814312 34.179606 0.000000 0.000000
-55.851464 34.179606 0.000000 0.000000
-51.888616 34.179606 0.000000 0.000000
-47.925768 34.179606 0.000000 0.000000
-43.962920 34.179606 0.000000 0.000000
-40.000072 34.179606 0.000000 0.000000
-36.037224 34.179606 0.000000 0.000000
-32.074376 34.179606 0.000000 0.000000
-28.111528 34.179606 0.000000 0.000000
-24.148680 34.179606 0.000000 0.000000
-20.185832 34.179606 0.000000 0.000000
-16.222984 34.179606 0.000000 0.000000
-12.260136 34.179606 0.000000 0.000000
-8.297289 34.179606 0.000000 0.000000
-4.334441 34.179606 0.000000 0.000000
-0.371593 34.179606 5.371861 5.099752
3.591255 34.179606 6.852377 1.944996
7.554103 34.179606 10.547377 -2.193468
11.516951 34.179606 9.926309 -1.792698
15.479799 34.179606 10.868035 -1.910655
19.442647 34.179606 9.358441 -0.302369
23.405495 34.179606 9.521316 1.428254
27.368343 34.179606 9.596374 1.595034
31.331191 34.179606 11.196840 -1.723490
35.294039 34.179606 10.515400 -1.619108
39.256887 34.179606 10.299631 0.593416
43.219735 34.179606 12.131825 0.725406
47.182583 34.179606 9.647104 1.619793
51.145431 34.179606 9.158460 -0.231639
55.108279 34.179606 10.677696 -1.138332
59.071127 34.179606 11.007467 -1.519615
63.033975 34.179606 9.903855 -0.692830
66.996822 34.179606 9.639042 1.634421
-131.145575 30.216758 2.665979 -9.407666
-127.182727 30.216758 10.111194 0.550865
-123.219879 30.216758 0.000000 0.000000
-119.257031 30.216758 0.000000 0.000000
-115.294183 30.216758 0.000000 0.000000
-111.331335 30.216758 0.000000 0.000000
-107.368487 30.216758 0.000000 0.000000
-103.405639 30.216758 0.000000 0.000000
-99.442791 30.216758 0.000000 0.000000
-95.479943 30.216758 0.000000 0.000000
-91.517095 30.216758 0.000000 0.000000
-87.554247 30.216758 0.000000 0.000000
-83.591400 30.216758 0.000000 0.000000
-79.628552 30.216758 0.000000 0.000000
-75.665704 30.216758 0.000000 0.000000
-71.702856 30.216758 0.000000 0.000000
-67.740008 30.216758 0.000000 0.000000
-63.777160 30.216758 0.000000 0.000000
-59.814312 30.216758 0.000000 0.000000
-55.851464 30.216758 0.000000 0.000000
-51.888616 30.216758 0.000000 0.000000
-47.925768 30.216758 0.000000 0.000000
-43.962920 30.216758 0.000000 0.000000
-40.000072 30.216758 0.000000 0.000000
-36.037224 30.216758 0.000000 0.000000
-32.074376 30.216758 0.000000 0.000000
-28.111528 30.216758 0.000000 0.000000
-24.148680 30.216758 0.000000 0.000000
-20.185832 30.216758 0.000000 0.000000
-16.222984 30.216758 0.000000 0.000000
-12.260136 30.216758 0.000000 0.000000
-8.297289 30.216758 0.000000 0.000000
-4.334441 30.216758 0.000000 0.000000
-0.371593 30.216758 0.000000 0.000000
3.591255 30.216758 0.000000 0.000000
7.554103 30.216758 8.853793 0.251334
11.516951 30.216758 9.888938 -1.799215
15.479799 30.216758 10.447463 -1.598510
19.442647 30.216758 11.210728 2.068141
23.405495 30.216758 10.608216 1.107927
27.368343 30.216758 9.398413 1.224005
31.331191 30.216758 9.396743 -0.984111
35.294039 30.216758 10.687653 -1.412791
39.256887 30.216758 11.806120 0.421778
43.219735 30.216758 11.409083 0.870321
47.182583 30.216758 10.526820 1.194799
51.145431 30.216758 10.109395 0.843603
55.108279 30.216758 10.977837 -1.017701
59.071127 30.216758 11.024850 -1.143529
63.033975 30.216758 12.099099 -0.556476
66.996822 30.216758 11.420607 1.091824
-131.145575 26.253910 0.439613 11.648117
-127.182727 26.253910 17.934078 -7.931859
-123.219879 26.253910 0.000000 0.000000
-119.257031 26.253910 0.000000 0.000000
-115.294183 26.253910 0.000000 0.000000
-111.331335 26.253910 0.000000 0.000000
-107.368487 26.253910 0.000000 0.000000
-103.405639 26.253910 0.000000 0.000000
-99.442791 26.253910 0.000000 0.000000
-95.479943 26.253910 0.000000 0.000000
-91.517095 26.253910 0.000000 0.000000
-87.554247 26.253910 0.000000 0.000000
-83.591400 26.253910 0.000000 0.000000
-79.628552 26.253910 0.000000 0.000000
-75.665704 26.253910 0.000000 0.000000
-71.702856 26.253910 0.000000 0.000000
-67.740008 26.253910 0.000000 0.000000
-63.777160 26.253910 0.000000 0.000000
-59.814312 26.253910 0.000000 0.000000
-55.851464 26.253910 0.000000 0.000000
-51.888616 26.253910 0.000000 0.000000
-47.925768 26.253910 0.000000 0.000000
-43.962920 26.253910 0.000000 0.000000
-40.000072 26.253910 0.000000 0.000000
-36.037224 26.253910 0.000000 0.000000
-32.074376 26.253910 0.000000 0.000000
-28.111528 26.253910 0.000000 0.000000
-24.148680 26.253910 0.000000 0.000000
-20.185832 26.253910 0.000000 0.000000
-16.222984 26.253910 0.000000 0.000000
-12.260136 26.253910 0.000000 0.000000
-8.297289 26.253910 0.000000 0.000000
-4.334441 26.253910 0.000000 0.000000
-0.371593 26.253910 0.000000 0.000000
3.591255 26.253910 0.000000 0.000000
7.554103 26.253910 0.000000 0.000000
11.516951 26.253910 10.265248 -0.279848
15.479799 26.253910 11.369505 0.187195
19.442647 26.253910 11.256260 0.396599
23.405495 26.253910 11.739799 0.280343
27.368343 26.253910 10.267591 0.206255
31.331191 26.253910 10.159799 -0.144898
35.294039 26.253910 10.694366 -0.550937
39.256887 26.253910 11.372033 -0.061495
43.219735 26.253910 11.142169 0.412522
47.182583 26.253910 10.790626 0.480280
51.145431 26.253910 10.152821 0.202313
55.108279 26.253910 10.401367 0.130898
59.071127 26.253910 10.928990 -1.172802
63.033975 26.253910 11.418744 -0.427567
66.996822 26.253910 11.155499 0.327294
-131.145575 22.291062 5.051632 11.849442
-127.182727 22.291062 -10.220121 8.796555
-123.219879 22.291062 0.000000 0.000000
-119.257031 22.291062 0.000000 0.000000
-115.294183 22.291062 0.000000 0.000000
-111.331335 22.291062 0.000000 0.000000
-107.368487 22.291062 0.000000 0.000000
-103.405639 22.291062 0.000000 0.000000
-99.442791 22.291062 0.000000 0.000000
-95.479943 22.291062 0.000000 0.000000
-91.517095 22.291062 0.000000 0.000000
-87.554247 22.291062 0.000000 0.000000
-83.591400 22.291062 0.000000 0.000000
-79.628552 22.291062 0.000000 0.000000
-75.665704 22.291062 0.000000 0.000000
-71.702856 22.291062 0.000000 0.000000
-67.740008 22.291062 0.000000 0.000000
-63.777160 22.291062 0.000000 0.000000
-59.814312 22.291062 0.000000 0.000000
-55.851464 22.291062 0.000000 0.000000
-51.888616 22.291062 0.000000 0.000000
-47.925768 22.291062 0.000000 0.000000
-43.962920 22.291062 0.000000 0.000000
-40.000072 22.291062 0.000000 0.000000
-36.037224 22.291062 0.000000 0.000000
-32.074376 22.291062 0.000000 0.000000
-28.111528 22.291062 0.000000 0.000000
-24.148680 22.291062 0.000000 0.000000
-20.185832 22.291062 0.000000 0.000000
-16.222984 22.291062 0.000000 0.000000
-12.260136 22.291062 0.000000 0.000000
-8.297289 22.291062 0.000000 0.000000
-4.334441 22.291062 10.657142 0.759585
-0.371593 22.291062 10.719998 0.733460
3.591255 22.291062 10.807895 0.354165
7.554103 22.291062 10.543610 0.453459
11.516951 22.291062 10.549813 -0.014964
15.479799 22.291062 10.938460 -0.017273
19.442647 22.291062 11.048991 0.419188
23.405495 22.291062 10.476003 0.106913
27.368343 22.291062 10.389335 0.532661
31.331191 22.291062 10.278460 -0.202606
35.294039 22.291062 10.732290 -0.594652
39.256887 22.291062 10.849939 -0.416521
43.219735 22.291062 11.141503 0.270668
47.182583 22.291062 10.798018 0.202385
51.145431 22.291062 10.788307 0.116789
55.108279 22.291062 10.698547 0.212692
59.071127 22.291062 10.779680 -0.399097
63.033975 22.291062 11.061939 0.072881
66.996822 22.291062 10.870792 -0.143894
-131.145575 18.328214 0.447610 -7.793892
-127.182727 18.328214 -7.352068 2.974364
-123.219879 18.328214 -3.097927 17.010752
-119.257031 18.328214 0.044615 -2.015231
-115.294183 18.328214 -5.498810 -0.034658
-111.331335 18.328214 9.694092 2.798859
-107.368487 18.328214 0.000000 0.000000
-103.405639 18.328214 0.000000 0.000000
-99.442791 18.328214 0.000000 0.000000
-95.479943 18.328214 0.000000 0.000000
-91.517095 18.328214 0.000000 0.000000
-87.554247 18.328214 0.000000 0.000000
-83.591400 18.328214 0.000000 0.000000
-79.628552 18.328214 0.000000 0.000000
-75.665704 18.328214 0.000000 0.000000
-71.702856 18.328214 0.000000 0.000000
-67.740008 18.328214 0.000000 0.000000
-63.777160 18.328214 0.000000 0.000000
-59.814312 18.328214 0.000000 0.000000
-55.851464 18.328214 0.000000 0.000000
-51.888616 18.328214 12.037170 0.321293
-47.925768 18.328214 12.427895 1.066376
-43.962920 18.328214 11.438004 0.676875
-40.000072 18.328214 11.576633 0.632657
-36.037224 18.328214 11.164370 0.618738
-32.074376 18.328214 11.155946 0.822826
-28.111528 18.328214 11.403152 0.633157
-24.148680 18.328214 11.174916 0.889542
-20.185832 18.328214 10.893329 0.896271
-16.222984 18.328214 11.049567 0.702234
-12.260136 18.328214 11.160142 0.625913
-8.297289 18.328214 10.727521 0.791384
-4.334441 18.328214 10.612381 0.845491
-0.371593 18.328214 10.801515 0.628200
3.591255 18.328214 10.617881 0.417275
7.554103 18.328214 10.780295 0.132930
11.516951 18.328214 10.704836 0.629444
15.479799 18.328214 10.831518 0.660855
19.442647 18.328214 10.802135 -0.063309
23.405495 18.328214 10.422534 0.625156
27.368343 18.328214 10.570322 0.595330
31.331191 18.328214 10.926867 -0.137943
35.294039 18.328214 10.751151 0.266844
39.256887 18.328214 10.284665 0.756285
43.219735 18.328214 10.791192 0.426265
47.182583 18.328214 10.792871 0.123126
51.145431 18.328214 10.727979 0.227145
55.108279 18.328214 10.593253 0.043360
59.071127 18.328214 10.761107 0.042590
63.033975 18.328214 11.029346 -0.159627
66.996822 18.328214 10.632287 0.660476
-131.145575 14.365366 -2.715058 11.253716
-127.182727 14.365366 2.444024 -16.911346
-123.219879 14.365366 -2.278110 -16.603645
-119.257031 14.365366 -15.922134 -1.666119
-115.294183 14.365366 10.333898 -0.924308
-111.331335 14.365366 11.390368 -0.775619
-107.368487 14.365366 10.622705 -0.645213
-103.405639 14.365366 10.906512 -0.885774
-99.442791 14.365366 11.462258 -1.052126
-95.479943 14.365366 11.951260 -0.920383
-91.517095 14.365366 12.189462 -0.553187
-87.554247 14.365366 11.863575 -0.597019
-83.591400 14.365366 11.989181 -0.364308
-79.628552 14.365366 11.902932 -0.400827
-75.665704 14.365366 12.161134 0.060103
-71.702856 14.365366 12.143847 0.134908
-67.740008 14.365366 12.179714 0.286450
-63.777160 14.365366 11.869350 0.306746
-59.814312 14.365366 11.864217 0.393673
-55.851464 14.365366 11.806807 0.371916
-51.888616 14.365366 11.917683 0.330650
-47.925768 14.365366 11.426649 0.658798
-43.962920 14.365366 11.613515 0.585017
-40.000072 14.365366 11.511452 0.680283
-36.037224 14.365366 11.739407 0.558662
-32.074376 14.365366 11.529376 0.625931
-28.111528 14.365366 10.827220 0.703321
-24.148680 14.365366 11.215394 0.720479
-20.185832 14.365366 11.204259 0.453610
-16.222984 14.365366 11.078770 0.707578
-12.260136 14.365366 10.902861 0.663253
-8.297289 14.365366 10.904022 0.490918
-4.334441 14.365366 10.874253 0.599358
-0.371593 14.365366 10.905859 0.636403
3.591255 14.365366 10.580510 0.495612
7.554103 14.365366 10.770787 0.246481
11.516951 14.365366 10.690678 0.623454
15.479799 14.365366 10.891219 0.100092
19.442647 14.365366 10.667836 0.282111
23.405495 14.365366 10.366315 0.356707
27.368343 14.365366 10.667315 0.352676
31.331191 14.365366 10.660189 -0.374314
35.294039 14.365366 10.907453 -0.206885
39.256887 14.365366 10.653987 1.122122
43.219735 14.365366 10.438711 0.344699
47.182583 14.365366 10.879819 -0.062435
51.145431 14.365366 10.958152 0.394701
55.108279 14.365366 10.240098 -0.043381
59.071127 14.365366 10.665771 0.220738
63.033975 14.365366 11.247238 -0.144648
66.996822 14.365366 10.979890 -0.298206
-131.145575 10.402518 11.223384 -1.881976
-127.182727 10.402518 -10.650815 -1.373728
-123.219879 10.402518 15.063943 3.599252
-119.257031 10.402518 11.164283 0.121209
-115.294183 10.402518 11.048326 0.193236
-111.331335 10.402518 10.559441 -0.622585
-107.368487 10.402518 11.185368 -0.898771
-103.405639 10.402518 11.538270 -0.476613
-99.442791 10.402518 11.580953 -0.878235
-95.479943 10.402518 11.682957 -0.793564
-91.517095 10.402518 11.731380 -0.323318
-87.554247 10.402518 12.193997 -0.297872
-83.591400 10.402518 11.792233 -0.362997
-79.628552 10.402518 11.847764 -0.525109
-75.665704 10.402518 11.885407 0.084245
-71.702856 10.402518 12.017195 0.018730
-67.740008 10.402518 11.928917 0.147566
-63.777160 10.402518 11.945263 0.419505
-59.814312 10.402518 11.635550 0.122458
-55.851464 10.402518 11.726067 0.343075
-51.888616 10.402518 11.744729 0.648546
-47.925768 10.402518 11.806414 0.440592
-43.962920 10.402518 11.620071 0.348606
-40.000072 10.402518 11.303850 0.665555
-36.037224 10.402518 11.252408 0.673314
-32.074376 10.402518 11.308370 0.463399
-28.111528 10.402518 11.541685 0.608159
-24.148680 10.402518 11.091023 0.722767
-20.185832 10.402518 11.017297 0.559858
-16.222984 10.402518 11.115280 0.555936
-12.260136 10.402518 11.090173 0.741151
-8.297289 10.402518 10.899469 0.501818
-4.334441 10.402518 10.811930 0.555762
-0.371593 10.402518 10.885642 1.033907
3.591255 10.402518 10.756721 0.605133
7.554103 10.402518 10.531322 0.306505
11.516951 10.402518 10.918243 0.334076
15.479799 10.402518 10.603097 0.475680
19.442647 10.402518 10.974155 0.188004
23.405495 10.402518 10.602518 0.306960
27.368343 10.402518 10.481291 0.548016
31.331191 10.402518 10.688702 0.628671
35.294039 10.402518 10.914423 0.238686
39.256887 10.402518 11.015386 -0.101974
43.219735 10.402518 10.079722 0.673881
47.182583 10.402518 10.637506 -0.051150
51.145431 10.402518 10.992384 0.152761
55.108279 10.402518 11.419638 0.078539
59.071127 10.402518 10.848433 0.480978
63.033975 10.402518 10.917503 -0.054104
66.996822 10.402518 10.591299 0.635302
-131.145575 6.439670 -5.299255 -3.798994
-127.182727 6.439670 -0.902849 -4.033787
-123.219879 6.439670 4.660999 -6.111410
-119.257031 6.439670 10.187123 11.922963
-115.294183 6.439670 10.955884 -0.614085
-111.331335 6.439670 11.029960 -0.030879
-107.368487 6.439670 11.135729 -0.300158
-103.405639 6.439670 10.103346 0.221719
-99.442791 6.439670 11.575559 -0.851961
-95.479943 6.439670 11.699749 -0.398122
-91.517095 6.439670 11.325284 -0.375713
-87.554247 6.439670 11.812088 -0.361236
-83.591400 6.439670 11.765718 -0.236788
-79.628552 6.439670 12.013632 -0.116441
-75.665704 6.439670 11.840546 -0.504423
-71.702856 6.439670 11.709737 -0.050672
-67.740008 6.439670 11.678136 0.005803
-63.777160 6.439670 12.039834 0.248487
-59.814312 6.439670 11.504496 0.069431
-55.851464 6.439670 11.659840 0.479888
-51.888616 6.439670 11.773531 0.564835
-47.925768 6.439670 11.454063 0.436555
-43.962920 6.439670 11.373960 0.482169
-40.000072 6.439670 11.448021 0.524184
-36.037224 6.439670 11.086244 0.656982
-32.074376 6.439670 11.184839 0.574889
-28.111528 6.439670 11.444779 0.599488
-24.148680 6.439670 11.104019 0.375171
-20.185832 6.439670 10.989333 0.629973
-16.222984 6.439670 10.890422 0.672814
-12.260136 6.439670 11.072845 0.425113
-8.297289 6.439670 10.903637 0.680142
-4.334441 6.439670 11.010191 0.328071
-0.371593 6.439670 10.903186 0.434958
3.591255 6.439670 10.336963 0.644145
7.554103 6.439670 10.976660 0.259860
11.516951 6.439670 10.905377 0.123380
15.479799 6.439670 10.813007 0.218336
19.442647 6.439670 10.958614 0.364887
23.405495 6.439670 10.886524 0.203058
27.368343 6.439670 10.913063 -0.414370
31.331191 6.439670 10.488847 0.083380
35.294039 6.439670 10.983329 0.301611
39.256887 6.439670 11.159935 -0.233650
43.219735 6.439670 10.707167 0.467746
47.182583 6.439670 10.908397 -0.012647
51.145431 6.439670 10.858295 0.458225
55.108279 6.439670 10.854492 0.576190
59.071127 6.439670 10.877563 0.386542
63.033975 6.439670 11.000842 0.650015
66.996822 6.439670 11.167035 -0.075720
-131.145575 2.476822 2.662185 -17.608507
-127.182727 2.476822 4.647728 15.013827
-123.219879 2.476822 -12.060562 -10.042596
-119.257031 2.476822 -11.793536 -9.723783
-115.294183 2.476822 3.084996 16.018873
-111.331335 2.476822 10.867553 -0.474657
-107.368487 2.476822 11.483357 -0.282396
-103.405639 2.476822 11.552136 -0.578759
-99.442791 2.476822 11.731914 -0.886676
-95.479943 2.476822 10.421223 -0.163212
-91.517095 2.476822 11.403090 -0.702021
-87.554247 2.476822 11.691139 -0.477813
-83.591400 2.476822 11.949770 0.017644
-79.628552 2.476822 11.692805 -0.442153
-75.665704 2.476822 11.984158 -0.043831
-71.702856 2.476822 11.664007 0.487688
-67.740008 2.476822 11.544483 -0.003971
-63.777160 2.476822 11.404049 0.388802
-59.814312 2.476822 11.817831 0.597625
-55.851464 2.476822 12.016283 0.358279
-51.888616 2.476822 11.660570 0.355383
-47.925768 2.476822 10.839901 0.383050
-43.962920 2.476822 11.509988 0.377438
-40.000072 2.476822 11.481323 0.547165
-36.037224 2.476822 11.480612 0.546856
-32.074376 2.476822 11.946762 0.394238
-28.111528 2.476822 11.426840 0.523662
-24.148680 2.476822 11.071348 0.693165
-20.185832 2.476822 11.190361 0.673996
-16.222984 2.476822 11.005631 0.500465
-12.260136 2.476822 11.455883 0.536451
-8.297289 2.476822 11.024035 0.314029
-4.334441 2.476822 11.151545 0.303479
-0.371593 2.476822 11.048382 0.604962
3.591255 2.476822 11.254396 0.348417
7.554103 2.476822 10.676298 0.711740
11.516951 2.476822 10.294394 0.936081
15.479799 2.476822 10.953770 0.698159
19.442647 2.476822 10.832762 0.347528
23.405495 2.476822 10.932907 0.450582
27.368343 2.476822 11.032320 0.310611
31.331191 2.476822 10.856167 -0.236304
35.294039 2.476822 10.964556 0.047299
39.256887 2.476822 10.906973 0.051465
43.219735 2.476822 10.697636 0.234451
47.182583 2.476822 10.844090 0.384404
51.145431 2.476822 10.763457 -0.240699
55.108279 2.476822 10.822886 0.104953
59.071127 2.476822 10.529570 0.202559
63.033975 2.476822 10.419119 0.171069
66.996822 2.476822 10.609554 0.146747
-131.145575 -1.486026 2.896371 4.049368
-127.182727 -1.486026 15.612159 9.681850
-123.219879 -1.486026 -9.478140 -4.055024
-119.257031 -1.486026 10.797659 -1.368199
-115.294183 -1.486026 10.090584 -0.755680
-111.331335 -1.486026 6.755891 -14.765423
-107.368487 -1.486026 11.538605 -1.355336
-103.405639 -1.486026 11.276217 -1.622687
-99.442791 -1.486026 10.400084 -0.401626
-95.479943 -1.486026 11.518973 0.234481
-91.517095 -1.486026 11.671889 -0.516906
-87.554247 -1.486026 11.224763 -0.074702
-83.591400 -1.486026 11.424690 -0.071919
-79.628552 -1.486026 11.558654 -0.185273
-75.665704 -1.486026 11.760884 -0.456409
-71.702856 -1.486026 11.713095 0.046315
-67.740008 -1.486026 11.786094 0.217002
-63.777160 -1.486026 11.418288 0.312918
-59.814312 -1.486026 11.362103 0.149608
-55.851464 -1.486026 11.294571 0.315089
-51.888616 -1.486026 11.616909 0.343797
-47.925768 -1.486026 11.672696 0.417926
-43.962920 -1.486026 11.890609 0.444816
-40.000072 -1.486026 11.451202 0.401814
-36.037224 -1.486026 11.366323 0.580615
-32.074376 -1.486026 11.186578 0.421969
-28.111528 -1.486026 10.865603 0.632519
-24.148680 -1.486026 10.392634 0.707167
-20.185832 -1.486026 10.989355 0.452490
-16.222984 -1.486026 10.940619 0.628686
-12.260136 -1.486026 10.806454 0.553507
-8.297289 -1.486026 10.986332 0.188324
-4.334441 -1.486026 10.844566 0.309419
-0.371593 -1.486026 11.063178 0.452335
3.591255 -1.486026 11.351483 0.118082
7.554103 -1.486026 11.107715 0.182615
11.516951 -1.486026 10.951552 0.276718
15.479799 -1.486026 10.800363 0.116570
19.442647 -1.486026 11.075438 -0.011932
23.405495 -1.486026 10.699422 0.356787
27.368343 -1.486026 11.077456 0.230525
31.331191 -1.486026 10.724556 0.655345
35.294039 -1.486026 11.061378 -0.108405
39.256887 -1.486026 10.913454 0.038659
43.219735 -1.486026 10.548799 -0.011126
47.182583 -1.486026 10.555283 0.305288
51.145431 -1.486026 10.552429 0.545911
55.108279 -1.486026 10.968894 0.109249
59.071127 -1.486026 10.820922 0.364196
63.033975 -1.486026 11.248306 -0.243802
66.996822 -1.486026 11.106446 -0.798875
-131.145575 -5.448874 12.495748 -14.273179
-127.182727 -5.448874 -2.236896 -4.210229
-123.219879 -5.448874 10.204853 -11.898133
-119.257031 -5.448874 7.875561 -16.229300
-115.294183 -5.448874 -4.213065 10.035922
-111.331335 -5.448874 5.150252 -2.011232
-107.368487 -5.448874 11.040626 -0.391847
-103.405639 -5.448874 11.384309 -0.467905
-99.442791 -5.448874 11.690475 -0.645665
-95.479943 -5.448874 11.583672 -0.425785
-91.517095 -5.448874 11.352997 -0.417480
-87.554247 -5.448874 11.697054 0.364711
-83.591400 -5.448874 11.716324 0.196914
-79.628552 -5.448874 11.342966 -0.561450
-75.665704 -5.448874 11.525898 0.087933
-71.702856 -5.448874 11.518525 -0.094847
-67.740008 -5.448874 11.357101 0.522757
-63.777160 -5.448874 11.658375 0.276150
-59.814312 -5.448874 11.615552 0.195055
-55.851464 -5.448874 11.557709 -0.015322
-51.888616 -5.448874 11.539480 0.202780
-47.925768 -5.448874 11.354699 -0.057765
-43.962920 -5.448874 11.796397 0.030136
-40.000072 -5.448874 11.178006 0.937036
-36.037224 -5.448874 11.943318 0.512886
-32.074376 -5.448874 11.176267 0.278818
-28.111528 -5.448874 11.608948 0.276862
-24.148680 -5.448874 10.920256 0.313780
-20.185832 -5.448874 10.805164 0.388575
-16.222984 -5.448874 11.092188 0.476750
-12.260136 -5.448874 10.993563 0.246964
-8.297289 -5.448874 10.891940 0.118927
-4.334441 -5.448874 10.959591 -0.034048
-0.371593 -5.448874 10.707287 0.153953
3.591255 -5.448874 11.161289 0.295562
7.554103 -5.448874 10.678147 0.402286
11.516951 -5.448874 11.131677 0.351085
15.479799 -5.448874 10.825700 0.499824
19.442647 -5.448874 10.747902 0.065925
23.405495 -5.448874 10.531913 0.575303
27.368343 -5.448874 10.842713 0.030391
31.331191 -5.448874 11.068162 0.075524
35.294039 -5.448874 10.898705 0.007351
39.256887 -5.448874 10.964122 -0.217255
43.219735 -5.448874 11.249350 0.059004
47.182583 -5.448874 10.757759 0.386963
51.145431 -5.448874 10.120061 0.463277
55.108279 -5.448874 11.400331 -0.667209
59.071127 -5.448874 10.724717 0.493820
63.033975 -5.448874 11.186093 0.413106
66.996822 -5.448874 10.027459 -0.142063
-131.145575 -9.411722 -5.614944 -14.582690
-127.182727 -9.411722 -0.523180 -9.338268
-123.219879 -9.411722 -8.132372 -9.620830
-119.257031 -9.411722 9.902510 -0.538203
-115.294183 -9.411722 11.367545 -1.518186
-111.331335 -9.411722 10.805037 1.371873
-107.368487 -9.411722 10.874931 -0.371833
-103.405639 -9.411722 11.117103 -0.497723
-99.442791 -9.411722 11.277908 -0.787122
-95.479943 -9.411722 10.985956 -0.047300
-91.517095 -9.411722 11.242013 0.069660
-87.554247 -9.411722 11.541750 -0.558307
-83.591400 -9.411722 11.090315 0.089698
-79.628552 -9.411722 11.456199 0.356788
-75.665704 -9.411722 11.493528 -0.071568
-71.702856 -9.411722 10.932434 0.219866
-67.740008 -9.411722 11.654711 -0.255942
-63.777160 -9.411722 11.169966 0.060732
-59.814312 -9.411722 11.327155 0.197910
-55.851464 -9.411722 11.145035 0.647066
-51.888616 -9.411722 11.321939 0.192555
-47.925768 -9.411722 11.230430 0.261868
-43.962920 -9.411722 11.331045 0.304798
-40.000072 -9.411722 11.107317 0.441744
-36.037224 -9.411722 11.430463 0.408168
-32.074376 -9.411722 11.346350 0.345990
-28.111528 -9.411722 11.133670 0.375036
-24.148680 -9.411722 11.482627 0.502518
-20.185832 -9.411722 10.950152 0.534495
-16.222984 -9.411722 11.021119 0.618973
-12.260136 -9.411722 11.103913 0.596414
-8.297289 -9.411722 10.792993 0.646645
-4.334441 -9.411722 10.667855 0.877464
-0.371593 -9.411722 11.012083 0.501488
3.591255 -9.411722 11.195674 0.286440
7.554103 -9.411722 10.804123 0.325238
11.516951 -9.411722 11.199632 0.389337
15.479799 -9.411722 10.652844 -0.192817
19.442647 -9.411722 10.800315 0.090884
23.405495 -9.411722 11.031741 0.097635
27.368343 -9.411722 10.849684 -0.117267
31.331191 -9.411722 10.778926 0.185516
35.294039 -9.411722 10.621501 0.210245
39.256887 -9.411722 10.650945 -0.504470
43.219735 -9.411722 10.766702 0.434863
47.182583 -9.411722 10.963054 -0.024833
51.145431 -9.411722 10.945688 -0.040952
55.108279 -9.411722 10.927638 0.394831
59.071127 -9.411722 10.730076 0.597360
63.033975 -9.411722 10.324205 -0.214713
66.996822 -9.411722 11.573086 -0.399566
-131.145575 -13.374570 18.005610 -12.717892
-127.182727 -13.374570 10.456858 -2.037412
-123.219879 -13.374570 11.817410 0.302983
-119.257031 -13.374570 12.951102 -0.276957
-115.294183 -13.374570 11.226764 0.126360
-111.331335 -13.374570 -2.402153 -10.453896
-107.368487 -13.374570 10.532713 0.600983
-103.405639 -13.374570 9.991199 0.392187
-99.442791 -13.374570 10.074268 0.498950
-95.479943 -13.374570 10.852550 0.129470
-91.517095 -13.374570 11.338276 -0.313294
-87.554247 -13.374570 11.415451 -0.232530
-83.591400 -13.374570 11.191762 -0.090855
-79.628552 -13.374570 11.327374 -0.082394
-75.665704 -13.374570 11.107486 0.056320
-71.702856 -13.374570 11.480706 -0.276422
-67.740008 -13.374570 10.964496 0.452377
-63.777160 -13.374570 11.049861 0.283260
-59.814312 -13.374570 11.323007 0.246234
-55.851464 -13.374570 11.299249 0.427527
-51.888616 -13.374570 11.559964 0.217163
-47.925768 -13.374570 11.531382 0.470409
-43.962920 -13.374570 10.971427 0.377459
-40.000072 -13.374570 11.061818 0.669976
-36.037224 -13.374570 11.276376 0.083376
-32.074376 -13.374570 11.317343 0.590351
-28.111528 -13.374570 11.297167 0.528199
-24.148680 -13.374570 11.496908 0.059899
-20.185832 -13.374570 11.334906 0.490866
-16.222984 -13.374570 11.212784 0.357061
-12.260136 -13.374570 10.780196 0.202138
-8.297289 -13.374570 11.077646 0.433905
-4.334441 -13.374570 11.159262 0.333004
-0.371593 -13.374570 11.033706 0.277348
3.591255 -13.374570 10.993857 0.667799
7.554103 -13.374570 11.140744 0.261347
11.516951 -13.374570 10.913140 0.163607
15.479799 -13.374570 10.606563 0.172172
19.442647 -13.374570 10.972975 -0.289862
23.405495 -13.374570 10.191425 0.486170
27.368343 -13.374570 11.328579 0.221779
31.331191 -13.374570 11.350681 0.233519
35.294039 -13.374570 10.683456 0.076125
39.256887 -13.374570 10.410088 -0.331404
43.219735 -13.374570 10.682611 0.219411
47.182583 -13.374570 10.618019 -0.032402
51.145431 -13.374570 10.786202 0.352740
55.108279 -13.374570 11.343144 -0.383936
59.071127 -13.374570 10.978745 0.562240
63.033975 -13.374570 10.997784 0.345156
66.996822 -13.374570 11.416777 -0.702640
-131.145575 -17.337417 2.119437 -10.753727
-127.182727 -17.337417 -12.941044 -8.423121
-123.219879 -17.337417 5.030933 3.180542
-119.257031 -17.337417 -14.806945 -8.663442
-115.294183 -17.337417 10.960080 0.420436
-111.331335 -17.337417 10.887389 -0.269669
-107.368487 -17.337417 11.583250 -0.158642
-103.405639 -17.337417 10.987556 -0.727427
-99.442791 -17.337417 10.820992 0.355648
-95.479943 -17.337417 10.993563 -0.225196
-91.517095 -17.337417 10.385361 0.144504
-87.554247 -17.337417 11.214526 0.567072
-83.591400 -17.337417 10.887645 -0.137006
-79.628552 -17.337417 11.756910 -0.089402
-75.665704 -17.337417 11.310300 0.127484
-71.702856 -17.337417 11.392942 -0.438326
-67.740008 -17.337417 11.263587 -0.069421
-63.777160 -17.337417 11.673723 0.231200
-59.814312 -17.337417 11.007104 -0.007089
-55.851464 -17.337417 11.355441 0.117644
-51.888616 -17.337417 11.835014 0.215906
-47.925768 -17.337417 11.038786 0.543175
-43.962920 -17.337417 10.942603 0.032946
-40.000072 -17.337417 11.171889 0.382763
-36.037224 -17.337417 11.509880 0.155218
-32.074376 -17.337417 11.171612 0.422789
-28.111528 -17.337417 11.245417 0.623899
-24.148680 -17.337417 11.504105 0.344964
-20.185832 -17.337417 11.181203 0.197449
-16.222984 -17.337417 11.214141 0.240973
-12.260136 -17.337417 11.310565 0.157389
-8.297289 -17.337417 10.682039 0.324579
-4.334441 -17.337417 11.278637 0.132581
-0.371593 -17.337417 11.491284 -0.020446
3.591255 -17.337417 11.057839 0.392177
7.554103 -17.337417 11.529275 0.326298
11.516951 -17.337417 10.739637 0.334298
15.479799 -17.337417 10.731731 -0.120101
19.442647 -17.337417 10.879491 0.273045
23.405495 -17.337417 11.174911 0.252426
27.368343 -17.337417 10.664707 -0.075063
31.331191 -17.337417 10.573355 -0.120136
35.294039 -17.337417 11.291276 -0.027430
39.256887 -17.337417 10.854464 0.321954
43.219735 -17.337417 10.927753 -0.354028
47.182583 -17.337417 6.953087 0.571114
51.145431 -17.337417 11.503656 0.070578
55.108279 -17.337417 10.862362 0.081348
59.071127 -17.337417 -10.510919 6.150535
63.033975 -17.337417 10.597021 0.534438
66.996822 -17.337417 10.953927 0.318968
-131.145575 -21.300265 12.851364 -10.997364
-127.182727 -21.300265 -1.543415 -15.679584
-123.219879 -21.300265 -15.452225 -6.170825
-119.257031 -21.300265 11.368951 -0.198305
-115.294183 -21.300265 3.735274 6.546252
-111.331335 -21.300265 10.382651 1.174793
-107.368487 -21.300265 9.798004 -0.388749
-103.405639 -21.300265 11.491398 -0.156532
-99.442791 -21.300265 12.047853 0.073691
-95.479943 -21.300265 11.018668 0.338983
-91.517095 -21.300265 10.750681 0.365717
-87.554247 -21.300265 12.853020 -0.504032
-83.591400 -21.300265 11.132417 0.372145
-79.628552 -21.300265 11.128647 -0.051938
-75.665704 -21.300265 10.750329 -0.307545
-71.702856 -21.300265 11.217332 0.061137
-67.740008 -21.300265 10.945660 -0.486092
-63.777160 -21.300265 11.309257 -0.012237
-59.814312 -21.300265 11.063833 0.332696
-55.851464 -21.300265 11.145020 -0.164255
-51.888616 -21.300265 10.805752 0.131611
-47.925768 -21.300265 10.793988 -0.005315
-43.962920 -21.300265 11.038184 0.501863
-40.000072 -21.300265 11.171479 0.841421
-36.037224 -21.300265 11.276395 0.440765
-32.074376 -21.300265 11.586260 0.209138
-28.111528 -21.300265 11.653311 0.276346
-24.148680 -21.300265 10.913505 0.130240
-20.185832 -21.300265 11.644381 0.466568
-16.222984 -21.300265 10.617906 0.669444
-12.260136 -21.300265 10.948144 0.283215
-8.297289 -21.300265 11.259225 0.802761
-4.334441 -21.300265 10.978950 0.646076
-0.371593 -21.300265 10.720367 0.500232
3.591255 -21.300265 10.957838 -0.033005
7.554103 -21.300265 11.540625 -0.049317
11.516951 -21.300265 11.346952 0.294345
15.479799 -21.300265 11.062250 0.246641
19.442647 -21.300265 10.799640 0.241112
23.405495 -21.300265 10.894170 0.365044
27.368343 -21.300265 11.003910 -0.065418
31.331191 -21.300265 11.250109 0.131458
35.294039 -21.300265 11.090320 -0.147920
39.256887 -21.300265 11.164488 -0.189665
43.219735 -21.300265 11.023305 -0.062044
47.182583 -21.300265 10.786079 0.301987
51.145431 -21.300265 10.491168 0.793725
55.108279 -21.300265 11.001777 0.598766
59.071127 -21.300265 10.820922 -0.012773
63.033975 -21.300265 10.230360 0.065769
66.996822 -21.300265 10.740678 0.080824
-131.145575 -25.263113 4.994589 4.024515
-127.182727 -25.263113 10.534988 -0.839591
-123.219879 -25.263113 10.401134 -8.454476
-119.257031 -25.263113 -11.562042 -6.562382
-115.294183 -25.263113 11.679132 -0.322378
-111.331335 -25.263113 10.959520 -1.467622
-107.368487 -25.263113 10.707906 -1.354152
-103.405639 -25.263113 11.412896 -0.313006
-99.442791 -25.263113 10.569385 -0.648614
-95.479943 -25.263113 10.905109 0.503164
-91.517095 -25.263113 10.842669 0.432556
-87.554247 -25.263113 11.425871 0.189050
-83.591400 -25.263113 11.563867 0.527943
-79.628552 -25.263113 11.588762 0.023634
-75.665704 -25.263113 11.445849 0.009573
-71.702856 -25.263113 10.955054 -0.189744
-67.740008 -25.263113 11.483340 -0.409067
-63.777160 -25.263113 11.343744 -0.276815
-59.814312 -25.263113 10.944609 0.263947
-55.851464 -25.263113 11.158466 0.064185
-51.888616 -25.263113 10.810066 0.606851
-47.925768 -25.263113 11.310030 0.032492
-43.962920 -25.263113 11.367998 -0.180719
-40.000072 -25.263113 11.077297 -0.213900
-36.037224 -25.263113 11.335453 0.252840
-32.074376 -25.263113 10.950333 0.008239
-28.111528 -25.263113 11.417068 0.228526
-24.148680 -25.263113 11.867501 0.582942
-20.185832 -25.263113 11.484946 0.043581
-16.222984 -25.263113 10.989224 -0.148043
-12.260136 -25.263113 11.676753 -0.125796
-8.297289 -25.263113 11.231379 0.145048
-4.334441 -25.263113 10.804708 0.659327
-0.371593 -25.263113 11.129006 0.308209
3.591255 -25.263113 11.413803 -0.116295
7.554103 -25.263113 10.961661 0.087441
11.516951 -25.263113 11.247000 0.465556
15.479799 -25.263113 11.386851 0.266669
19.442647 -25.263113 10.868607 0.365320
23.405495 -25.263113 10.322624 0.039291
27.368343 -25.263113 10.723103 0.228023
31.331191 -25.263113 11.237778 -0.094677
35.294039 -25.263113 10.868749 0.494497
39.256887 -25.263113 10.879159 0.081041
43.219735 -25.263113 10.788136 1.123206
47.182583 -25.263113 10.892967 0.199432
51.145431 -25.263113 10.094556 0.761936
55.108279 -25.263113 11.872906 0.036563
59.071127 -25.263113 10.885688 0.201654
63.033975 -25.263113 11.420120 0.353225
66.996822 -25.263113 10.567712 0.510750
-131.145575 -29.225961 -5.410929 8.379766
-127.182727 -29.225961 17.587906 16.821018
-123.219879 -29.225961 9.834431 1.332736
-119.257031 -29.225961 17.361612 -2.057157
-115.294183 -29.225961 -12.117395 -2.729727
-111.331335 -29.225961 10.206649 -0.262886
-107.368487 -29.225961 11.152576 1.667184
-103.405639 -29.225961 11.894691 -0.133942
-99.442791 -29.225961 11.125258 -0.224363
-95.479943 -29.225961 10.478731 0.032726
-91.517095 -29.225961 11.881922 0.098645
-87.554247 -29.225961 10.186868 0.857175
-83.591400 -29.225961 11.427602 0.175008
-79.628552 -29.225961 11.021479 0.100224
-75.665704 -29.225961 11.584082 0.506855
-71.702856 -29.225961 11.488332 -0.435918
-67.740008 -29.225961 10.911846 -0.041585
-63.777160 -29.225961 11.346066 0.206834
-59.814312 -29.225961 11.059512 0.084119
-55.851464 -29.225961 11.536774 0.157248
-51.888616 -29.225961 10.871949 0.231828
-47.925768 -29.225961 10.706026 0.309255
-43.962920 -29.225961 10.778727 0.114921
-40.000072 -29.225961 11.010085 0.528815
-36.037224 -29.225961 10.902477 0.260827
-32.074376 -29.225961 11.121571 0.158546
-28.111528 -29.225961 10.856934 0.267274
-24.148680 -29.225961 10.485829 0.628393
-20.185832 -29.225961 11.030575 0.177713
-16.222984 -29.225961 11.581732 -0.012379
-12.260136 -29.225961 11.356918 -0.076917
-8.297289 -29.225961 11.279316 0.408177
-4.334441 -29.225961 10.684963 0.492333
-0.371593 -29.225961 10.793944 0.728859
3.591255 -29.225961 11.269822 0.678975
7.554103 -29.225961 11.374648 -0.049295
11.516951 -29.225961 10.646621 -0.125859
15.479799 -29.225961 10.436824 0.664585
19.442647 -29.225961 10.967884 -0.028816
23.405495 -29.225961 10.841826 -0.130293
27.368343 -29.225961 10.826232 0.643258
31.331191 -29.225961 10.794118 -0.248634
35.294039 -29.225961 10.686376 0.195203
39.256887 -29.225961 11.021129 0.094903
43.219735 -29.225961 11.262119 -0.021263
47.182583 -29.225961 10.541388 0.208844
51.145431 -29.225961 10.597260 -0.310306
55.108279 -29.225961 10.835446 0.834193
59.071127 -29.225961 10.786374 0.537155
63.033975 -29.225961 10.092584 0.597532
66.996822 -29.225961 11.399269 -0.274690
-131.145575 -33.188809 1.842530 0.455632
-127.182727 -33.188809 4.840509 12.728324
-123.219879 -33.188809 0.484329 -12.627301
-119.257031 -33.188809 10.724903 -5.470064
-115.294183 -33.188809 15.733867 9.682111
-111.331335 -33.188809 10.995949 -0.739462
-107.368487 -33.188809 11.442704 -0.941145
-103.405639 -33.188809 9.479187 -0.504328
-99.442791 -33.188809 14.312659 -8.265884
-95.479943 -33.188809 12.150857 0.368249
-91.517095 -33.188809 10.442628 0.298506
-87.554247 -33.188809 11.136155 -0.364945
-83.591400 -33.188809 10.959258 -0.073503
-79.628552 -33.188809 11.757125 -0.614569
-75.665704 -33.188809 11.232512 0.101702
-71.702856 -33.188809 11.552840 -0.059837
-67.740008 -33.188809 10.829702 0.154504
-63.777160 -33.188809 11.789043 0.168591
-59.814312 -33.188809 10.969868 0.519750
-55.851464 -33.188809 11.561705 0.086306
-51.888616 -33.188809 11.275233 0.360630
-47.925768 -33.188809 11.887075 0.545132
-43.962920 -33.188809 11.336663 -0.213553
-40.000072 -33.188809 11.657336 0.613563
-36.037224 -33.188809 10.482640 0.463577
-32.074376 -33.188809 11.167221 0.312314
-28.111528 -33.188809 10.824217 0.669321
-24.148680 -33.188809 10.675506 0.659256
-20.185832 -33.188809 11.127105 0.186902
-16.222984 -33.188809 10.421148 0.690953
-12.260136 -33.188809 11.558217 0.224973
-8.297289 -33.188809 10.972514 0.059288
-4.334441 -33.188809 10.661076 0.088766
-0.371593 -33.188809 10.801576 0.292578
3.591255 -33.188809 11.401650 0.594119
7.554103 -33.188809 11.081831 0.215292
11.516951 -33.188809 10.990326 0.300667
15.479799 -33.188809 10.793949 0.500303
19.442647 -33.188809 10.540130 -0.436329
23.405495 -33.188809 11.066738 -0.004038
27.368343 -33.188809 11.009899 -0.075789
31.331191 -33.188809 11.002006 0.443121
35.294039 -33.188809 11.356318 -0.489357
39.256887 -33.188809 11.297528 -0.292903
43.219735 -33.188809 10.232359 0.996649
47.182583 -33.188809 11.135041 0.469805
51.145431 -33.188809 10.605680 -0.618624
55.108279 -33.188809 11.084826 0.155550
59.071127 -33.188809 18.059971 -9.675740
63.033975 -33.188809 10.502898 0.787711
66.996822 -33.188809 10.802062 1.583243
-131.145575 -37.151657 -7.722676 -9.587439
-127.182727 -37.151657 -5.231654 7.646043
-123.219879 -37.151657 9.692921 -2.137743
-119.257031 -37.151657 -15.755525 -1.130609
-115.294183 -37.151657 0.353168 12.203228
-111.331335 -37.151657 10.722343 0.508065
-107.368487 -37.151657 18.072821 -8.818066
-103.405639 -37.151657 11.689279 -0.238302
-99.442791 -37.151657 11.792124 -0.503828
-95.479943 -37.151657 12.107296 -0.466179
-91.517095 -37.151657 10.393423 0.667447
-87.554247 -37.151657 10.877221 0.290075
-83.591400 -37.151657 10.982153 -0.112216
-79.628552 -37.151657 11.284575 -0.064216
-75.665704 -37.151657 11.306212 -0.493397
-71.702856 -37.151657 11.142581 0.432450
-67.740008 -37.151657 10.396662 1.043949
-63.777160 -37.151657 10.939923 0.187038
-59.814312 -37.151657 11.005614 0.091384
-55.851464 -37.151657 10.558808 0.169599
-51.888616 -37.151657 11.280519 -0.254870
-47.925768 -37.151657 11.396830 0.172912
-43.962920 -37.151657 11.573853 1.021187
-40.000072 -37.151657 11.010080 -0.043953
-36.037224 -37.151657 11.038757 0.370941
-32.074376 -37.151657 11.082378 0.548156
-28.111528 -37.151657 10.841233 -0.011352
-24.148680 -37.151657 10.210929 -0.135789
-20.185832 -37.151657 10.986788 0.833437
-16.222984 -37.151657 10.939178 0.302332
-12.260136 -37.151657 10.460110 0.170203
-8.297289 -37.151657 11.014264 0.423653
-4.334441 -37.151657 10.906394 0.688414
-0.371593 -37.151657 10.225125 0.487170
3.591255 -37.151657 11.214507 0.897482
7.554103 -37.151657 11.203541 0.160547
11.516951 -37.151657 11.293517 0.075191
15.479799 -37.151657 11.637866 0.824890
19.442647 -37.151657 10.779678 -0.217575
23.405495 -37.151657 10.753908 -0.194144
27.368343 -37.151657 10.457624 -0.228153
31.331191 -37.151657 10.855743 -0.641559
35.294039 -37.151657 10.428940 0.645542
39.256887 -37.151657 10.822392 0.059655
43.219735 -37.151657 11.125817 0.204805
47.182583 -37.151657 9.607824 1.207276
51.145431 -37.151657 10.813945 -0.072854
55.108279 -37.151657 10.740107 -0.280363
59.071127 -37.151657 10.322010 -0.342103
63.033975 -37.151657 11.004601 -0.330499
66.996822 -37.151657 11.200752 0.033434
-131.145575 -41.114505 17.647087 -8.213250
-127.182727 -41.114505 -2.079284 -12.701777
-123.219879 -41.114505 -12.964065 -2.786329
-119.257031 -41.114505 -13.771544 16.129696
-115.294183 -41.114505 4.962914 -1.655664
-111.331335 -41.114505 -10.262417 0.958681
-107.368487 -41.114505 11.874516 0.013400
-103.405639 -41.114505 11.276684 1.102164
-99.442791 -41.114505 10.535603 -0.171757
-95.479943 -41.114505 12.027776 0.089062
-91.517095 -41.114505 11.643498 0.246007
-87.554247 -41.114505 11.150161 0.113257
-83.591400 -41.114505 10.466020 0.342624
-79.628552 -41.114505 10.884275 -0.311473
-75.665704 -41.114505 10.818632 -0.028423
-71.702856 -41.114505 11.141440 0.378698
-67.740008 -41.114505 12.138087 0.733434
-63.777160 -41.114505 11.953677 0.175378
-59.814312 -41.114505 11.085814 -0.107573
-55.851464 -41.114505 11.265163 -0.102592
-51.888616 -41.114505 11.098702 -0.140605
-47.925768 -41.114505 11.631472 -0.219333
-43.962920 -41.114505 10.920671 0.135663
-40.000072 -41.114505 10.694269 0.243063
-36.037224 -41.114505 10.822735 0.641990
-32.074376 -41.114505 10.438627 0.150888
-28.111528 -41.114505 11.342587 0.101222
-24.148680 -41.114505 10.603943 0.491668
-20.185832 -41.114505 10.771608 0.628591
-16.222984 -41.114505 11.124801 0.429939
-12.260136 -41.114505 10.676397 0.165021
-8.297289 -41.114505 10.962509 0.467866
-4.334441 -41.114505 10.687973 -0.169823
-0.371593 -41.114505 10.384517 0.486837
3.591255 -41.114505 10.630210 -0.259049
7.554103 -41.114505 11.270900 0.846988
11.516951 -41.114505 10.406903 0.129429
15.479799 -41.114505 11.093894 0.292103
19.442647 -41.114505 10.737660 -0.187476
23.405495 -41.114505 10.784388 1.555736
27.368343 -41.114505 11.131227 0.363717
31.331191 -41.114505 10.357536 0.526917
35.294039 -41.114505 10.217808 0.445778
39.256887 -41.114505 11.068045 0.285422
43.219735 -41.114505 9.741988 1.388324
47.182583 -41.114505 10.523292 0.094892
51.145431 -41.114505 10.665823 -0.000313
55.108279 -41.114505 12.741674 -0.401662
59.071127 -41.114505 9.624558 0.335573
63.033975 -41.114505 10.655720 0.927061
66.996822 -41.114505 10.618089 -0.256905
-131.145575 -45.077353 -10.762414 11.430932
-127.182727 -45.077353 2.005274 4.634434
-123.219879 -45.077353 -9.209461 -12.320877
-119.257031 -45.077353 7.416786 6.944251
-115.294183 -45.077353 10.789008 -1.542057
-111.331335 -45.077353 -4.743896 -6.999161
-107.368487 -45.077353 9.208744 -1.173580
-103.405639 -45.077353 12.294820 -5.216613
-99.442791 -45.077353 14.696096 -17.182478
-95.479943 -45.077353 10.028201 0.014097
-91.517095 -45.077353 11.586168 -0.903917
-87.554247 -45.077353 10.866885 0.119418
-83.591400 -45.077353 10.632381 0.239718
-79.628552 -45.077353 11.170445 -0.460396
-75.665704 -45.077353 11.109961 -0.250625
-71.702856 -45.077353 11.758616 -0.596784
-67.740008 -45.077353 10.235046 0.552984
-63.777160 -45.077353 10.964278 -0.132501
-59.814312 -45.077353 11.490728 -0.334921
-55.851464 -45.077353 11.941504 0.158531
-51.888616 -45.077353 11.503948 0.762813
-47.925768 -45.077353 11.685041 -0.060822
-43.962920 -45.077353 11.090031 0.431345
-40.000072 -45.077353 11.420621 -0.211454
-36.037224 -45.077353 11.542010 0.239072
-32.074376 -45.077353 10.938072 0.455055
-28.111528 -45.077353 11.579382 0.013730
-24.148680 -45.077353 11.380009 -0.259902
-20.185832 -45.077353 10.899734 -0.174430
-16.222984 -45.077353 10.400395 0.435453
-12.260136 -45.077353 10.849706 0.304094
-8.297289 -45.077353 10.844562 0.515679
-4.334441 -45.077353 10.616599 0.547440
-0.371593 -45.077353 10.783532 0.367962
3.591255 -45.077353 10.920627 -0.310682
7.554103 -45.077353 11.135577 0.011925
11.516951 -45.077353 10.719550 0.770268
15.479799 -45.077353 10.967070 0.230953
19.442647 -45.077353 11.055034 -0.318819
23.405495 -45.077353 10.582212 0.471598
27.368343 -45.077353 10.416498 8.885497
31.331191 -45.077353 10.521419 -0.206552
35.294039 -45.077353 11.648845 0.031840
39.256887 -45.077353 10.316105 0.296793
43.219735 -45.077353 11.376205 0.539297
47.182583 -45.077353 11.389990 0.278012
51.145431 -45.077353 12.973045 0.342573
55.108279 -45.077353 10.424291 -0.519610
59.071127 -45.077353 12.075356 0.610041
63.033975 -45.077353 13.011436 0.847510
66.996822 -45.077353 17.470219 -13.581320
-131.145575 -49.040201 2.484716 -9.822526
-127.182727 -49.040201 -4.700472 -16.366327
-123.219879 -49.040201 -13.536720 -12.556534
-119.257031 -49.040201 11.369308 -0.265493
-115.294183 -49.040201 -9.040936 11.640395
-111.331335 -49.040201 9.865655 3.753747
-107.368487 -49.040201 11.909161 0.504337
-103.405639 -49.040201 9.959047 0.819067
-99.442791 -49.040201 10.045637 1.413607
-95.479943 -49.040201 11.624809 0.770689
-91.517095 -49.040201 10.987234 0.449691
-87.554247 -49.040201 11.352850 0.144908
-83.591400 -49.040201 11.280367 0.337845
-79.628552 -49.040201 9.715063 0.382886
-75.665704 -49.040201 8.782431 0.616143
-71.702856 -49.040201 10.536543 -0.340884
-67.740008 -49.040201 11.324670 -0.633689
-63.777160 -49.040201 11.005255 0.022613
-59.814312 -49.040201 11.670365 -0.353164
-55.851464 -49.040201 11.199031 -0.249548
-51.888616 -49.040201 10.576061 0.140423
-47.925768 -49.040201 10.809291 1.507208
-43.962920 -49.040201 11.380654 0.712355
-40.000072 -49.040201 10.709065 0.218714
-36.037224 -49.040201 10.120193 -0.509949
-32.074376 -49.040201 11.501369 0.353036
-28.111528 -49.040201 10.920526 0.453980
-24.148680 -49.040201 10.831062 0.291077
-20.185832 -49.040201 11.012443 0.405870
-16.222984 -49.040201 10.790100 0.439739
-12.260136 -49.040201 11.492948 -0.416805
-8.297289 -49.040201 11.008307 0.521727
-4.334441 -49.040201 8.851445 -0.468506
-0.371593 -49.040201 10.102379 -0.019107
3.591255 -49.040201 11.853751 -0.250220
7.554103 -49.040201 10.284354 0.809688
11.516951 -49.040201 10.772457 -0.154452
15.479799 -49.040201 11.349850 -0.476843
19.442647 -49.040201 10.561959 -0.135818
23.405495 -49.040201 10.877893 -0.262797
27.368343 -49.040201 10.937498 0.427784
31.331191 -49.040201 11.539316 -0.491853
35.294039 -49.040201 10.855434 -0.489288
39.256887 -49.040201 10.231982 1.108250
43.219735 -49.040201 11.657864 0.746607
47.182583 -49.040201 10.456427 -0.989166
51.145431 -49.040201 10.883270 0.976868
55.108279 -49.040201 11.931125 -0.498988
59.071127 -49.040201 -8.499641 -5.519368
63.033975 -49.040201 9.909266 -0.173048
66.996822 -49.040201 -8.528178 -5.146694
-131.145575 -53.003049 0.000000 0.000000
-127.182727 -53.003049 0.000000 0.000000
-123.219879 -53.003049 0.000000 0.000000
-119.257031 -53.003049 0.000000 0.000000
-115.294183 -53.003049 0.000000 0.000000
-111.331335 -53.003049 0.000000 0.000000
-107.368487 -53.003049 0.000000 0.000000
-103.405639 -53.003049 0.000000 0.000000
-99.442791 -53.003049 0.000000 0.000000
-95.479943 -53.003049 0.000000 0.000000
-91.517095 -53.003049 0.000000 0.000000
-87.554247 -53.003049 0.000000 0.000000
-83.591400 -53.003049 0.000000 0.000000
-79.628552 -53.003049 0.000000 0.000000
-75.665704 -53.003049 0.000000 0.000000
-71.702856 -53.003049 0.000000 0.000000
-67.740008 -53.003049 0.000000 0.000000
-63.777160 -53.003049 0.000000 0.000000
-59.814312 -53.003049 0.000000 0.000000
-55.851464 -53.003049 0.000000 0.000000
-51.888616 -53.003049 0.000000 0.000000
-47.925768 -53.003049 0.000000 0.000000
-43.962920 -53.003049 0.000000 0.000000
-40.000072 -53.003049 0.000000 0.000000
-36.037224 -53.003049 0.000000 0.000000
-32.074376 -53.003049 0.000000 0.000000
-28.111528 -53.003049 0.000000 0.000000
-24.148680 -53.003049 0.000000 0.000000
-20.185832 -53.003049 0.000000 0.000000
-16.222984 -53.003049 0.000000 0.000000
-12.260136 -53.003049 0.000000 0.000000
-8.297289 -53.003049 0.000000 0.000000
-4.334441 -53.003049 0.000000 0.000000
-0.371593 -53.003049 0.000000 0.000000
3.591255 -53.003049 0.000000 0.000000
7.554103 -53.003049 0.000000 0.000000
11.516951 -53.003049 0.000000 0.000000
15.479799 -53.003049 0.000000 0.000000
19.442647 -53.003049 0.000000 0.000000
23.405495 -53.003049 0.000000 0.000000
27.368343 -53.003049 0.000000 0.000000
31.331191 -53.003049 0.000000 0.000000
35.294039 -53.003049 0.000000 0.000000
39.256887 -53.003049 0.000000 0.000000
43.219735 -53.003049 0.000000 0.000000
47.182583 -53.003049 0.000000 0.000000
51.145431 -53.003049 0.000000 0.000000
55.108279 -53.003049 0.000000 0.000000
59.071127 -53.003049 0.000000 0.000000
63.033975 -53.003049 0.000000 0.000000
66.996822 -53.003049 0.000000 0.000000
