TITLE = "B00013"
VARIABLES = "position", "position(2)", "Vx", "Vy"
ZONE T="Frame 0", I=51, J=39
-131.145575 97.585173 11.025506 0.708019
-127.182727 97.585173 11.802890 0.744541
-123.219879 97.585173 11.014257 0.488565
-119.257031 97.585173 11.326614 0.548285
-115.294183 97.585173 11.118302 0.449210
-111.331335 97.585173 0.000000 0.000000
-107.368487 97.585173 0.000000 0.000000
-103.405639 97.585173 0.000000 0.000000
-99.442791 97.585173 0.000000 0.000000
-95.479943 97.585173 0.000000 0.000000
-91.517095 97.585173 0.000000 0.000000
-87.554247 97.585173 11.554843 0.201827
-83.591400 97.585173 11.590599 0.255025
-79.628552 97.585173 11.281549 0.315550
-75.665704 97.585173 11.571712 0.111307
-71.702856 97.585173 11.575006 0.159212
-67.740008 97.585173 11.651835 0.155764
-63.777160 97.585173 11.485726 0.171592
-59.814312 97.585173 11.300693 -0.047461
-55.851464 97.585173 11.365304 0.166626
-51.888616 97.585173 11.404343 -0.084439
-47.925768 97.585173 11.567643 -0.118821
-43.962920 97.585173 11.232244 -0.031966
-40.000072 97.585173 11.538436 0.061896
-36.037224 97.585173 11.366092 -0.119995
-32.074376 97.585173 11.502069 -0.049670
-28.111528 97.585173 11.597208 -0.159729
-24.148680 97.585173 11.540770 0.084015
-20.185832 97.585173 11.155618 -0.048628
-16.222984 97.585173 11.225356 -0.215888
-12.260136 97.585173 0.000000 0.000000
-8.297289 97.585173 0.000000 0.000000
-4.334441 97.585173 0.000000 0.000000
-0.371593 97.585173 11.270562 0.229397
3.591255 97.585173 11.175488 0.121577
7.554103 97.585173 11.361002 -0.039799
11.516951 97.585173 10.986581 -0.155433
15.479799 97.585173 11.079527 -0.049198
19.442647 97.585173 11.140224 -0.194001
23.405495 97.585173 11.006822 -0.082076
27.368343 97.585173 11.077100 -0.096046
31.331191 97.585173 11.023915 0.058912
35.294039 97.585173 11.059061 -0.111418
39.256887 97.585173 11.061483 0.100129
43.219735 97.585173 11.085323 0.019492
47.182583 97.585173 11.152048 -0.072506
51.145431 97.585173 10.895170 -0.047301
55.108279 97.585173 10.982208 0.043490
59.071127 97.585173 11.194406 0.176590
63.033975 97.585173 11.013741 -0.101154
66.996822 97.585173 10.955204 0.059115
-131.145575 93.622325 10.747299 0.164204
-127.182727 93.622325 10.794716 0.502380
-123.219879 93.622325 11.178855 0.114723
-119.257031 93.622325 11.173697 0.415675
-115.294183 93.622325 11.259022 0.312625
-111.331335 93.622325 0.000000 0.000000
-107.368487 93.622325 0.000000 0.000000
-103.405639 93.622325 0.000000 0.000000
-99.442791 93.622325 0.000000 0.000000
-95.479943 93.622325 0.000000 0.000000
-91.517095 93.622325 0.000000 0.000000
-87.554247 93.622325 11.480244 0.434658
-83.591400 93.622325 11.611531 0.356042
-79.628552 93.622325 11.438908 0.101718
-75.665704 93.622325 11.541830 0.063673
-71.702856 93.622325 11.255247 0.313060
-67.740008 93.622325 11.451935 0.104768
-63.777160 93.622325 11.602942 0.145901
-59.814312 93.622325 11.426237 0.401781
-55.851464 93.622325 11.420004 0.079006
-51.888616 93.622325 11.547822 0.068052
-47.925768 93.622325 11.367023 0.001604
-43.962920 93.622325 11.176582 -0.089540
-40.000072 93.622325 11.346986 -0.165561
-36.037224 93.622325 11.012072 -0.061372
-32.074376 93.622325 11.200123 0.001487
-28.111528 93.622325 11.312792 -0.071813
-24.148680 93.622325 11.311469 -0.095693
-20.185832 93.622325 11.357780 -0.073362
-16.222984 93.622325 11.488388 -0.063459
-12.260136 93.622325 0.000000 0.000000
-8.297289 93.622325 0.000000 0.000000
-4.334441 93.622325 0.000000 0.000000
-0.371593 93.622325 11.328186 0.080160
3.591255 93.622325 11.064485 0.007397
7.554103 93.622325 11.319661 -0.153186
11.516951 93.622325 11.127927 -0.262463
15.479799 93.622325 11.109059 -0.152733
19.442647 93.622325 11.067856 -0.276740
23.405495 93.622325 11.076191 -0.176298
27.368343 93.622325 11.064761 0.100301
31.331191 93.622325 11.100389 -0.077380
35.294039 93.622325 11.078558 -0.041291
39.256887 93.622325 11.084615 -0.085580
43.219735 93.622325 11.041491 -0.066124
47.182583 93.622325 10.865977 -0.127695
51.145431 93.622325 10.998347 0.018314
55.108279 93.622325 10.969123 0.032206
59.071127 93.622325 11.156324 0.029157
63.033975 93.622325 10.964972 0.065532
66.996822 93.622325 10.855861 -0.095195
-131.145575 89.659477 3.183648 14.851850
-127.182727 89.659477 11.146809 0.592578
-123.219879 89.659477 11.092142 0.625465
-119.257031 89.659477 11.054860 0.499707
-115.294183 89.659477 11.207421 0.630779
-111.331335 89.659477 0.000000 0.000000
-107.368487 89.659477 0.000000 0.000000
-103.405639 89.659477 0.000000 0.000000
-99.442791 89.659477 0.000000 0.000000
-95.479943 89.659477 0.000000 0.000000
-91.517095 89.659477 0.000000 0.000000
-87.554247 89.659477 11.725251 0.457562
-83.591400 89.659477 11.593402 0.260722
-79.628552 89.659477 11.504349 0.366323
-75.665704 89.659477 11.424027 0.299411
-71.702856 89.659477 11.527122 -0.049826
-67.740008 89.659477 11.797583 0.324885
-63.777160 89.659477 11.568798 0.187923
-59.814312 89.659477 11.820543 0.104391
-55.851464 89.659477 11.445903 0.293721
-51.888616 89.659477 11.363769 -0.038417
-47.925768 89.659477 11.546679 -0.177029
-43.962920 89.659477 11.312795 0.104970
-40.000072 89.659477 11.447536 -0.207910
-36.037224 89.659477 11.339741 -0.209352
-32.074376 89.659477 11.348832 -0.377546
-28.111528 89.659477 11.146613 -0.316045
-24.148680 89.659477 11.273455 -0.050442
-20.185832 89.659477 11.257547 -0.124347
-16.222984 89.659477 11.103315 -0.137978
-12.260136 89.659477 0.000000 0.000000
-8.297289 89.659477 0.000000 0.000000
-4.334441 89.659477 0.000000 0.000000
-0.371593 89.659477 11.245065 -0.162703
3.591255 89.659477 11.256501 0.118924
7.554103 89.659477 11.223652 -0.056448
11.516951 89.659477 10.961885 -0.114004
15.479799 89.659477 11.016456 -0.335570
19.442647 89.659477 10.906137 -0.011879
23.405495 89.659477 10.945112 0.123765
27.368343 89.659477 11.073185 0.245552
31.331191 89.659477 10.958403 -0.020733
35.294039 89.659477 11.039062 -0.105159
39.256887 89.659477 10.953599 0.034131
43.219735 89.659477 10.921618 -0.116780
47.182583 89.659477 11.014024 0.031968
51.145431 89.659477 11.029011 -0.018549
55.108279 89.659477 11.037051 -0.063127
59.071127 89.659477 10.882379 0.064147
63.033975 89.659477 11.143624 -0.137991
66.996822 89.659477 10.874671 0.236460
-131.145575 85.696629 11.955656 0.376014
-127.182727 85.696629 -3.385264 -2.414853
-123.219879 85.696629 11.447592 0.801235
-119.257031 85.696629 11.376984 0.377146
-115.294183 85.696629 11.135516 0.620414
-111.331335 85.696629 0.000000 0.000000
-107.368487 85.696629 0.000000 0.000000
-103.405639 85.696629 0.000000 0.000000
-99.442791 85.696629 0.000000 0.000000
-95.479943 85.696629 0.000000 0.000000
-91.517095 85.696629 0.000000 0.000000
-87.554247 85.696629 11.522131 0.366330
-83.591400 85.696629 11.448551 0.347348
-79.628552 85.696629 11.577159 0.248240
-75.665704 85.696629 11.717816 0.081790
-71.702856 85.696629 11.638027 0.159463
-67.740008 85.696629 11.475385 0.106612
-63.777160 85.696629 11.546354 0.176479
-59.814312 85.696629 11.619712 -0.041481
-55.851464 85.696629 11.693748 0.114592
-51.888616 85.696629 11.682506 0.062741
-47.925768 85.696629 11.456396 0.118063
-43.962920 85.696629 11.433624 -0.284435
-40.000072 85.696629 11.473206 -0.020828
-36.037224 85.696629 11.457674 -0.108476
-32.074376 85.696629 11.388601 -0.048942
-28.111528 85.696629 11.259275 -0.067442
-24.148680 85.696629 11.308152 -0.046463
-20.185832 85.696629 11.375345 -0.087301
-16.222984 85.696629 11.427710 -0.207730
-12.260136 85.696629 0.000000 0.000000
-8.297289 85.696629 0.000000 0.000000
-4.334441 85.696629 0.000000 0.000000
-0.371593 85.696629 11.103947 -0.049481
3.591255 85.696629 11.337292 -0.061461
7.554103 85.696629 11.102070 -0.200214
11.516951 85.696629 11.210058 -0.024475
15.479799 85.696629 10.962049 -0.186163
19.442647 85.696629 11.169486 0.151290
23.405495 85.696629 11.078746 -0.179024
27.368343 85.696629 11.049618 -0.121175
31.331191 85.696629 10.961119 0.125805
35.294039 85.696629 10.926667 -0.053480
39.256887 85.696629 11.088609 0.123095
43.219735 85.696629 11.096283 -0.085321
47.182583 85.696629 11.020444 -0.119015
51.145431 85.696629 10.936797 -0.325182
55.108279 85.696629 11.044535 0.052326
59.071127 85.696629 10.947424 -0.122006
63.033975 85.696629 11.065697 0.132699
66.996822 85.696629 10.892090 -0.108282
-131.145575 81.733781 3.633087 -12.344832
-127.182727 81.733781 10.934736 0.784848
-123.219879 81.733781 11.104650 0.743229
-119.257031 81.733781 11.242867 0.698985
-115.294183 81.733781 11.328811 0.551172
-111.331335 81.733781 0.000000 0.000000
-107.368487 81.733781 0.000000 0.000000
-103.405639 81.733781 0.000000 0.000000
-99.442791 81.733781 0.000000 0.000000
-95.479943 81.733781 0.000000 0.000000
-91.517095 81.733781 0.000000 0.000000
-87.554247 81.733781 11.580225 0.386899
-83.591400 81.733781 11.473382 0.568564
-79.628552 81.733781 11.653896 0.382900
-75.665704 81.733781 11.674943 0.194389
-71.702856 81.733781 11.760696 0.340769
-67.740008 81.733781 11.681374 0.138642
-63.777160 81.733781 11.725418 0.222354
-59.814312 81.733781 11.556279 0.046906
-55.851464 81.733781 11.631544 -0.070236
-51.888616 81.733781 11.582295 -0.005605
-47.925768 81.733781 11.387280 -0.083473
-43.962920 81.733781 11.586296 -0.133690
-40.000072 81.733781 11.356047 -0.096784
-36.037224 81.733781 11.426059 -0.235714
-32.074376 81.733781 11.299321 -0.202887
-28.111528 81.733781 11.500229 -0.297661
-24.148680 81.733781 11.465962 -0.215701
-20.185832 81.733781 11.223495 -0.138198
-16.222984 81.733781 11.232365 -0.220965
-12.260136 81.733781 0.000000 0.000000
-8.297289 81.733781 0.000000 0.000000
-4.334441 81.733781 0.000000 0.000000
-0.371593 81.733781 11.099828 -0.198995
3.591255 81.733781 11.213478 -0.165898
7.554103 81.733781 11.190555 -0.140840
11.516951 81.733781 10.972741 -0.263906
15.479799 81.733781 11.096210 -0.093793
19.442647 81.733781 11.100691 0.048214
23.405495 81.733781 11.012700 -0.253548
27.368343 81.733781 11.048051 -0.108006
31.331191 81.733781 11.010104 -0.184626
35.294039 81.733781 11.109937 -0.141062
39.256887 81.733781 10.918373 -0.053872
43.219735 81.733781 10.970755 0.161181
47.182583 81.733781 11.001762 0.049511
51.145431 81.733781 11.076509 -0.073088
55.108279 81.733781 11.136288 0.088927
59.071127 81.733781 11.001442 0.185586
63.033975 81.733781 11.006482 -0.238228
66.996822 81.733781 11.067285 0.184136
-131.145575 77.770933 11.705801 -0.172132
-127.182727 77.770933 11.083918 0.490748
-123.219879 77.770933 11.045053 0.388010
-119.257031 77.770933 11.219159 0.569690
-115.294183 77.770933 11.081274 0.715993
-111.331335 77.770933 0.000000 0.000000
-107.368487 77.770933 0.000000 0.000000
-103.405639 77.770933 0.000000 0.000000
-99.442791 77.770933 0.000000 0.000000
-95.479943 77.770933 0.000000 0.000000
-91.517095 77.770933 11.784737 0.491390
-87.554247 77.770933 11.532327 0.353435
-83.591400 77.770933 11.529696 0.411523
-79.628552 77.770933 11.759294 0.291415
-75.665704 77.770933 11.675663 0.200504
-71.702856 77.770933 11.533811 -0.040498
-67.740008 77.770933 11.653598 0.275844
-63.777160 77.770933 11.639083 0.036095
-59.814312 77.770933 11.551758 -0.018648
-55.851464 77.770933 11.521049 -0.061079
-51.888616 77.770933 11.803223 -0.228702
-47.925768 77.770933 11.547600 -0.163242
-43.962920 77.770933 11.621435 -0.083311
-40.000072 77.770933 11.400016 -0.131245
-36.037224 77.770933 11.516971 -0.133460
-32.074376 77.770933 11.480577 -0.174974
-28.111528 77.770933 11.360715 -0.158262
-24.148680 77.770933 11.221526 -0.097716
-20.185832 77.770933 11.329148 -0.357278
-16.222984 77.770933 11.310201 -0.283350
-12.260136 77.770933 0.000000 0.000000
-8.297289 77.770933 0.000000 0.000000
-4.334441 77.770933 0.000000 0.000000
-0.371593 77.770933 11.135199 0.084918
3.591255 77.770933 11.086114 -0.240115
7.554103 77.770933 10.998559 -0.271329
11.516951 77.770933 11.075868 -0.118360
15.479799 77.770933 11.211155 -0.116845
19.442647 77.770933 11.039389 -0.162786
23.405495 77.770933 11.075972 -0.100101
27.368343 77.770933 10.867972 -0.246184
31.331191 77.770933 10.930526 -0.232112
35.294039 77.770933 11.007723 -0.166722
39.256887 77.770933 10.990630 -0.037494
43.219735 77.770933 10.963014 -0.133413
47.182583 77.770933 10.892051 -0.151650
51.145431 77.770933 10.978171 -0.150996
55.108279 77.770933 10.914226 -0.062306
59.071127 77.770933 11.144483 0.056654
63.033975 77.770933 10.912394 0.119131
66.996822 77.770933 10.875801 0.090268
-131.145575 73.808085 -12.095137 -8.144801
-127.182727 73.808085 -13.690397 -13.688901
-123.219879 73.808085 11.325232 0.778480
-119.257031 73.808085 11.297827 0.602089
-115.294183 73.808085 11.457276 0.672471
-111.331335 73.808085 0.000000 0.000000
-107.368487 73.808085 0.000000 0.000000
-103.405639 73.808085 0.000000 0.000000
-99.442791 73.808085 0.000000 0.000000
-95.479943 73.808085 0.000000 0.000000
-91.517095 73.808085 11.629343 0.633651
-87.554247 73.808085 11.610744 0.451597
-83.591400 73.808085 11.763104 0.372703
-79.628552 73.808085 11.840020 0.423084
-75.665704 73.808085 11.746498 0.367627
-71.702856 73.808085 11.767807 0.056410
-67.740008 73.808085 11.585752 0.287766
-63.777160 73.808085 11.718515 0.171665
-59.814312 73.808085 11.699744 0.154582
-55.851464 73.808085 11.578396 -0.125001
-51.888616 73.808085 11.721918 -0.075051
-47.925768 73.808085 11.476406 -0.172353
-43.962920 73.808085 11.652477 -0.106959
-40.000072 73.808085 11.720523 -0.330909
-36.037224 73.808085 11.484797 -0.151050
-32.074376 73.808085 11.449144 -0.281057
-28.111528 73.808085 11.573585 -0.280460
-24.148680 73.808085 11.490853 -0.301814
-20.185832 73.808085 11.421289 -0.188891
-16.222984 73.808085 11.337456 -0.199196
-12.260136 73.808085 0.000000 0.000000
-8.297289 73.808085 0.000000 0.000000
-4.334441 73.808085 0.000000 0.000000
-0.371593 73.808085 11.026215 -0.259559
3.591255 73.808085 11.099356 -0.315380
7.554103 73.808085 11.029510 -0.236011
11.516951 73.808085 10.938479 -0.216683
15.479799 73.808085 10.946151 -0.138030
19.442647 73.808085 11.095955 -0.021450
23.405495 73.808085 10.954939 -0.176927
27.368343 73.808085 11.086805 0.051460
31.331191 73.808085 11.175572 -0.232028
35.294039 73.808085 10.913054 -0.001906
39.256887 73.808085 10.929434 -0.097438
43.219735 73.808085 11.070972 -0.038778
47.182583 73.808085 10.975361 0.000577
51.145431 73.808085 10.960774 0.153004
55.108279 73.808085 11.046458 0.018606
59.071127 73.808085 11.087852 -0.056390
63.033975 73.808085 11.047531 -0.083609
66.996822 73.808085 10.896389 -0.064981
-131.145575 69.845237 -9.715431 8.422263
-127.182727 69.845237 16.386648 10.234386
-123.219879 69.845237 11.096206 0.561891
-119.257031 69.845237 10.939904 0.792286
-115.294183 69.845237 11.379869 0.797979
-111.331335 69.845237 0.000000 0.000000
-107.368487 69.845237 0.000000 0.000000
-103.405639 69.845237 0.000000 0.000000
-99.442791 69.845237 0.000000 0.000000
-95.479943 69.845237 0.000000 0.000000
-91.517095 69.845237 11.640310 0.478411
-87.554247 69.845237 11.927502 0.590911
-83.591400 69.845237 11.780271 0.309011
-79.628552 69.845237 12.016276 0.273212
-75.665704 69.845237 11.962969 0.418247
-71.702856 69.845237 11.816691 0.046812
-67.740008 69.845237 11.808516 0.243176
-63.777160 69.845237 11.950035 0.227278
-59.814312 69.845237 11.837173 0.067986
-55.851464 69.845237 11.716587 -0.187558
-51.888616 69.845237 11.565863 -0.088574
-47.925768 69.845237 11.644584 -0.207868
-43.962920 69.845237 11.793849 -0.365388
-40.000072 69.845237 11.432145 -0.315109
-36.037224 69.845237 11.521541 -0.321554
-32.074376 69.845237 11.482027 -0.193933
-28.111528 69.845237 11.541203 -0.084002
-24.148680 69.845237 11.339288 -0.439828
-20.185832 69.845237 11.455997 -0.290733
-16.222984 69.845237 11.122629 -0.374657
-12.260136 69.845237 0.000000 0.000000
-8.297289 69.845237 0.000000 0.000000
-4.334441 69.845237 0.000000 0.000000
-0.371593 69.845237 11.130002 -0.290724
3.591255 69.845237 10.959880 -0.217957
7.554103 69.845237 10.939190 -0.001988
11.516951 69.845237 10.970570 -0.206258
15.479799 69.845237 10.991994 -0.192832
19.442647 69.845237 10.928205 0.204392
23.405495 69.845237 10.844798 -0.130239
27.368343 69.845237 10.971875 -0.076217
31.331191 69.845237 10.921043 -0.152627
35.294039 69.845237 11.216178 -0.021210
39.256887 69.845237 10.861178 0.038149
43.219735 69.845237 10.883106 -0.109300
47.182583 69.845237 10.957308 -0.053960
51.145431 69.845237 10.936481 -0.187691
55.108279 69.845237 11.083730 0.255598
59.071127 69.845237 10.992908 -0.123073
63.033975 69.845237 11.046449 0.085151
66.996822 69.845237 11.050965 -0.051078
-131.145575 65.882389 -10.287835 7.503247
-127.182727 65.882389 -4.719836 -5.571022
-123.219879 65.882389 10.767044 0.415151
-119.257031 65.882389 11.365113 0.882057
-115.294183 65.882389 11.433853 0.779715
-111.331335 65.882389 0.000000 0.000000
-107.368487 65.882389 0.000000 0.000000
-103.405639 65.882389 0.000000 0.000000
-99.442791 65.882389 0.000000 0.000000
-95.479943 65.882389 0.000000 0.000000
-91.517095 65.882389 11.732805 0.581356
-87.554247 65.882389 11.800668 0.655631
-83.591400 65.882389 11.668148 0.430122
-79.628552 65.882389 11.807698 0.141085
-75.665704 65.882389 11.986536 0.132822
-71.702856 65.882389 11.871997 0.093731
-67.740008 65.882389 11.881431 0.225531
-63.777160 65.882389 11.812838 -0.043805
-59.814312 65.882389 11.788551 0.105108
-55.851464 65.882389 11.886198 -0.074808
-51.888616 65.882389 11.765322 -0.260607
-47.925768 65.882389 11.826468 -0.274542
-43.962920 65.882389 11.507853 -0.264059
-40.000072 65.882389 11.423553 -0.360997
-36.037224 65.882389 11.600213 -0.340305
-32.074376 65.882389 11.662672 -0.388926
-28.111528 65.882389 11.492972 -0.311269
-24.148680 65.882389 11.408127 -0.281679
-20.185832 65.882389 11.338126 -0.288946
-16.222984 65.882389 11.364865 -0.352002
-12.260136 65.882389 0.000000 0.000000
-8.297289 65.882389 0.000000 0.000000
-4.334441 65.882389 11.181684 -0.332479
-0.371593 65.882389 10.815880 -0.253595
3.591255 65.882389 10.951382 -0.232376
7.554103 65.882389 10.965874 -0.144639
11.516951 65.882389 11.020611 -0.118869
15.479799 65.882389 10.860038 0.003015
19.442647 65.882389 10.935028 -0.026462
23.405495 65.882389 11.013520 -0.189033
27.368343 65.882389 10.767863 0.136229
31.331191 65.882389 11.013587 -0.078823
35.294039 65.882389 11.098415 0.007472
39.256887 65.882389 11.000326 0.070175
43.219735 65.882389 10.923557 0.057060
47.182583 65.882389 10.869373 -0.150811
51.145431 65.882389 11.142308 -0.205381
55.108279 65.882389 10.950730 -0.116330
59.071127 65.882389 11.049360 -0.147726
63.033975 65.882389 11.173010 -0.223997
66.996822 65.882389 10.892422 -0.090097
-131.145575 61.919541 0.903869 9.290539
-127.182727 61.919541 4.197800 -8.990326
-123.219879 61.919541 11.177141 0.665178
-119.257031 61.919541 11.144263 0.730058
-115.294183 61.919541 11.324320 0.721072
-111.331335 61.919541 0.000000 0.000000
-107.368487 61.919541 0.000000 0.000000
-103.405639 61.919541 0.000000 0.000000
-99.442791 61.919541 0.000000 0.000000
-95.479943 61.919541 0.000000 0.000000
-91.517095 61.919541 11.837716 0.743706
-87.554247 61.919541 11.881819 0.670126
-83.591400 61.919541 11.848971 0.434024
-79.628552 61.919541 12.178673 0.259660
-75.665704 61.919541 12.015579 -0.202154
-71.702856 61.919541 12.028708 0.345320
-67.740008 61.919541 12.046380 -0.020448
-63.777160 61.919541 11.886126 -0.351239
-59.814312 61.919541 12.059234 -0.018105
-55.851464 61.919541 11.878497 -0.146576
-51.888616 61.919541 11.720048 -0.032242
-47.925768 61.919541 11.719151 -0.165328
-43.962920 61.919541 11.733998 -0.133454
-40.000072 61.919541 11.620502 -0.456289
-36.037224 61.919541 11.637550 -0.365949
-32.074376 61.919541 11.547191 -0.370625
-28.111528 61.919541 11.465252 -0.438782
-24.148680 61.919541 11.422711 -0.369340
-20.185832 61.919541 11.252654 -0.377471
-16.222984 61.919541 11.190263 -0.569251
-12.260136 61.919541 0.000000 0.000000
-8.297289 61.919541 0.000000 0.000000
-4.334441 61.919541 10.987504 -0.471529
-0.371593 61.919541 10.964086 -0.425564
3.591255 61.919541 11.127435 -0.332858
7.554103 61.919541 10.843716 -0.335010
11.516951 61.919541 10.894880 -0.151485
15.479799 61.919541 10.890045 -0.314598
19.442647 61.919541 11.009832 -0.089137
23.405495 61.919541 10.972905 -0.096877
27.368343 61.919541 10.913056 -0.121971
31.331191 61.919541 10.957918 -0.094267
35.294039 61.919541 10.957511 -0.019742
39.256887 61.919541 10.885767 -0.075503
43.219735 61.919541 10.888573 0.144496
47.182583 61.919541 10.995325 -0.032983
51.145431 61.919541 10.870824 0.170216
55.108279 61.919541 10.966580 0.140422
59.071127 61.919541 11.049129 0.006832
63.033975 61.919541 11.002785 -0.272003
66.996822 61.919541 10.886873 -0.172417
-131.145575 57.956694 -15.711407 -16.169172
-127.182727 57.956694 -11.122076 -10.823257
-123.219879 57.956694 11.105870 0.778761
-119.257031 57.956694 10.968367 0.958319
-115.294183 57.956694 11.252604 1.040826
-111.331335 57.956694 0.000000 0.000000
-107.368487 57.956694 0.000000 0.000000
-103.405639 57.956694 0.000000 0.000000
-99.442791 57.956694 0.000000 0.000000
-95.479943 57.956694 12.029943 0.903752
-91.517095 57.956694 11.941927 0.832705
-87.554247 57.956694 12.120861 0.714179
-83.591400 57.956694 12.059901 0.791200
-79.628552 57.956694 12.182368 0.355541
-75.665704 57.956694 12.172821 0.209816
-71.702856 57.956694 12.256516 0.290576
-67.740008 57.956694 12.181862 0.024630
-63.777160 57.956694 11.919925 -0.154052
-59.814312 57.956694 11.965579 -0.137925
-55.851464 57.956694 11.793746 -0.317862
-51.888616 57.956694 11.800188 -0.293997
-47.925768 57.956694 11.832709 -0.296427
-43.962920 57.956694 11.728250 -0.286121
-40.000072 57.956694 11.830832 -0.426879
-36.037224 57.956694 11.438494 -0.464937
-32.074376 57.956694 11.532454 -0.485784
-28.111528 57.956694 11.465743 -0.590633
-24.148680 57.956694 11.347770 -0.467137
-20.185832 57.956694 11.185630 -0.398079
-16.222984 57.956694 11.148024 -0.499839
-12.260136 57.956694 0.000000 0.000000
-8.297289 57.956694 0.000000 0.000000
-4.334441 57.956694 10.923123 -0.450825
-0.371593 57.956694 11.010240 -0.444366
3.591255 57.956694 11.051527 -0.223890
7.554103 57.956694 10.926908 -0.403616
11.516951 57.956694 10.910658 -0.293822
15.479799 57.956694 10.850484 -0.238314
19.442647 57.956694 10.888470 -0.378983
23.405495 57.956694 10.810276 -0.322057
27.368343 57.956694 11.087015 -0.165176
31.331191 57.956694 10.824138 -0.242075
35.294039 57.956694 10.978656 -0.290030
39.256887 57.956694 10.987381 -0.050825
43.219735 57.956694 10.862099 0.120841
47.182583 57.956694 10.890482 -0.347177
51.145431 57.956694 10.986643 -0.026201
55.108279 57.956694 10.983570 0.034627
59.071127 57.956694 11.017600 -0.139273
63.033975 57.956694 11.053301 -0.064628
66.996822 57.956694 10.731548 -0.364959
-131.145575 53.993846 10.975964 0.573267
-127.182727 53.993846 -10.430714 14.934029
-123.219879 53.993846 10.884422 1.213945
-119.257031 53.993846 10.782438 1.200813
-115.294183 53.993846 11.181096 1.146409
-111.331335 53.993846 0.000000 0.000000
-107.368487 53.993846 0.000000 0.000000
-103.405639 53.993846 0.000000 0.000000
-99.442791 53.993846 0.000000 0.000000
-95.479943 53.993846 11.992436 0.619086
-91.517095 53.993846 12.210676 0.900285
-87.554247 53.993846 12.379642 0.609969
-83.591400 53.993846 12.324543 0.482301
-79.628552 53.993846 12.318568 0.466962
-75.665704 53.993846 12.348200 0.085530
-71.702856 53.993846 12.196080 0.022736
-67.740008 53.993846 12.080663 -0.040365
-63.777160 53.993846 12.123144 -0.113686
-59.814312 53.993846 11.955883 -0.151775
-55.851464 53.993846 11.924803 -0.395160
-51.888616 53.993846 12.099978 -0.255561
-47.925768 53.993846 11.820037 -0.354376
-43.962920 53.993846 11.761545 0.044359
-40.000072 53.993846 11.580642 -0.381095
-36.037224 53.993846 11.605147 -0.547009
-32.074376 53.993846 11.759424 -0.447094
-28.111528 53.993846 11.334366 -0.491065
-24.148680 53.993846 11.550702 -0.563371
-20.185832 53.993846 11.526130 -0.631243
-16.222984 53.993846 11.105512 -0.529335
-12.260136 53.993846 11.057895 -0.662827
-8.297289 53.993846 0.000000 0.000000
-4.334441 53.993846 10.685440 -0.558700
-0.371593 53.993846 10.841730 -0.449852
3.591255 53.993846 10.936939 -0.469204
7.554103 53.993846 10.889576 -0.129521
11.516951 53.993846 10.636189 -0.312686
15.479799 53.993846 10.812387 -0.348215
19.442647 53.993846 10.809370 -0.337511
23.405495 53.993846 10.842212 -0.064328
27.368343 53.993846 10.864220 -0.052969
31.331191 53.993846 10.827199 -0.146598
35.294039 53.993846 10.820879 -0.409133
39.256887 53.993846 10.886539 -0.069058
43.219735 53.993846 10.950109 -0.160665
47.182583 53.993846 10.999815 -0.076489
51.145431 53.993846 10.907568 -0.060555
55.108279 53.993846 10.952073 -0.059966
59.071127 53.993846 10.907301 -0.119972
63.033975 53.993846 10.944631 -0.196831
66.996822 53.993846 11.061645 -0.278461
-131.145575 50.030998 -1.600663 9.941604
-127.182727 50.030998 -12.548481 3.389260
-123.219879 50.030998 10.723290 0.417088
-119.257031 50.030998 10.711112 0.699773
-115.294183 50.030998 10.741124 1.223464
-111.331335 50.030998 0.000000 0.000000
-107.368487 50.030998 0.000000 0.000000
-103.405639 50.030998 0.000000 0.000000
-99.442791 50.030998 0.000000 0.000000
-95.479943 50.030998 12.126776 1.305755
-91.517095 50.030998 12.265073 0.936943
-87.554247 50.030998 12.461142 0.666648
-83.591400 50.030998 12.438338 0.448801
-79.628552 50.030998 12.500093 0.405643
-75.665704 50.030998 12.304379 0.333217
-71.702856 50.030998 12.336315 0.134671
-67.740008 50.030998 12.433990 -0.127979
-63.777160 50.030998 12.179247 0.083082
-59.814312 50.030998 12.051463 -0.121300
-55.851464 50.030998 12.063963 -0.415422
-51.888616 50.030998 11.966169 -0.399483
-47.925768 50.030998 11.857477 -0.408039
-43.962920 50.030998 11.733174 -0.614872
-40.000072 50.030998 11.921351 -0.654016
-36.037224 50.030998 11.223466 -0.561870
-32.074376 50.030998 11.799050 -0.626486
-28.111528 50.030998 11.448520 -0.634025
-24.148680 50.030998 11.510275 -0.647686
-20.185832 50.030998 11.292397 -0.866867
-16.222984 50.030998 11.030801 -0.584004
-12.260136 50.030998 11.125454 -0.733528
-8.297289 50.030998 0.000000 0.000000
-4.334441 50.030998 10.757528 -0.464410
-0.371593 50.030998 10.939636 -0.454341
3.591255 50.030998 10.846539 -0.430251
7.554103 50.030998 10.842566 -0.257721
11.516951 50.030998 10.774055 -0.246323
15.479799 50.030998 10.818288 -0.225127
19.442647 50.030998 10.715397 -0.128052
23.405495 50.030998 10.822084 -0.144661
27.368343 50.030998 10.993821 0.024340
31.331191 50.030998 11.010693 -0.284184
35.294039 50.030998 10.966397 -0.045572
39.256887 50.030998 10.824807 0.134265
43.219735 50.030998 10.872969 -0.485927
47.182583 50.030998 10.809247 0.248046
51.145431 50.030998 10.927812 0.080492
55.108279 50.030998 11.018596 -0.210325
59.071127 50.030998 10.999247 -0.147801
63.033975 50.030998 11.009381 0.110194
66.996822 50.030998 10.720917 -0.029029
-131.145575 46.068150 -15.343084 15.120301
-127.182727 46.068150 11.264635 0.161914
-123.219879 46.068150 -16.265949 -18.214331
-119.257031 46.068150 10.593051 0.842709
-115.294183 46.068150 10.648682 1.409387
-111.331335 46.068150 10.656301 1.378739
-107.368487 46.068150 0.000000 0.000000
-103.405639 46.068150 0.000000 0.000000
-99.442791 46.068150 0.000000 0.000000
-95.479943 46.068150 12.458794 1.411508
-91.517095 46.068150 12.858016 1.203557
-87.554247 46.068150 12.373626 0.744992
-83.591400 46.068150 12.908385 0.715299
-79.628552 46.068150 12.625380 0.368267
-75.665704 46.068150 12.704841 0.075696
-71.702856 46.068150 12.349740 0.046171
-67.740008 46.068150 12.219575 -0.199881
-63.777160 46.068150 12.321726 -0.203818
-59.814312 46.068150 12.163260 -0.258524
-55.851464 46.068150 12.042654 -0.294393
-51.888616 46.068150 11.991532 -0.522788
-47.925768 46.068150 12.126224 -0.345640
-43.962920 46.068150 11.998525 -0.547984
-40.000072 46.068150 11.721967 -0.508256
-36.037224 46.068150 11.545744 -0.657732
-32.074376 46.068150 11.903786 -0.777468
-28.111528 46.068150 11.450424 -0.771176
-24.148680 46.068150 11.527935 -0.789721
-20.185832 46.068150 11.440238 -0.691504
-16.222984 46.068150 11.215836 -0.889952
-12.260136 46.068150 10.958234 -0.930075
-8.297289 46.068150 0.000000 0.000000
-4.334441 46.068150 10.755217 -0.604998
-0.371593 46.068150 10.590631 -0.465262
3.591255 46.068150 10.771435 -0.101069
7.554103 46.068150 10.869301 -0.456434
11.516951 46.068150 10.653987 -0.223200
15.479799 46.068150 10.560429 -0.383135
19.442647 46.068150 10.473500 -0.035332
23.405495 46.068150 10.941767 -0.175159
27.368343 46.068150 11.235414 0.085294
31.331191 46.068150 11.143424 -0.423937
35.294039 46.068150 10.651620 -0.276991
39.256887 46.068150 10.563393 -0.191966
43.219735 46.068150 10.740435 0.068209
47.182583 46.068150 10.873967 0.118084
51.145431 46.068150 10.562236 0.408979
55.108279 46.068150 10.844277 -0.207225
59.071127 46.068150 10.674558 0.162961
63.033975 46.068150 10.584880 0.303913
66.996822 46.068150 9.794314 0.052904
-131.145575 42.105302 -14.391916 10.404098
-127.182727 42.105302 10.392461 0.982505
-123.219879 42.105302 10.415999 1.008367
-119.257031 42.105302 10.678882 1.430568
-115.294183 42.105302 10.311087 1.274281
-111.331335 42.105302 10.246193 1.976507
-107.368487 42.105302 0.000000 0.000000
-103.405639 42.105302 0.000000 0.000000
-99.442791 42.105302 12.976682 2.056563
-95.479943 42.105302 12.861942 1.282097
-91.517095 42.105302 13.013686 1.148987
-87.554247 42.105302 13.044564 0.895956
-83.591400 42.105302 12.724877 0.585893
-79.628552 42.105302 12.824832 0.369665
-75.665704 42.105302 12.769531 0.056713
-71.702856 42.105302 12.707419 -0.146999
-67.740008 42.105302 12.523730 -0.383766
-63.777160 42.105302 12.367730 -0.270010
-59.814312 42.105302 12.180527 -0.476504
-55.851464 42.105302 12.195872 -0.600903
-51.888616 42.105302 12.144759 -0.619809
-47.925768 42.105302 11.984552 -0.413478
-43.962920 42.105302 11.786173 -0.527697
-40.000072 42.105302 11.971650 -0.789509
-36.037224 42.105302 11.637519 -0.623116
-32.074376 42.105302 11.883272 -0.844114
-28.111528 42.105302 11.609912 -0.832185
-24.148680 42.105302 11.458525 -0.795183
-20.185832 42.105302 11.461002 -0.712586
-16.222984 42.105302 11.212015 -1.255370
-12.260136 42.105302 11.018280 -0.857594
-8.297289 42.105302 0.000000 0.000000
-4.334441 42.105302 10.332755 -1.065943
-0.371593 42.105302 10.351489 -0.441090
3.591255 42.105302 10.871545 0.107399
7.554103 42.105302 10.840081 -0.549289
11.516951 42.105302 10.819975 -0.799965
15.479799 42.105302 10.449854 -0.605438
19.442647 42.105302 9.844440 -0.230737
23.405495 42.105302 9.202116 1.231434
27.368343 42.105302 10.758018 0.406893
31.331191 42.105302 11.138180 -0.663243
35.294039 42.105302 10.699297 -0.551687
39.256887 42.105302 9.798156 -0.494667
43.219735 42.105302 10.372507 -0.906501
47.182583 42.105302 10.304075 0.452337
51.145431 42.105302 10.621490 0.982666
55.108279 42.105302 11.678435 -0.174562
59.071127 42.105302 10.845837 -0.841287
63.033975 42.105302 10.943182 -1.384924
66.996822 42.105302 8.566957 0.049691
-131.145575 38.142454 -8.523073 16.924345
-127.182727 38.142454 10.092056 9.407799
-123.219879 38.142454 9.435065 0.996141
-119.257031 38.142454 9.782902 1.275740
-115.294183 38.142454 9.752036 1.546862
-111.331335 38.142454 9.252196 2.044127
-107.368487 38.142454 0.000000 0.000000
-103.405639 38.142454 0.000000 0.000000
-99.442791 38.142454 0.000000 0.000000
-95.479943 38.142454 0.000000 0.000000
-91.517095 38.142454 0.000000 0.000000
-87.554247 38.142454 0.000000 0.000000
-83.591400 38.142454 0.000000 0.000000
-79.628552 38.142454 0.000000 0.000000
-75.665704 38.142454 0.000000 0.000000
-71.702856 38.142454 0.000000 0.000000
-67.740008 38.142454 0.000000 0.000000
-63.777160 38.142454 0.000000 0.000000
-59.814312 38.142454 0.000000 0.000000
-55.851464 38.142454 0.000000 0.000000
-51.888616 38.142454 0.000000 0.000000
-47.925768 38.142454 0.000000 0.000000
-43.962920 38.142454 0.000000 0.000000
-40.000072 38.142454 0.000000 0.000000
-36.037224 38.142454 0.000000 0.000000
-32.074376 38.142454 0.000000 0.000000
-28.111528 38.142454 0.000000 0.000000
-24.148680 38.142454 11.258511 -0.958843
-20.185832 38.142454 11.771680 -0.842816
-16.222984 38.142454 11.292146 -1.131520
-12.260136 38.142454 10.989945 -0.621074
-8.297289 38.142454 0.000000 0.000000
-4.334441 38.142454 9.882960 -1.767578
-0.371593 38.142454 8.713579 -0.779350
3.591255 38.142454 10.472845 -0.538005
7.554103 38.142454 11.077666 -0.824825
11.516951 38.142454 10.812419 -1.398127
15.479799 38.142454 10.382960 -1.116609
19.442647 38.142454 10.290074 -1.273301
23.405495 38.142454 7.767117 1.932670
27.368343 38.142454 9.188807 2.263569
31.331191 38.142454 10.272144 2.436932
35.294039 38.142454 10.473276 -1.292332
39.256887 38.142454 9.925569 -0.968526
43.219735 38.142454 9.652287 -2.068981
47.182583 38.142454 9.577241 0.258818
51.145431 38.142454 9.789498 2.481494
55.108279 38.142454 9.615950 2.389384
59.071127 38.142454 10.151874 -1.182665
63.033975 38.142454 11.069016 -1.588430
66.996822 38.142454 9.911221 -0.564706
-131.145575 34.179606 -10.419916 -14.244049
-127.182727 34.179606 9.616051 0.832538
-123.219879 34.179606 -12.621745 12.687236
-119.257031 34.179606 9.832335 0.979826
-115.294183 34.179606 0.000000 0.000000
-111.331335 34.179606 0.000000 0.000000
-107.368487 34.179606 0.000000 0.000000
-103.405639 34.179606 0.000000 0.000000
-99.442791 34.179606 0.000000 0.000000
-95.479943 34.179606 0.000000 0.000000
-91.517095 34.179606 0.000000 0.000000
-87.554247 34.179606 0.000000 0.000000
-83.591400 34.179606 0.000000 0.000000
-79.628552 34.179606 0.000000 0.000000
-75.665704 34.179606 0.000000 0.000000
-71.702856 34.179606 0.000000 0.000000
-67.740008 34.179606 0.000000 0.000000
-63.777160 34.179606 0.000000 0.000000
-59.814312 34.179606 0.000000 0.000000
-55.851464 34.179606 0.000000 0.000000
-51.888616 34.179606 0.000000 0.000000
-47.925768 34.179606 0.000000 0.000000
-43.962920 34.179606 0.000000 0.000000
-40.000072 34.179606 0.000000 0.000000
-36.037224 34.179606 0.000000 0.000000
-32.074376 34.179606 0.000000 0.000000
-28.111528 34.179606 0.000000 0.000000
-24.148680 34.179606 0.000000 0.000000
-20.185832 34.179606 0.000000 0.000000
-16.222984 34.179606 0.000000 0.000000
-12.260136 34.179606 0.000000 0.000000
-8.297289 34.179606 0.000000 0.000000
-4.334441 34.179606 0.000000 0.000000
-0.371593 34.179606 7.993479 -1.861395
3.591255 34.179606 8.432222 3.154166
7.554103 34.179606 8.440864 2.963784
11.516951 34.179606 10.819257 -1.623935
15.479799 34.179606 10.529833 -1.730186
19.442647 34.179606 10.777661 -1.526608
23.405495 34.179606 3.032656 -0.289799
27.368343 34.179606 9.561640 2.091892
31.331191 34.179606 9.600658 0.303020
35.294039 34.179606 10.196636 -1.246269
39.256887 34.179606 10.726653 -1.675874
43.219735 34.179606 10.761150 -1.370005
47.182583 34.179606 10.192645 1.371464
51.145431 34.179606 9.655849 2.344483
55.108279 34.179606 9.698146 0.681986
59.071127 34.179606 10.360986 -0.746807
63.033975 34.179606 11.822136 -0.990639
66.996822 34.179606 9.390450 -1.078200
-131.145575 30.216758 4.798038 14.529356
-127.182727 30.216758 2.223982 -10.192163
-123.219879 30.216758 0.000000 0.000000
-119.257031 30.216758 0.000000 0.000000
-115.294183 30.216758 0.000000 0.000000
-111.331335 30.216758 0.000000 0.000000
-107.368487 30.216758 0.000000 0.000000
-103.405639 30.216758 0.000000 0.000000
-99.442791 30.216758 0.000000 0.000000
-95.479943 30.216758 0.000000 0.000000
-91.517095 30.216758 0.000000 0.000000
-87.554247 30.216758 0.000000 0.000000
-83.591400 30.216758 0.000000 0.000000
-79.628552 30.216758 0.000000 0.000000
-75.665704 30.216758 0.000000 0.000000
-71.702856 30.216758 0.000000 0.000000
-67.740008 30.216758 0.000000 0.000000
-63.777160 30.216758 0.000000 0.000000
-59.814312 30.216758 0.000000 0.000000
-55.851464 30.216758 0.000000 0.000000
-51.888616 30.216758 0.000000 0.000000
-47.925768 30.216758 0.000000 0.000000
-43.962920 30.216758 0.000000 0.000000
-40.000072 30.216758 0.000000 0.000000
-36.037224 30.216758 0.000000 0.000000
-32.074376 30.216758 0.000000 0.000000
-28.111528 30.216758 0.000000 0.000000
-24.148680 30.216758 0.000000 0.000000
-20.185832 30.216758 0.000000 0.000000
-16.222984 30.216758 0.000000 0.000000
-12.260136 30.216758 0.000000 0.000000
-8.297289 30.216758 0.000000 0.000000
-4.334441 30.216758 0.000000 0.000000
-0.371593 30.216758 0.000000 0.000000
3.591255 30.216758 0.000000 0.000000
7.554103 30.216758 9.443063 0.952355
11.516951 30.216758 9.247231 0.229104
15.479799 30.216758 9.988264 -1.700159
19.442647 30.216758 11.154008 -0.901327
23.405495 30.216758 12.373402 0.238023
27.368343 30.216758 10.321511 1.583413
31.331191 30.216758 10.092511 0.964564
35.294039 30.216758 9.942364 -0.484563
39.256887 30.216758 10.824345 -0.955708
43.219735 30.216758 10.819970 -0.549189
47.182583 30.216758 11.912956 0.771317
51.145431 30.216758 10.623063 1.580656
55.108279 30.216758 10.454781 0.810078
59.071127 30.216758 10.820455 -0.648958
63.033975 30.216758 11.333624 -1.359836
66.996822 30.216758 11.639750 -1.763691
-131.145575 26.253910 0.457495 -0.334092
-127.182727 26.253910 -2.333891 3.715629
-123.219879 26.253910 0.000000 0.000000
-119.257031 26.253910 0.000000 0.000000
-115.294183 26.253910 0.000000 0.000000
-111.331335 26.253910 0.000000 0.000000
-107.368487 26.253910 0.000000 0.000000
-103.405639 26.253910 0.000000 0.000000
-99.442791 26.253910 0.000000 0.000000
-95.479943 26.253910 0.000000 0.000000
-91.517095 26.253910 0.000000 0.000000
-87.554247 26.253910 0.000000 0.000000
-83.591400 26.253910 0.000000 0.000000
-79.628552 26.253910 0.000000 0.000000
-75.665704 26.253910 0.000000 0.000000
-71.702856 26.253910 0.000000 0.000000
-67.740008 26.253910 0.000000 0.000000
-63.777160 26.253910 0.000000 0.000000
-59.814312 26.253910 0.000000 0.000000
-55.851464 26.253910 0.000000 0.000000
-51.888616 26.253910 0.000000 0.000000
-47.925768 26.253910 0.000000 0.000000
-43.962920 26.253910 0.000000 0.000000
-40.000072 26.253910 0.000000 0.000000
-36.037224 26.253910 0.000000 0.000000
-32.074376 26.253910 0.000000 0.000000
-28.111528 26.253910 0.000000 0.000000
-24.148680 26.253910 0.000000 0.000000
-20.185832 26.253910 0.000000 0.000000
-16.222984 26.253910 0.000000 0.000000
-12.260136 26.253910 0.000000 0.000000
-8.297289 26.253910 0.000000 0.000000
-4.334441 26.253910 0.000000 0.000000
-0.371593 26.253910 0.000000 0.000000
3.591255 26.253910 0.000000 0.000000
7.554103 26.253910 0.000000 0.000000
11.516951 26.253910 9.746013 0.201024
15.479799 26.253910 10.456921 -0.623759
19.442647 26.253910 11.107486 -0.377282
23.405495 26.253910 10.839890 -0.201978
27.368343 26.253910 10.822766 0.361184
31.331191 26.253910 10.619164 0.508555
35.294039 26.253910 10.355267 0.214745
39.256887 26.253910 10.627838 -0.236684
43.219735 26.253910 11.239133 -0.370007
47.182583 26.253910 11.025145 0.182521
51.145431 26.253910 10.306627 0.625795
55.108279 26.253910 10.641750 0.541557
59.071127 26.253910 10.179345 -0.414916
63.033975 26.253910 11.115692 -1.229459
66.996822 26.253910 11.449426 -0.378484
-131.145575 22.291062 -6.705248 -2.824650
-127.182727 22.291062 -2.799575 6.578158
-123.219879 22.291062 0.000000 0.000000
-119.257031 22.291062 0.000000 0.000000
-115.294183 22.291062 0.000000 0.000000
-111.331335 22.291062 0.000000 0.000000
-107.368487 22.291062 0.000000 0.000000
-103.405639 22.291062 0.000000 0.000000
-99.442791 22.291062 0.000000 0.000000
-95.479943 22.291062 0.000000 0.000000
-91.517095 22.291062 0.000000 0.000000
-87.554247 22.291062 0.000000 0.000000
-83.591400 22.291062 0.000000 0.000000
-79.628552 22.291062 0.000000 0.000000
-75.665704 22.291062 0.000000 0.000000
-71.702856 22.291062 0.000000 0.000000
-67.740008 22.291062 0.000000 0.000000
-63.777160 22.291062 0.000000 0.000000
-59.814312 22.291062 0.000000 0.000000
-55.851464 22.291062 0.000000 0.000000
-51.888616 22.291062 0.000000 0.000000
-47.925768 22.291062 0.000000 0.000000
-43.962920 22.291062 0.000000 0.000000
-40.000072 22.291062 0.000000 0.000000
-36.037224 22.291062 0.000000 0.000000
-32.074376 22.291062 0.000000 0.000000
-28.111528 22.291062 0.000000 0.000000
-24.148680 22.291062 0.000000 0.000000
-20.185832 22.291062 0.000000 0.000000
-16.222984 22.291062 0.000000 0.000000
-12.260136 22.291062 0.000000 0.000000
-8.297289 22.291062 0.000000 0.000000
-4.334441 22.291062 10.796523 0.687027
-0.371593 22.291062 10.761556 0.845870
3.591255 22.291062 10.513800 0.414760
7.554103 22.291062 10.277717 0.593370
11.516951 22.291062 10.495470 0.053617
15.479799 22.291062 10.493303 0.242670
19.442647 22.291062 10.839510 0.103709
23.405495 22.291062 10.831370 0.152877
27.368343 22.291062 10.941914 0.456616
31.331191 22.291062 10.566956 0.494020
35.294039 22.291062 10.632615 0.132163
39.256887 22.291062 10.772380 0.079375
43.219735 22.291062 10.692770 -0.259145
47.182583 22.291062 10.981206 -0.026948
51.145431 22.291062 10.998794 0.379045
55.108279 22.291062 10.460567 0.364566
59.071127 22.291062 10.576729 0.174246
63.033975 22.291062 10.443254 -0.449125
66.996822 22.291062 10.892330 0.252245
-131.145575 18.328214 -13.245255 -1.595357
-127.182727 18.328214 16.686634 -2.287311
-123.219879 18.328214 2.916186 4.864772
-119.257031 18.328214 -9.108641 11.022202
-115.294183 18.328214 4.779400 -8.655030
-111.331335 18.328214 14.602085 -4.206503
-107.368487 18.328214 0.000000 0.000000
-103.405639 18.328214 0.000000 0.000000
-99.442791 18.328214 0.000000 0.000000
-95.479943 18.328214 0.000000 0.000000
-91.517095 18.328214 0.000000 0.000000
-87.554247 18.328214 0.000000 0.000000
-83.591400 18.328214 0.000000 0.000000
-79.628552 18.328214 0.000000 0.000000
-75.665704 18.328214 0.000000 0.000000
-71.702856 18.328214 0.000000 0.000000
-67.740008 18.328214 0.000000 0.000000
-63.777160 18.328214 0.000000 0.000000
-59.814312 18.328214 0.000000 0.000000
-55.851464 18.328214 0.000000 0.000000
-51.888616 18.328214 11.962566 0.642236
-47.925768 18.328214 11.797130 0.481097
-43.962920 18.328214 11.702523 0.739399
-40.000072 18.328214 11.844030 0.683116
-36.037224 18.328214 11.367931 0.633503
-32.074376 18.328214 11.386818 0.678744
-28.111528 18.328214 11.235703 0.632026
-24.148680 18.328214 11.373458 0.789936
-20.185832 18.328214 11.092199 0.810240
-16.222984 18.328214 10.892385 0.710867
-12.260136 18.328214 10.995522 0.716491
-8.297289 18.328214 10.994344 0.769199
-4.334441 18.328214 10.976248 0.738758
-0.371593 18.328214 11.052758 0.744963
3.591255 18.328214 10.817143 0.469194
7.554103 18.328214 10.779136 0.640500
11.516951 18.328214 10.787329 0.089445
15.479799 18.328214 10.771040 0.437871
19.442647 18.328214 10.806767 0.322855
23.405495 18.328214 10.408171 0.188757
27.368343 18.328214 10.699412 -0.167315
31.331191 18.328214 10.458121 0.045570
35.294039 18.328214 10.837403 0.112046
39.256887 18.328214 10.853518 0.521182
43.219735 18.328214 10.791064 0.155952
47.182583 18.328214 11.043855 -0.137774
51.145431 18.328214 10.911275 0.241692
55.108279 18.328214 10.356946 0.154859
59.071127 18.328214 10.990466 -0.344180
63.033975 18.328214 6.612463 5.400281
66.996822 18.328214 10.998092 -0.285779
-131.145575 14.365366 -5.286028 -5.675019
-127.182727 14.365366 5.224494 -5.393589
-123.219879 14.365366 5.340446 -0.127361
-119.257031 14.365366 10.422744 0.998972
-115.294183 14.365366 7.782060 -5.565500
-111.331335 14.365366 10.881954 -0.134600
-107.368487 14.365366 11.284708 -1.740227
-103.405639 14.365366 10.954218 -0.443883
-99.442791 14.365366 11.216847 -0.782592
-95.479943 14.365366 11.598974 -0.610961
-91.517095 14.365366 12.221358 -1.185475
-87.554247 14.365366 11.953690 -0.278300
-83.591400 14.365366 11.893450 -0.212733
-79.628552 14.365366 12.116889 -0.351301
-75.665704 14.365366 12.098296 0.059117
-71.702856 14.365366 11.875704 -0.080768
-67.740008 14.365366 11.963578 0.144300
-63.777160 14.365366 11.833204 0.106701
-59.814312 14.365366 12.056672 0.453118
-55.851464 14.365366 11.757537 0.479532
-51.888616 14.365366 11.827116 0.612567
-47.925768 14.365366 11.014313 0.571702
-43.962920 14.365366 11.546410 0.587559
-40.000072 14.365366 11.572922 0.497801
-36.037224 14.365366 11.803339 0.468226
-32.074376 14.365366 11.576405 0.712410
-28.111528 14.365366 11.234838 0.820095
-24.148680 14.365366 11.093102 0.779487
-20.185832 14.365366 11.209167 0.630519
-16.222984 14.365366 11.211682 0.461367
-12.260136 14.365366 11.145743 0.472407
-8.297289 14.365366 11.103350 0.569224
-4.334441 14.365366 10.930302 0.851479
-0.371593 14.365366 11.017005 0.578488
3.591255 14.365366 10.709952 0.578660
7.554103 14.365366 10.911966 0.381031
11.516951 14.365366 10.786680 0.240869
15.479799 14.365366 11.077856 0.466661
19.442647 14.365366 10.770186 0.179346
23.405495 14.365366 10.860988 0.492176
27.368343 14.365366 10.880041 0.308428
31.331191 14.365366 10.504115 0.691715
35.294039 14.365366 10.480374 0.309854
39.256887 14.365366 12.962929 9.951270
43.219735 14.365366 10.557184 0.540410
47.182583 14.365366 10.767552 0.180171
51.145431 14.365366 10.817061 -0.246705
55.108279 14.365366 11.302833 0.201832
59.071127 14.365366 11.038528 0.373499
63.033975 14.365366 11.603189 -0.229837
66.996822 14.365366 11.042187 -0.267461
-131.145575 10.402518 8.323472 -4.367276
-127.182727 10.402518 -15.168421 4.790991
-123.219879 10.402518 7.963175 2.198814
-119.257031 10.402518 -10.721309 4.371111
-115.294183 10.402518 11.602558 -1.029856
-111.331335 10.402518 11.366540 -0.029868
-107.368487 10.402518 10.451715 0.297543
-103.405639 10.402518 11.955424 -0.348836
-99.442791 10.402518 11.380573 -0.840564
-95.479943 10.402518 11.814746 -0.691981
-91.517095 10.402518 11.703791 -0.681560
-87.554247 10.402518 11.654501 -0.623548
-83.591400 10.402518 11.763919 -0.293207
-79.628552 10.402518 11.960076 -0.363089
-75.665704 10.402518 11.771176 -0.082615
-71.702856 10.402518 12.132913 0.182078
-67.740008 10.402518 11.775664 0.008306
-63.777160 10.402518 11.887692 -0.144383
-59.814312 10.402518 11.960995 0.300645
-55.851464 10.402518 11.792338 0.441629
-51.888616 10.402518 12.026848 0.251965
-47.925768 10.402518 11.511649 0.382391
-43.962920 10.402518 11.482044 0.483671
-40.000072 10.402518 11.561982 0.412551
-36.037224 10.402518 11.498381 0.486690
-32.074376 10.402518 11.601401 0.554172
-28.111528 10.402518 11.171260 0.650131
-24.148680 10.402518 11.526662 0.655940
-20.185832 10.402518 11.134094 0.639123
-16.222984 10.402518 11.170286 0.459245
-12.260136 10.402518 11.059731 0.714800
-8.297289 10.402518 10.870980 0.513285
-4.334441 10.402518 10.918812 0.559716
-0.371593 10.402518 10.528302 0.727541
3.591255 10.402518 10.703806 0.486870
7.554103 10.402518 10.595996 0.558319
11.516951 10.402518 10.792802 0.315003
15.479799 10.402518 10.807939 0.359644
19.442647 10.402518 10.970352 0.358585
23.405495 10.402518 11.151882 -0.003850
27.368343 10.402518 10.911810 0.001926
31.331191 10.402518 10.789177 -0.164113
35.294039 10.402518 10.955792 0.047160
39.256887 10.402518 10.514347 0.368010
43.219735 10.402518 10.919706 0.644235
47.182583 10.402518 10.269572 0.534983
51.145431 10.402518 10.854774 -0.094414
55.108279 10.402518 10.914220 -0.239626
59.071127 10.402518 10.606534 0.233723
63.033975 10.402518 10.856736 -0.425604
66.996822 10.402518 10.765342 0.003449
-131.145575 6.439670 -5.911709 6.592279
-127.182727 6.439670 5.756157 14.195390
-123.219879 6.439670 -4.751175 -11.125899
-119.257031 6.439670 -12.120787 13.702550
-115.294183 6.439670 11.377765 -0.410596
-111.331335 6.439670 11.072621 -0.722332
-107.368487 6.439670 11.041218 -0.391380
-103.405639 6.439670 11.512960 -0.847824
-99.442791 6.439670 11.112514 -0.845363
-95.479943 6.439670 11.609276 -0.501631
-91.517095 6.439670 11.881565 -0.757905
-87.554247 6.439670 12.041466 -0.333706
-83.591400 6.439670 11.889247 0.190192
-79.628552 6.439670 11.906789 0.212590
-75.665704 6.439670 11.831216 -0.592947
-71.702856 6.439670 11.593200 -0.140147
-67.740008 6.439670 11.560924 0.272125
-63.777160 6.439670 11.625718 0.047202
-59.814312 6.439670 11.953354 0.313893
-55.851464 6.439670 11.557797 0.258005
-51.888616 6.439670 11.736225 0.530613
-47.925768 6.439670 11.664048 0.460600
-43.962920 6.439670 11.379772 0.682403
-40.000072 6.439670 11.079423 0.585592
-36.037224 6.439670 11.557841 0.452494
-32.074376 6.439670 11.730036 0.545436
-28.111528 6.439670 11.725821 0.659983
-24.148680 6.439670 11.364439 0.656719
-20.185832 6.439670 11.044216 0.508030
-16.222984 6.439670 11.151354 0.727272
-12.260136 6.439670 11.053416 0.589296
-8.297289 6.439670 11.089731 0.628324
-4.334441 6.439670 10.920284 0.563038
-0.371593 6.439670 11.194408 0.541823
3.591255 6.439670 10.959506 0.388866
7.554103 6.439670 10.842939 0.002443
11.516951 6.439670 10.818589 -0.059799
15.479799 6.439670 10.874398 0.339878
19.442647 6.439670 11.194695 0.238385
23.405495 6.439670 10.853190 0.477394
27.368343 6.439670 10.986788 -0.303393
31.331191 6.439670 10.637258 0.633386
35.294039 6.439670 10.851216 0.196676
39.256887 6.439670 10.713093 0.233076
43.219735 6.439670 10.902834 -0.181574
47.182583 6.439670 10.893150 0.203671
51.145431 6.439670 11.018706 0.225432
55.108279 6.439670 10.927564 0.052214
59.071127 6.439670 10.631089 0.185995
63.033975 6.439670 10.815160 -0.083449
66.996822 6.439670 10.885746 0.245636
-131.145575 2.476822 7.178910 -3.639458
-127.182727 2.476822 9.676579 1.053564
-123.219879 2.476822 18.667269 -1.124761
-119.257031 2.476822 18.465128 -10.578730
-115.294183 2.476822 7.400862 -1.047302
-111.331335 2.476822 10.285793 -0.058525
-107.368487 2.476822 10.902788 -0.769292
-103.405639 2.476822 11.111908 -1.604420
-99.442791 2.476822 11.472054 -0.523645
-95.479943 2.476822 11.639324 -0.288573
-91.517095 2.476822 11.367244 -1.049082
-87.554247 2.476822 11.696558 -0.326091
-83.591400 2.476822 11.923400 -0.273432
-79.628552 2.476822 11.602561 -0.499362
-75.665704 2.476822 11.779015 0.281148
-71.702856 2.476822 11.716876 -0.059437
-67.740008 2.476822 11.796247 0.389172
-63.777160 2.476822 11.627102 0.356947
-59.814312 2.476822 11.853966 0.126561
-55.851464 2.476822 11.718026 -0.282417
-51.888616 2.476822 11.780716 0.122238
-47.925768 2.476822 11.294197 0.390975
-43.962920 2.476822 11.411918 0.436537
-40.000072 2.476822 11.501143 0.547167
-36.037224 2.476822 10.552098 0.718206
-32.074376 2.476822 11.536250 0.233326
-28.111528 2.476822 11.401892 0.832478
-24.148680 2.476822 11.426777 0.597433
-20.185832 2.476822 11.252348 0.526052
-16.222984 2.476822 10.959952 0.444788
-12.260136 2.476822 10.921425 0.574499
-8.297289 2.476822 11.338546 0.679930
-4.334441 2.476822 10.541920 0.545640
-0.371593 2.476822 10.786595 0.636568
3.591255 2.476822 11.007543 0.299394
7.554103 2.476822 11.058229 0.213253
11.516951 2.476822 10.832795 0.685977
15.479799 2.476822 10.958537 0.566372
19.442647 2.476822 10.841125 0.449634
23.405495 2.476822 10.850848 0.015388
27.368343 2.476822 10.864815 0.353536
31.331191 2.476822 11.058384 -0.185480
35.294039 2.476822 10.900383 -0.061695
39.256887 2.476822 11.101836 0.355860
43.219735 2.476822 10.800806 0.275825
47.182583 2.476822 10.749018 0.041084
51.145431 2.476822 10.841007 0.138308
55.108279 2.476822 11.151297 0.377083
59.071127 2.476822 10.805395 0.325531
63.033975 2.476822 11.222560 0.410083
66.996822 2.476822 10.471560 0.159605
-131.145575 -1.486026 5.244451 -11.016764
-127.182727 -1.486026 10.059898 0.788409
-123.219879 -1.486026 14.821554 -3.591450
-119.257031 -1.486026 11.789984 -0.573279
-115.294183 -1.486026 10.073094 -0.162725
-111.331335 -1.486026 -5.249870 3.388910
-107.368487 -1.486026 2.496329 4.716261
-103.405639 -1.486026 11.035819 -0.203359
-99.442791 -1.486026 11.098592 0.092732
-95.479943 -1.486026 11.649927 0.086849
-91.517095 -1.486026 12.011116 -0.059491
-87.554247 -1.486026 11.867880 -0.658669
-83.591400 -1.486026 11.697440 0.245866
-79.628552 -1.486026 11.444844 0.304366
-75.665704 -1.486026 11.768520 -0.102626
-71.702856 -1.486026 11.856518 0.198664
-67.740008 -1.486026 11.741388 0.475755
-63.777160 -1.486026 11.216265 0.450685
-59.814312 -1.486026 11.433757 0.160487
-55.851464 -1.486026 11.422940 0.353732
-51.888616 -1.486026 11.730279 0.538566
-47.925768 -1.486026 11.201227 0.397534
-43.962920 -1.486026 11.555484 0.452644
-40.000072 -1.486026 11.010705 0.364210
-36.037224 -1.486026 11.525404 0.239472
-32.074376 -1.486026 11.067453 0.110223
-28.111528 -1.486026 11.604976 1.168457
-24.148680 -1.486026 -4.616597 -5.194559
-20.185832 -1.486026 11.762360 0.430353
-16.222984 -1.486026 11.031468 0.510106
-12.260136 -1.486026 11.185900 0.520961
-8.297289 -1.486026 10.999659 0.557924
-4.334441 -1.486026 10.970203 0.241232
-0.371593 -1.486026 11.022120 0.682668
3.591255 -1.486026 11.026142 0.411301
7.554103 -1.486026 10.974874 0.373880
11.516951 -1.486026 10.835825 0.125007
15.479799 -1.486026 10.653381 0.192260
19.442647 -1.486026 10.749647 0.356058
23.405495 -1.486026 11.494536 -0.017450
27.368343 -1.486026 10.976829 0.073870
31.331191 -1.486026 10.917515 -0.175897
35.294039 -1.486026 11.063942 0.224677
39.256887 -1.486026 11.270030 -0.233151
43.219735 -1.486026 11.157148 0.195110
47.182583 -1.486026 10.683881 -0.166807
51.145431 -1.486026 10.670403 0.138811
55.108279 -1.486026 10.931716 -0.244619
59.071127 -1.486026 10.768993 0.488347
63.033975 -1.486026 11.104835 -0.359914
66.996822 -1.486026 10.792626 0.168130
-131.145575 -5.448874 -0.340297 5.738788
-127.182727 -5.448874 15.425823 3.795038
-123.219879 -5.448874 13.298781 5.409505
-119.257031 -5.448874 -7.550836 -14.430558
-115.294183 -5.448874 12.064238 -1.422290
-111.331335 -5.448874 -8.929150 -10.840272
-107.368487 -5.448874 11.150036 -0.329489
-103.405639 -5.448874 11.595031 -0.485524
-99.442791 -5.448874 11.338184 -0.595512
-95.479943 -5.448874 11.631380 0.189314
-91.517095 -5.448874 11.290319 -0.488709
-87.554247 -5.448874 10.677248 -0.139450
-83.591400 -5.448874 11.501832 -0.133453
-79.628552 -5.448874 11.702022 -0.465421
-75.665704 -5.448874 11.718913 0.119147
-71.702856 -5.448874 11.522507 0.220866
-67.740008 -5.448874 11.719250 -0.041008
-63.777160 -5.448874 11.603800 0.083293
-59.814312 -5.448874 11.724099 0.181197
-55.851464 -5.448874 11.575120 0.042030
-51.888616 -5.448874 11.447862 0.173575
-47.925768 -5.448874 11.658897 -0.065557
-43.962920 -5.448874 11.249649 -0.020203
-40.000072 -5.448874 11.293616 0.677576
-36.037224 -5.448874 11.494324 0.060851
-32.074376 -5.448874 11.551745 0.410243
-28.111528 -5.448874 10.960918 0.345177
-24.148680 -5.448874 10.994893 0.929674
-20.185832 -5.448874 11.257496 0.475521
-16.222984 -5.448874 11.067504 0.510124
-12.260136 -5.448874 11.208908 0.530248
-8.297289 -5.448874 11.105266 0.302339
-4.334441 -5.448874 10.983119 0.522756
-0.371593 -5.448874 11.434162 0.421071
3.591255 -5.448874 11.204614 0.186853
7.554103 -5.448874 11.182096 0.531688
11.516951 -5.448874 11.119192 0.396598
15.479799 -5.448874 11.010741 0.145130
19.442647 -5.448874 11.123865 0.377154
23.405495 -5.448874 10.866505 0.491394
27.368343 -5.448874 10.954011 0.092742
31.331191 -5.448874 11.164321 -0.043913
35.294039 -5.448874 10.925958 -0.144272
39.256887 -5.448874 10.733717 0.389008
43.219735 -5.448874 10.916616 -0.233916
47.182583 -5.448874 10.414494 0.697691
51.145431 -5.448874 10.996419 -0.056707
55.108279 -5.448874 10.706040 0.253164
59.071127 -5.448874 10.934896 -0.329920
63.033975 -5.448874 11.409356 0.178822
66.996822 -5.448874 10.473250 0.335542
-131.145575 -9.411722 -5.296896 3.606669
-127.182727 -9.411722 10.853212 -4.153837
-123.219879 -9.411722 10.859573 1.310405
-119.257031 -9.411722 12.124429 -11.073009
-115.294183 -9.411722 11.811577 -0.207740
-111.331335 -9.411722 11.086509 -0.808103
-107.368487 -9.411722 10.836825 -0.075810
-103.405639 -9.411722 11.487536 -0.322630
-99.442791 -9.411722 10.735790 0.049097
-95.479943 -9.411722 10.824125 -0.330155
-91.517095 -9.411722 11.749701 -0.478592
-87.554247 -9.411722 11.607398 -0.355720
-83.591400 -9.411722 11.340785 0.198422
-79.628552 -9.411722 11.727288 -0.340767
-75.665704 -9.411722 11.510957 0.296446
-71.702856 -9.411722 11.726647 0.243828
-67.740008 -9.411722 11.036147 -0.295089
-63.777160 -9.411722 11.226199 -0.077524
-59.814312 -9.411722 11.266833 0.118700
-55.851464 -9.411722 11.680506 0.410792
-51.888616 -9.411722 11.227804 0.643004
-47.925768 -9.411722 11.335243 0.402262
-43.962920 -9.411722 11.385403 0.305418
-40.000072 -9.411722 11.067639 0.478411
-36.037224 -9.411722 11.140913 0.236202
-32.074376 -9.411722 11.147994 0.326361
-28.111528 -9.411722 11.315145 0.382382
-24.148680 -9.411722 11.242785 0.673549
-20.185832 -9.411722 10.673737 0.568450
-16.222984 -9.411722 11.341030 0.642246
-12.260136 -9.411722 11.222382 0.409364
-8.297289 -9.411722 11.216874 0.367815
-4.334441 -9.411722 11.197598 0.518023
-0.371593 -9.411722 10.993315 0.095245
3.591255 -9.411722 10.927655 0.334852
7.554103 -9.411722 11.040081 0.373895
11.516951 -9.411722 10.501918 0.099515
15.479799 -9.411722 10.922811 0.405043
19.442647 -9.411722 10.799242 0.037496
23.405495 -9.411722 10.818505 -0.084079
27.368343 -9.411722 10.770288 0.471055
31.331191 -9.411722 10.970557 0.142111
35.294039 -9.411722 10.613528 -0.281978
39.256887 -9.411722 10.834126 0.187388
43.219735 -9.411722 11.138134 0.278492
47.182583 -9.411722 10.974756 -0.215551
51.145431 -9.411722 10.948171 0.230019
55.108279 -9.411722 11.167433 -0.066336
59.071127 -9.411722 11.305725 -0.223837
63.033975 -9.411722 11.287877 0.446984
66.996822 -9.411722 11.016891 0.544399
-131.145575 -13.374570 -0.276629 2.307277
-127.182727 -13.374570 3.715202 11.477773
-123.219879 -13.374570 0.617682 9.182841
-119.257031 -13.374570 4.736587 -6.271500
-115.294183 -13.374570 10.509379 0.121281
-111.331335 -13.374570 10.713112 0.608981
-107.368487 -13.374570 7.411481 1.104162
-103.405639 -13.374570 12.145779 0.027034
-99.442791 -13.374570 9.906964 -0.172066
-95.479943 -13.374570 11.072282 -0.700442
-91.517095 -13.374570 11.335038 -0.181493
-87.554247 -13.374570 11.667804 0.099751
-83.591400 -13.374570 11.236496 0.042601
-79.628552 -13.374570 11.942923 0.039922
-75.665704 -13.374570 11.486009 -0.292796
-71.702856 -13.374570 11.357611 0.077574
-67.740008 -13.374570 11.012937 0.174752
-63.777160 -13.374570 11.618536 0.615004
-59.814312 -13.374570 11.449465 0.173726
-55.851464 -13.374570 11.378172 0.232686
-51.888616 -13.374570 11.270335 0.342381
-47.925768 -13.374570 11.062077 0.473668
-43.962920 -13.374570 11.305060 0.436443
-40.000072 -13.374570 11.436382 0.008907
-36.037224 -13.374570 11.312428 0.386531
-32.074376 -13.374570 11.877834 0.456715
-28.111528 -13.374570 11.054197 0.249866
-24.148680 -13.374570 11.249386 0.424549
-20.185832 -13.374570 11.122337 0.376298
-16.222984 -13.374570 11.629927 0.391954
-12.260136 -13.374570 10.869385 0.265242
-8.297289 -13.374570 10.999538 0.407068
-4.334441 -13.374570 10.764583 0.243033
-0.371593 -13.374570 11.360493 0.491849
3.591255 -13.374570 10.871862 0.332096
7.554103 -13.374570 10.293120 0.258360
11.516951 -13.374570 11.042500 0.468529
15.479799 -13.374570 11.492075 0.392127
19.442647 -13.374570 10.966361 0.220557
23.405495 -13.374570 10.910745 0.409887
27.368343 -13.374570 10.855461 0.181067
31.331191 -13.374570 10.770859 0.305856
35.294039 -13.374570 10.609296 -0.211248
39.256887 -13.374570 10.294741 0.027889
43.219735 -13.374570 10.883509 0.348347
47.182583 -13.374570 10.900429 0.286637
51.145431 -13.374570 10.866341 0.525009
55.108279 -13.374570 11.001522 -0.217704
59.071127 -13.374570 10.455245 0.878208
63.033975 -13.374570 11.125610 0.797947
66.996822 -13.374570 10.810151 0.104539
-131.145575 -17.337417 -4.487056 -6.726392
-127.182727 -17.337417 14.295023 -9.987076
-123.219879 -17.337417 12.320489 -3.691164
-119.257031 -17.337417 -4.791878 12.314276
-115.294183 -17.337417 10.499551 -0.247099
-111.331335 -17.337417 10.661603 -0.559630
-107.368487 -17.337417 -0.125094 -13.715052
-103.405639 -17.337417 10.288888 -0.698439
-99.442791 -17.337417 10.339072 -0.069940
-95.479943 -17.337417 11.722952 -0.888400
-91.517095 -17.337417 11.606193 -0.333117
-87.554247 -17.337417 10.976906 0.123580
-83.591400 -17.337417 11.176125 -0.110895
-79.628552 -17.337417 11.453798 0.084226
-75.665704 -17.337417 11.533283 -0.171963
-71.702856 -17.337417 10.945930 -0.434587
-67.740008 -17.337417 11.769200 -0.233462
-63.777160 -17.337417 11.496344 0.167079
-59.814312 -17.337417 11.763950 0.329690
-55.851464 -17.337417 11.191369 0.544853
-51.888616 -17.337417 11.161439 0.598447
-47.925768 -17.337417 11.432161 0.353520
-43.962920 -17.337417 11.361891 0.573800
-40.000072 -17.337417 11.109643 0.242828
-36.037224 -17.337417 11.315662 0.278289
-32.074376 -17.337417 11.190812 -0.036555
-28.111528 -17.337417 11.149436 0.692957
-24.148680 -17.337417 11.477037 0.463107
-20.185832 -17.337417 11.127632 0.417102
-16.222984 -17.337417 11.295055 0.310194
-12.260136 -17.337417 11.049030 -0.020542
-8.297289 -17.337417 10.748162 -0.039136
-4.334441 -17.337417 10.236189 -0.197217
-0.371593 -17.337417 11.055759 -0.177702
3.591255 -17.337417 11.027988 0.559875
7.554103 -17.337417 11.633053 -0.343413
11.516951 -17.337417 11.176584 0.470349
15.479799 -17.337417 10.349149 0.198092
19.442647 -17.337417 10.429861 0.758654
23.405495 -17.337417 10.655392 -0.056815
27.368343 -17.337417 11.144750 0.052945
31.331191 -17.337417 10.642020 0.278909
35.294039 -17.337417 11.195541 0.358223
39.256887 -17.337417 10.505868 -0.168384
43.219735 -17.337417 10.923172 0.043581
47.182583 -17.337417 10.894145 0.647395
51.145431 -17.337417 10.648988 0.529744
55.108279 -17.337417 11.516421 0.187102
59.071127 -17.337417 11.014783 -0.398657
63.033975 -17.337417 12.205432 0.162332
66.996822 -17.337417 10.986785 -0.343560
-131.145575 -21.300265 5.061056 -5.990924
-127.182727 -21.300265 18.053640 2.567849
-123.219879 -21.300265 17.855608 1.334315
-119.257031 -21.300265 10.664922 5.584322
-115.294183 -21.300265 0.038018 -3.781917
-111.331335 -21.300265 10.762226 0.344680
-107.368487 -21.300265 11.387432 -0.625314
-103.405639 -21.300265 5.220190 -7.789433
-99.442791 -21.300265 11.142528 0.613130
-95.479943 -21.300265 12.032316 0.439829
-91.517095 -21.300265 11.276147 -0.505451
-87.554247 -21.300265 11.018331 -0.523055
-83.591400 -21.300265 11.012638 -0.104178
-79.628552 -21.300265 11.522158 -0.349699
-75.665704 -21.300265 11.393687 -0.146503
-71.702856 -21.300265 11.408845 0.087025
-67.740008 -21.300265 11.312443 -0.191449
-63.777160 -21.300265 11.758610 0.229504
-59.814312 -21.300265 10.770784 0.536307
-55.851464 -21.300265 11.389686 0.499168
-51.888616 -21.300265 11.724340 0.231955
-47.925768 -21.300265 11.260347 0.327626
-43.962920 -21.300265 11.263355 0.031354
-40.000072 -21.300265 11.592881 0.457290
-36.037224 -21.300265 11.223832 0.178467
-32.074376 -21.300265 11.379252 0.285717
-28.111528 -21.300265 11.140798 0.157609
-24.148680 -21.300265 11.394723 0.260219
-20.185832 -21.300265 11.254508 0.167858
-16.222984 -21.300265 11.146910 0.669426
-12.260136 -21.300265 11.575118 0.482413
-8.297289 -21.300265 11.016284 0.077640
-4.334441 -21.300265 11.256457 0.335285
-0.371593 -21.300265 11.472164 0.098034
3.591255 -21.300265 10.668062 0.507351
7.554103 -21.300265 11.004655 0.252192
11.516951 -21.300265 9.967940 0.458259
15.479799 -21.300265 10.823058 0.176439
19.442647 -21.300265 10.843357 0.336351
23.405495 -21.300265 11.359811 0.626881
27.368343 -21.300265 10.744694 0.182979
31.331191 -21.300265 10.859414 0.173783
35.294039 -21.300265 11.000391 0.643387
39.256887 -21.300265 10.637057 0.377936
43.219735 -21.300265 10.977373 0.696934
47.182583 -21.300265 11.031722 0.467826
51.145431 -21.300265 10.779273 0.443976
55.108279 -21.300265 11.047967 0.012390
59.071127 -21.300265 10.717682 0.438213
63.033975 -21.300265 10.492647 0.522810
66.996822 -21.300265 10.802607 0.421112
-131.145575 -25.263113 2.567342 -0.201570
-127.182727 -25.263113 -2.632398 0.489646
-123.219879 -25.263113 -15.823833 8.350178
-119.257031 -25.263113 13.408146 -17.837198
-115.294183 -25.263113 11.855718 0.285927
-111.331335 -25.263113 10.916076 0.337099
-107.368487 -25.263113 10.717942 0.331048
-103.405639 -25.263113 11.874079 -0.072083
-99.442791 -25.263113 10.474917 -0.075789
-95.479943 -25.263113 10.283205 -0.397750
-91.517095 -25.263113 12.415622 -0.221422
-87.554247 -25.263113 10.814038 0.485798
-83.591400 -25.263113 11.829998 0.491025
-79.628552 -25.263113 11.093392 0.219932
-75.665704 -25.263113 11.854190 0.203852
-71.702856 -25.263113 11.533727 -0.314151
-67.740008 -25.263113 12.103059 0.413093
-63.777160 -25.263113 11.275970 0.024533
-59.814312 -25.263113 11.410065 0.300699
-55.851464 -25.263113 11.142179 -0.004493
-51.888616 -25.263113 11.123084 -0.007091
-47.925768 -25.263113 11.127040 -0.277301
-43.962920 -25.263113 11.465632 0.396827
-40.000072 -25.263113 10.999682 0.140692
-36.037224 -25.263113 10.769753 -0.216302
-32.074376 -25.263113 10.920655 0.416568
-28.111528 -25.263113 11.030545 0.053270
-24.148680 -25.263113 11.687334 0.146540
-20.185832 -25.263113 10.606975 0.508388
-16.222984 -25.263113 11.314646 0.247973
-12.260136 -25.263113 10.269604 -0.125549
-8.297289 -25.263113 10.938792 0.598185
-4.334441 -25.263113 11.331347 0.001023
-0.371593 -25.263113 11.061925 0.451184
3.591255 -25.263113 11.168238 -0.118286
7.554103 -25.263113 11.071045 0.363187
11.516951 -25.263113 10.678894 -0.087324
15.479799 -25.263113 11.308864 -0.414187
19.442647 -25.263113 10.534261 0.085467
23.405495 -25.263113 10.852651 0.148619
27.368343 -25.263113 11.237850 -0.335375
31.331191 -25.263113 10.819132 0.497348
35.294039 -25.263113 10.418511 0.553783
39.256887 -25.263113 10.776487 0.450449
43.219735 -25.263113 9.922501 0.679537
47.182583 -25.263113 10.925713 0.401858
51.145431 -25.263113 10.809419 0.478409
55.108279 -25.263113 10.679521 0.024950
59.071127 -25.263113 11.354183 -1.405597
63.033975 -25.263113 10.381895 0.690067
66.996822 -25.263113 11.626649 0.055323
-131.145575 -29.225961 -12.880687 -7.324462
-127.182727 -29.225961 -1.199097 -4.373446
-123.219879 -29.225961 13.206882 -13.565455
-119.257031 -29.225961 -0.720264 -13.711289
-115.294183 -29.225961 10.688872 0.465701
-111.331335 -29.225961 9.365506 -1.618071
-107.368487 -29.225961 9.203994 -17.180319
-103.405639 -29.225961 11.256506 0.669014
-99.442791 -29.225961 11.403249 0.503670
-95.479943 -29.225961 11.114179 0.605898
-91.517095 -29.225961 10.702960 0.492008
-87.554247 -29.225961 11.675767 -0.138021
-83.591400 -29.225961 11.011295 0.350894
-79.628552 -29.225961 10.836423 0.272475
-75.665704 -29.225961 11.599013 -0.257680
-71.702856 -29.225961 11.380322 -0.096382
-67.740008 -29.225961 11.665092 0.613622
-63.777160 -29.225961 11.538940 0.315363
-59.814312 -29.225961 11.106116 0.269091
-55.851464 -29.225961 11.182636 -0.009142
-51.888616 -29.225961 11.163546 0.311702
-47.925768 -29.225961 10.922907 -0.321522
-43.962920 -29.225961 10.948144 0.271917
-40.000072 -29.225961 10.465053 0.283854
-36.037224 -29.225961 10.604811 0.801958
-32.074376 -29.225961 11.265443 -0.052149
-28.111528 -29.225961 11.006345 0.507894
-24.148680 -29.225961 10.680032 0.201772
-20.185832 -29.225961 11.628666 0.542044
-16.222984 -29.225961 10.946949 0.473969
-12.260136 -29.225961 10.919766 -0.053763
-8.297289 -29.225961 11.558266 0.342291
-4.334441 -29.225961 10.723047 0.008538
-0.371593 -29.225961 11.273404 0.146666
3.591255 -29.225961 11.136483 0.204580
7.554103 -29.225961 11.557528 0.230256
11.516951 -29.225961 10.928752 0.277761
15.479799 -29.225961 10.959866 0.567575
19.442647 -29.225961 11.189255 0.115666
23.405495 -29.225961 10.968225 0.240753
27.368343 -29.225961 10.660793 0.699393
31.331191 -29.225961 11.040837 0.089109
35.294039 -29.225961 10.593461 0.133633
39.256887 -29.225961 10.315302 0.771719
43.219735 -29.225961 10.710533 0.138308
47.182583 -29.225961 10.580019 -0.122579
51.145431 -29.225961 11.596535 0.117610
55.108279 -29.225961 10.805752 0.721533
59.071127 -29.225961 11.682595 0.343773
63.033975 -29.225961 10.888332 0.653833
66.996822 -29.225961 2.925786 4.607713
-131.145575 -33.188809 2.506818 -15.117770
-127.182727 -33.188809 3.114476 -14.197720
-123.219879 -33.188809 8.639709 15.249156
-119.257031 -33.188809 -0.340023 -13.820109
-115.294183 -33.188809 -12.910331 9.891274
-111.331335 -33.188809 4.420149 9.542866
-107.368487 -33.188809 11.062446 1.664570
-103.405639 -33.188809 12.058014 -0.027543
-99.442791 -33.188809 12.166472 0.270007
-95.479943 -33.188809 7.244960 -0.105232
-91.517095 -33.188809 10.405052 -0.585129
-87.554247 -33.188809 10.003198 0.076764
-83.591400 -33.188809 11.721566 -0.104777
-79.628552 -33.188809 10.268758 -1.412468
-75.665704 -33.188809 11.453950 -0.163331
-71.702856 -33.188809 11.785067 0.555533
-67.740008 -33.188809 11.751658 -1.125850
-63.777160 -33.188809 10.282287 -0.851274
-59.814312 -33.188809 11.914492 -0.628782
-55.851464 -33.188809 11.896044 -0.116219
-51.888616 -33.188809 10.470180 0.468718
-47.925768 -33.188809 11.267805 0.334394
-43.962920 -33.188809 11.164179 -0.293549
-40.000072 -33.188809 11.403896 0.168482
-36.037224 -33.188809 11.370064 0.363704
-32.074376 -33.188809 10.936546 -0.005499
-28.111528 -33.188809 11.190812 0.337441
-24.148680 -33.188809 11.444972 0.122768
-20.185832 -33.188809 11.205727 -0.186449
-16.222984 -33.188809 11.296926 0.275680
-12.260136 -33.188809 11.432964 0.193746
-8.297289 -33.188809 10.969039 0.364389
-4.334441 -33.188809 10.606618 -0.035394
-0.371593 -33.188809 10.892885 0.568362
3.591255 -33.188809 10.688130 0.389138
7.554103 -33.188809 10.945354 -0.022485
11.516951 -33.188809 10.786054 -0.580976
15.479799 -33.188809 11.046427 0.143508
19.442647 -33.188809 10.262750 0.854627
23.405495 -33.188809 10.748285 -0.276733
27.368343 -33.188809 11.404603 0.105578
31.331191 -33.188809 10.792911 0.087014
35.294039 -33.188809 10.840291 0.013009
39.256887 -33.188809 11.598162 -0.190755
43.219735 -33.188809 11.137040 -0.220588
47.182583 -33.188809 9.968473 0.328518
51.145431 -33.188809 11.396280 0.204344
55.108279 -33.188809 10.602986 -0.291631
59.071127 -33.188809 10.218551 0.032556
63.033975 -33.188809 10.899754 0.450866
66.996822 -33.188809 10.731596 -0.108193
-131.145575 -37.151657 -5.330070 13.345840
-127.182727 -37.151657 2.293611 14.313206
-123.219879 -37.151657 10.998309 0.232580
-119.257031 -37.151657 4.898285 -9.462503
-115.294183 -37.151657 -1.106803 -16.163904
-111.331335 -37.151657 -8.849852 -1.905047
-107.368487 -37.151657 11.535626 -0.079733
-103.405639 -37.151657 11.394969 0.146803
-99.442791 -37.151657 11.943439 -0.435781
-95.479943 -37.151657 11.195057 -0.190732
-91.517095 -37.151657 11.372817 -0.194063
-87.554247 -37.151657 11.310603 -0.719985
-83.591400 -37.151657 11.197903 0.121043
-79.628552 -37.151657 11.422443 -0.216754
-75.665704 -37.151657 12.007048 -0.347645
-71.702856 -37.151657 11.244309 0.028493
-67.740008 -37.151657 10.768143 1.562697
-63.777160 -37.151657 10.627563 0.252940
-59.814312 -37.151657 11.617461 -0.409519
-55.851464 -37.151657 10.780690 0.390463
-51.888616 -37.151657 11.739660 0.384167
-47.925768 -37.151657 11.177026 0.213755
-43.962920 -37.151657 11.315957 0.439810
-40.000072 -37.151657 11.453196 0.179103
-36.037224 -37.151657 11.130569 0.324665
-32.074376 -37.151657 11.357680 0.474332
-28.111528 -37.151657 11.104270 -0.080914
-24.148680 -37.151657 10.972401 0.524103
-20.185832 -37.151657 10.775708 0.235013
-16.222984 -37.151657 11.093752 0.557228
-12.260136 -37.151657 10.871019 0.941006
-8.297289 -37.151657 11.059343 -0.086129
-4.334441 -37.151657 10.958412 0.334802
-0.371593 -37.151657 10.073037 0.453563
3.591255 -37.151657 10.544557 0.069513
7.554103 -37.151657 11.444835 -0.071910
11.516951 -37.151657 11.119409 0.363890
15.479799 -37.151657 10.821277 0.178443
19.442647 -37.151657 10.174412 0.624833
23.405495 -37.151657 10.932704 -0.066506
27.368343 -37.151657 11.028582 0.220527
31.331191 -37.151657 10.918715 -0.302877
35.294039 -37.151657 11.381006 -0.441016
39.256887 -37.151657 11.847282 0.403430
43.219735 -37.151657 11.126680 -0.241677
47.182583 -37.151657 10.727904 -0.824197
51.145431 -37.151657 11.933402 -0.477123
55.108279 -37.151657 10.891853 -0.012369
59.071127 -37.151657 10.099424 -10.145465
63.033975 -37.151657 11.186032 -0.342189
66.996822 -37.151657 11.276311 0.318606
-131.145575 -41.114505 -14.857337 15.312323
-127.182727 -41.114505 17.606514 1.445972
-123.219879 -41.114505 7.322637 14.683535
-119.257031 -41.114505 -12.826545 -16.008490
-115.294183 -41.114505 14.607957 -1.489273
-111.331335 -41.114505 11.784145 -0.312371
-107.368487 -41.114505 12.265082 -14.760387
-103.405639 -41.114505 10.336558 0.388443
-99.442791 -41.114505 11.233010 0.020300
-95.479943 -41.114505 10.704765 -0.327144
-91.517095 -41.114505 11.621604 0.031323
-87.554247 -41.114505 11.009249 0.384671
-83.591400 -41.114505 11.047352 0.141558
-79.628552 -41.114505 11.691583 0.026655
-75.665704 -41.114505 12.139039 -1.153108
-71.702856 -41.114505 10.827953 0.084731
-67.740008 -41.114505 11.147691 -0.063230
-63.777160 -41.114505 10.794959 -0.509740
-59.814312 -41.114505 10.843643 0.985928
-55.851464 -41.114505 10.940887 -0.392306
-51.888616 -41.114505 10.581556 0.154743
-47.925768 -41.114505 11.058324 -0.136959
-43.962920 -41.114505 11.253519 -0.086559
-40.000072 -41.114505 10.928841 -0.316773
-36.037224 -41.114505 11.097216 0.363894
-32.074376 -41.114505 11.123034 0.190045
-28.111528 -41.114505 11.075863 -0.182143
-24.148680 -41.114505 11.028711 0.164275
-20.185832 -41.114505 10.625724 -0.023691
-16.222984 -41.114505 10.826694 0.294105
-12.260136 -41.114505 11.033898 0.247475
-8.297289 -41.114505 10.891533 -0.059759
-4.334441 -41.114505 10.879868 0.236671
-0.371593 -41.114505 10.997798 0.184232
3.591255 -41.114505 10.360214 -0.409983
7.554103 -41.114505 10.828143 0.237974
11.516951 -41.114505 10.664120 2.558418
15.479799 -41.114505 11.171051 0.254392
19.442647 -41.114505 10.627701 -0.178893
23.405495 -41.114505 10.359908 -0.216966
27.368343 -41.114505 11.035224 0.155586
31.331191 -41.114505 10.872183 0.112731
35.294039 -41.114505 10.842653 1.066595
39.256887 -41.114505 10.700984 -0.227397
43.219735 -41.114505 11.397227 0.175378
47.182583 -41.114505 10.312070 0.480563
51.145431 -41.114505 0.316016 14.418162
55.108279 -41.114505 10.836201 0.584712
59.071127 -41.114505 11.369917 1.158273
63.033975 -41.114505 9.868836 -0.330249
66.996822 -41.114505 10.793797 0.011043
-131.145575 -45.077353 13.125733 -11.132682
-127.182727 -45.077353 -4.876412 2.689072
-123.219879 -45.077353 12.323627 2.611367
-119.257031 -45.077353 14.641946 9.683410
-115.294183 -45.077353 -13.082067 -3.809194
-111.331335 -45.077353 -2.623914 -18.603825
-107.368487 -45.077353 11.840825 -0.336163
-103.405639 -45.077353 10.850807 0.650078
-99.442791 -45.077353 12.548672 -0.744233
-95.479943 -45.077353 10.471543 -0.355936
-91.517095 -45.077353 8.612697 -0.782459
-87.554247 -45.077353 11.503917 -0.176205
-83.591400 -45.077353 11.201095 0.863453
-79.628552 -45.077353 9.606745 -0.515570
-75.665704 -45.077353 11.472658 0.277954
-71.702856 -45.077353 11.568726 0.283418
-67.740008 -45.077353 11.405208 0.285558
-63.777160 -45.077353 11.817448 -0.557769
-59.814312 -45.077353 11.372276 0.575908
-55.851464 -45.077353 10.220295 0.644960
-51.888616 -45.077353 10.486928 0.059221
-47.925768 -45.077353 11.501490 0.371306
-43.962920 -45.077353 11.589594 0.386319
-40.000072 -45.077353 10.773026 -0.144302
-36.037224 -45.077353 11.009634 0.417609
-32.074376 -45.077353 10.938588 0.208219
-28.111528 -45.077353 11.008576 0.188728
-24.148680 -45.077353 11.373330 0.307419
-20.185832 -45.077353 10.754725 0.476578
-16.222984 -45.077353 11.380648 0.398086
-12.260136 -45.077353 11.752282 0.383261
-8.297289 -45.077353 10.687010 0.037932
-4.334441 -45.077353 10.918998 0.486302
-0.371593 -45.077353 11.517938 0.448027
3.591255 -45.077353 10.727914 -0.511834
7.554103 -45.077353 10.810862 -0.402028
11.516951 -45.077353 10.559949 0.543251
15.479799 -45.077353 10.685435 -0.111974
19.442647 -45.077353 11.065986 -0.439186
23.405495 -45.077353 10.678528 -0.628371
27.368343 -45.077353 10.092999 0.442462
31.331191 -45.077353 10.316744 -0.269335
35.294039 -45.077353 10.581821 -0.415750
39.256887 -45.077353 10.928446 0.327672
43.219735 -45.077353 10.860000 1.094016
47.182583 -45.077353 10.601711 0.654953
51.145431 -45.077353 11.000760 0.592380
55.108279 -45.077353 16.443186 2.016153
59.071127 -45.077353 10.964640 0.194347
63.033975 -45.077353 10.728675 0.089046
66.996822 -45.077353 12.257214 -0.623500
-131.145575 -49.040201 -13.758259 0.990739
-127.182727 -49.040201 2.676410 6.460258
-123.219879 -49.040201 14.613618 -0.484276
-119.257031 -49.040201 16.684122 6.120776
-115.294183 -49.040201 -8.788007 9.634023
-111.331335 -49.040201 -13.111069 -7.117126
-107.368487 -49.040201 2.751038 5.281188
-103.405639 -49.040201 9.997449 1.229241
-99.442791 -49.040201 11.827296 -0.003053
-95.479943 -49.040201 10.575880 0.099809
-91.517095 -49.040201 11.893715 -0.044213
-87.554247 -49.040201 9.717664 1.333492
-83.591400 -49.040201 10.031144 -0.381631
-79.628552 -49.040201 11.762774 -0.137355
-75.665704 -49.040201 11.241017 1.579554
-71.702856 -49.040201 10.636271 0.191269
-67.740008 -49.040201 11.832037 -0.174159
-63.777160 -49.040201 10.126889 0.585709
-59.814312 -49.040201 11.605902 -1.217087
-55.851464 -49.040201 10.739017 -0.440908
-51.888616 -49.040201 11.249352 0.264378
-47.925768 -49.040201 11.016400 0.163461
-43.962920 -49.040201 11.336704 -0.043025
-40.000072 -49.040201 10.103291 0.252593
-36.037224 -49.040201 10.574794 0.380530
-32.074376 -49.040201 10.917494 0.509127
-28.111528 -49.040201 10.732691 0.828902
-24.148680 -49.040201 10.782869 0.770525
-20.185832 -49.040201 11.561594 -0.020072
-16.222984 -49.040201 10.863552 0.595474
-12.260136 -49.040201 10.847589 0.523456
-8.297289 -49.040201 10.145481 0.175379
-4.334441 -49.040201 11.359110 -0.213115
-0.371593 -49.040201 11.020343 0.606447
3.591255 -49.040201 11.584847 -0.604902
7.554103 -49.040201 10.078289 0.147026
11.516951 -49.040201 11.179723 -0.039692
15.479799 -49.040201 10.466132 0.656105
19.442647 -49.040201 11.189144 -0.264878
23.405495 -49.040201 10.964109 -0.253991
27.368343 -49.040201 11.171130 0.314633
31.331191 -49.040201 10.446993 0.232830
35.294039 -49.040201 11.795076 -0.554641
39.256887 -49.040201 12.260715 0.435398
43.219735 -49.040201 10.769146 -0.944144
47.182583 -49.040201 10.804947 0.686930
51.145431 -49.040201 10.464865 -0.174247
55.108279 -49.040201 10.941080 0.205405
59.071127 -49.040201 10.976892 -0.308737
63.033975 -49.040201 10.496608 0.788422
66.996822 -49.040201 -5.216513 -5.801544
-131.145575 -53.003049 0.000000 0.000000
-127.182727 -53.003049 0.000000 0.000000
-123.219879 -53.003049 0.000000 0.000000
-119.257031 -53.003049 0.000000 0.000000
-115.294183 -53.003049 0.000000 0.000000
-111.331335 -53.003049 0.000000 0.000000
-107.368487 -53.003049 0.000000 0.000000
-103.405639 -53.003049 0.000000 0.000000
-99.442791 -53.003049 0.000000 0.000000
-95.479943 -53.003049 0.000000 0.000000
-91.517095 -53.003049 0.000000 0.000000
-87.554247 -53.003049 0.000000 0.000000
-83.591400 -53.003049 0.000000 0.000000
-79.628552 -53.003049 0.000000 0.000000
-75.665704 -53.003049 0.000000 0.000000
-71.702856 -53.003049 0.000000 0.000000
-67.740008 -53.003049 0.000000 0.000000
-63.777160 -53.003049 0.000000 0.000000
-59.814312 -53.003049 0.000000 0.000000
-55.851464 -53.003049 0.000000 0.000000
-51.888616 -53.003049 0.000000 0.000000
-47.925768 -53.003049 0.000000 0.000000
-43.962920 -53.003049 0.000000 0.000000
-40.000072 -53.003049 0.000000 0.000000
-36.037224 -53.003049 0.000000 0.000000
-32.074376 -53.003049 0.000000 0.000000
-28.111528 -53.003049 0.000000 0.000000
-24.148680 -53.003049 0.000000 0.000000
-20.185832 -53.003049 0.000000 0.000000
-16.222984 -53.003049 0.000000 0.000000
-12.260136 -53.003049 0.000000 0.000000
-8.297289 -53.003049 0.000000 0.000000
-4.334441 -53.003049 0.000000 0.000000
-0.371593 -53.003049 0.000000 0.000000
3.591255 -53.003049 0.000000 0.000000
7.554103 -53.003049 0.000000 0.000000
11.516951 -53.003049 0.000000 0.000000
15.479799 -53.003049 0.000000 0.000000
19.442647 -53.003049 0.000000 0.000000
23.405495 -53.003049 0.000000 0.000000
27.368343 -53.003049 0.000000 0.000000
31.331191 -53.003049 0.000000 0.000000
35.294039 -53.003049 0.000000 0.000000
39.256887 -53.003049 0.000000 0.000000
43.219735 -53.003049 0.000000 0.000000
47.182583 -53.003049 0.000000 0.000000
51.145431 -53.003049 0.000000 0.000000
55.108279 -53.003049 0.000000 0.000000
59.071127 -53.003049 0.000000 0.000000
63.033975 -53.003049 0.000000 0.000000
66.996822 -53.003049 0.000000 0.000000
