TITLE = "B00018"
VARIABLES = "position", "position(2)", "Vx", "Vy"
ZONE T="Frame 0", I=51, J=39
-131.145575 97.585173 11.578323 0.492716
-127.182727 97.585173 11.180698 0.401470
-123.219879 97.585173 11.038398 0.511366
-119.257031 97.585173 11.050691 0.439977
-115.294183 97.585173 11.163601 0.091694
-111.331335 97.585173 0.000000 0.000000
-107.368487 97.585173 0.000000 0.000000
-103.405639 97.585173 0.000000 0.000000
-99.442791 97.585173 0.000000 0.000000
-95.479943 97.585173 0.000000 0.000000
-91.517095 97.585173 0.000000 0.000000
-87.554247 97.585173 11.319303 0.319097
-83.591400 97.585173 11.325956 0.419734
-79.628552 97.585173 11.398804 0.363485
-75.665704 97.585173 11.625687 0.279253
-71.702856 97.585173 11.602445 0.297656
-67.740008 97.585173 11.491996 0.253163
-63.777160 97.585173 11.611753 0.222234
-59.814312 97.585173 11.663065 0.094396
-55.851464 97.585173 11.545305 0.005773
-51.888616 97.585173 11.484659 0.173099
-47.925768 97.585173 11.493861 -0.150253
-43.962920 97.585173 11.213353 -0.048152
-40.000072 97.585173 11.718705 -0.200372
-36.037224 97.585173 11.398722 0.033234
-32.074376 97.585173 11.260693 0.016714
-28.111528 97.585173 11.301267 0.071895
-24.148680 97.585173 11.417830 -0.215907
-20.185832 97.585173 11.292990 -0.221029
-16.222984 97.585173 11.529532 -0.059907
-12.260136 97.585173 0.000000 0.000000
-8.297289 97.585173 0.000000 0.000000
-4.334441 97.585173 0.000000 0.000000
-0.371593 97.585173 11.176081 0.137740
3.591255 97.585173 11.021643 -0.174515
7.554103 97.585173 11.098557 0.027923
11.516951 97.585173 11.183726 -0.296241
15.479799 97.585173 11.092294 0.198148
19.442647 97.585173 11.088844 -0.031009
23.405495 97.585173 10.966672 -0.132005
27.368343 97.585173 11.092990 0.046512
31.331191 97.585173 11.045578 -0.027224
35.294039 97.585173 11.036101 -0.035355
39.256887 97.585173 10.988991 0.025739
43.219735 97.585173 11.125222 -0.047755
47.182583 97.585173 11.105815 -0.127962
51.145431 97.585173 11.136703 0.090537
55.108279 97.585173 11.203815 0.134738
59.071127 97.585173 11.162376 0.223080
63.033975 97.585173 11.103212 0.162193
66.996822 97.585173 10.978730 -0.023948
-131.145575 93.622325 11.125912 0.726282
-127.182727 93.622325 10.906599 0.657538
-123.219879 93.622325 11.456023 0.162153
-119.257031 93.622325 11.228822 0.322631
-115.294183 93.622325 11.530391 0.462013
-111.331335 93.622325 0.000000 0.000000
-107.368487 93.622325 0.000000 0.000000
-103.405639 93.622325 0.000000 0.000000
-99.442791 93.622325 0.000000 0.000000
-95.479943 93.622325 0.000000 0.000000
-91.517095 93.622325 0.000000 0.000000
-87.554247 93.622325 11.592144 0.346439
-83.591400 93.622325 11.477356 0.354326
-79.628552 93.622325 11.552912 0.372880
-75.665704 93.622325 11.403726 0.196987
-71.702856 93.622325 11.496317 0.250613
-67.740008 93.622325 11.750887 0.164974
-63.777160 93.622325 11.649594 0.023349
-59.814312 93.622325 11.419498 -0.027331
-55.851464 93.622325 11.429824 -0.007178
-51.888616 93.622325 11.613643 0.187578
-47.925768 93.622325 11.409626 -0.036055
-43.962920 93.622325 11.319348 -0.086296
-40.000072 93.622325 11.348119 0.180008
-36.037224 93.622325 11.295229 -0.049658
-32.074376 93.622325 11.618924 -0.005773
-28.111528 93.622325 11.471709 -0.146753
-24.148680 93.622325 11.403670 -0.243269
-20.185832 93.622325 11.224375 -0.050464
-16.222984 93.622325 11.255756 0.064369
-12.260136 93.622325 0.000000 0.000000
-8.297289 93.622325 0.000000 0.000000
-4.334441 93.622325 0.000000 0.000000
-0.371593 93.622325 11.133097 -0.193293
3.591255 93.622325 11.125801 -0.148614
7.554103 93.622325 10.979229 -0.151437
11.516951 93.622325 11.067237 -0.240425
15.479799 93.622325 11.230875 -0.140001
19.442647 93.622325 11.115126 -0.049093
23.405495 93.622325 11.159181 0.166361
27.368343 93.622325 10.985055 0.074151
31.331191 93.622325 11.097115 -0.083440
35.294039 93.622325 11.013144 -0.140406
39.256887 93.622325 11.144167 -0.163121
43.219735 93.622325 11.055962 0.183360
47.182583 93.622325 11.019610 0.154593
51.145431 93.622325 10.901361 0.232582
55.108279 93.622325 10.951680 -0.153446
59.071127 93.622325 11.054486 0.048540
63.033975 93.622325 11.094986 -0.077848
66.996822 93.622325 10.974255 0.009320
-131.145575 89.659477 11.335709 0.382886
-127.182727 89.659477 -7.413272 11.236546
-123.219879 89.659477 11.389163 0.595126
-119.257031 89.659477 11.067657 0.575333
-115.294183 89.659477 11.619283 0.580859
-111.331335 89.659477 0.000000 0.000000
-107.368487 89.659477 0.000000 0.000000
-103.405639 89.659477 0.000000 0.000000
-99.442791 89.659477 0.000000 0.000000
-95.479943 89.659477 0.000000 0.000000
-91.517095 89.659477 0.000000 0.000000
-87.554247 89.659477 11.443070 0.426582
-83.591400 89.659477 11.735346 0.512535
-79.628552 89.659477 11.562748 0.428236
-75.665704 89.659477 11.610114 0.323860
-71.702856 89.659477 11.536417 0.273911
-67.740008 89.659477 11.579150 0.152921
-63.777160 89.659477 11.725746 0.153198
-59.814312 89.659477 11.648375 -0.167778
-55.851464 89.659477 11.519477 0.180716
-51.888616 89.659477 11.559765 -0.160299
-47.925768 89.659477 11.582712 -0.057676
-43.962920 89.659477 11.389327 -0.226432
-40.000072 89.659477 11.449896 0.115190
-36.037224 89.659477 11.199209 -0.304065
-32.074376 89.659477 11.395013 -0.232636
-28.111528 89.659477 11.313595 -0.074966
-24.148680 89.659477 11.359659 -0.013838
-20.185832 89.659477 11.186419 -0.160834
-16.222984 89.659477 11.223881 0.125316
-12.260136 89.659477 0.000000 0.000000
-8.297289 89.659477 0.000000 0.000000
-4.334441 89.659477 0.000000 0.000000
-0.371593 89.659477 11.071452 -0.153777
3.591255 89.659477 11.032474 -0.180252
7.554103 89.659477 11.035810 -0.106088
11.516951 89.659477 11.011707 -0.231962
15.479799 89.659477 11.261750 0.048327
19.442647 89.659477 11.062981 0.033437
23.405495 89.659477 10.902617 -0.187336
27.368343 89.659477 11.181169 -0.124508
31.331191 89.659477 10.957161 0.073033
35.294039 89.659477 10.941733 -0.236422
39.256887 89.659477 10.978574 0.089934
43.219735 89.659477 10.993539 0.001650
47.182583 89.659477 11.107594 -0.089035
51.145431 89.659477 11.013320 -0.121795
55.108279 89.659477 11.066372 0.105120
59.071127 89.659477 11.000818 -0.196019
63.033975 89.659477 11.164840 0.046565
66.996822 89.659477 10.999682 0.247312
-131.145575 85.696629 -10.521835 12.635197
-127.182727 85.696629 11.145543 0.243047
-123.219879 85.696629 11.056025 0.422132
-119.257031 85.696629 11.178014 0.511790
-115.294183 85.696629 11.308333 0.540290
-111.331335 85.696629 0.000000 0.000000
-107.368487 85.696629 0.000000 0.000000
-103.405639 85.696629 0.000000 0.000000
-99.442791 85.696629 0.000000 0.000000
-95.479943 85.696629 0.000000 0.000000
-91.517095 85.696629 0.000000 0.000000
-87.554247 85.696629 11.734423 0.351552
-83.591400 85.696629 11.551789 0.289076
-79.628552 85.696629 11.589271 0.430633
-75.665704 85.696629 11.376126 0.367839
-71.702856 85.696629 11.666261 0.156728
-67.740008 85.696629 11.657474 0.241253
-63.777160 85.696629 11.588846 0.253900
-59.814312 85.696629 11.599444 0.133682
-55.851464 85.696629 11.675796 0.102663
-51.888616 85.696629 11.556477 0.129064
-47.925768 85.696629 11.524201 -0.097440
-43.962920 85.696629 11.506816 0.091095
-40.000072 85.696629 11.465367 0.087453
-36.037224 85.696629 11.633513 -0.261959
-32.074376 85.696629 11.445495 -0.236977
-28.111528 85.696629 11.225498 -0.235356
-24.148680 85.696629 11.405297 -0.242994
-20.185832 85.696629 11.257776 -0.060937
-16.222984 85.696629 11.303631 -0.131593
-12.260136 85.696629 0.000000 0.000000
-8.297289 85.696629 0.000000 0.000000
-4.334441 85.696629 0.000000 0.000000
-0.371593 85.696629 11.055632 -0.124543
3.591255 85.696629 11.179325 -0.057235
7.554103 85.696629 10.935953 -0.153682
11.516951 85.696629 11.025258 -0.217118
15.479799 85.696629 11.115454 -0.072013
19.442647 85.696629 11.144047 0.160342
23.405495 85.696629 10.906378 0.014191
27.368343 85.696629 11.076174 -0.288402
31.331191 85.696629 10.953921 -0.188721
35.294039 85.696629 11.116218 -0.178408
39.256887 85.696629 10.977327 -0.294693
43.219735 85.696629 10.895374 0.098453
47.182583 85.696629 11.189349 0.147997
51.145431 85.696629 10.846403 -0.063624
55.108279 85.696629 11.065301 -0.030040
59.071127 85.696629 11.037066 -0.048724
63.033975 85.696629 11.148074 -0.001296
66.996822 85.696629 10.932753 -0.055540
-131.145575 81.733781 2.192617 0.028591
-127.182727 81.733781 11.107432 0.421192
-123.219879 81.733781 11.016484 0.210375
-119.257031 81.733781 11.529849 0.677310
-115.294183 81.733781 11.316634 0.685906
-111.331335 81.733781 0.000000 0.000000
-107.368487 81.733781 0.000000 0.000000
-103.405639 81.733781 0.000000 0.000000
-99.442791 81.733781 0.000000 0.000000
-95.479943 81.733781 0.000000 0.000000
-91.517095 81.733781 0.000000 0.000000
-87.554247 81.733781 11.470769 0.464824
-83.591400 81.733781 11.545920 0.577607
-79.628552 81.733781 11.813134 0.331871
-75.665704 81.733781 11.763521 0.491147
-71.702856 81.733781 11.560996 0.099342
-67.740008 81.733781 11.612291 0.103181
-63.777160 81.733781 11.607182 0.063118
-59.814312 81.733781 11.705155 0.172426
-55.851464 81.733781 11.338451 0.065187
-51.888616 81.733781 11.674610 0.037573
-47.925768 81.733781 11.467886 -0.073755
-43.962920 81.733781 11.565145 0.053924
-40.000072 81.733781 11.488715 -0.225903
-36.037224 81.733781 11.512312 -0.095225
-32.074376 81.733781 11.412039 -0.219320
-28.111528 81.733781 11.251873 -0.176685
-24.148680 81.733781 11.386622 -0.176431
-20.185832 81.733781 11.372402 -0.354881
-16.222984 81.733781 11.377375 -0.246145
-12.260136 81.733781 0.000000 0.000000
-8.297289 81.733781 0.000000 0.000000
-4.334441 81.733781 0.000000 0.000000
-0.371593 81.733781 11.095142 -0.114232
3.591255 81.733781 11.153904 -0.011715
7.554103 81.733781 11.175958 0.116947
11.516951 81.733781 11.116399 -0.095547
15.479799 81.733781 11.148360 -0.152434
19.442647 81.733781 11.282038 -0.144886
23.405495 81.733781 11.106432 0.034675
27.368343 81.733781 11.062493 0.057414
31.331191 81.733781 10.982377 -0.210674
35.294039 81.733781 11.025937 -0.368908
39.256887 81.733781 11.005488 -0.118640
43.219735 81.733781 10.889976 0.195562
47.182583 81.733781 10.895368 0.106142
51.145431 81.733781 10.920663 -0.001696
55.108279 81.733781 10.874229 0.139237
59.071127 81.733781 11.003055 0.108327
63.033975 81.733781 11.072462 -0.136820
66.996822 81.733781 10.811057 0.247509
-131.145575 77.770933 17.357798 -18.225580
-127.182727 77.770933 11.418527 0.545693
-123.219879 77.770933 11.555964 0.560223
-119.257031 77.770933 11.363694 0.539641
-115.294183 77.770933 11.392053 0.727463
-111.331335 77.770933 0.000000 0.000000
-107.368487 77.770933 0.000000 0.000000
-103.405639 77.770933 0.000000 0.000000
-99.442791 77.770933 0.000000 0.000000
-95.479943 77.770933 0.000000 0.000000
-91.517095 77.770933 11.573262 0.477246
-87.554247 77.770933 11.558665 0.351919
-83.591400 77.770933 11.739670 0.418915
-79.628552 77.770933 11.475098 0.456997
-75.665704 77.770933 11.813286 0.054941
-71.702856 77.770933 11.708920 0.202990
-67.740008 77.770933 11.819591 0.337759
-63.777160 77.770933 11.743364 0.211252
-59.814312 77.770933 11.670192 -0.024053
-55.851464 77.770933 11.529778 0.071160
-51.888616 77.770933 11.788834 0.226724
-47.925768 77.770933 11.697312 -0.058754
-43.962920 77.770933 11.484748 -0.170720
-40.000072 77.770933 11.581370 -0.165341
-36.037224 77.770933 11.562322 -0.223939
-32.074376 77.770933 11.594802 -0.292334
-28.111528 77.770933 11.474825 -0.143897
-24.148680 77.770933 11.435246 -0.227523
-20.185832 77.770933 11.412287 -0.207672
-16.222984 77.770933 11.332672 -0.314588
-12.260136 77.770933 0.000000 0.000000
-8.297289 77.770933 0.000000 0.000000
-4.334441 77.770933 0.000000 0.000000
-0.371593 77.770933 11.189479 -0.225226
3.591255 77.770933 11.241492 -0.328219
7.554103 77.770933 11.172525 -0.117065
11.516951 77.770933 11.048627 -0.135599
15.479799 77.770933 10.936166 -0.265531
19.442647 77.770933 11.192292 -0.207936
23.405495 77.770933 11.066345 -0.157757
27.368343 77.770933 10.970953 -0.039951
31.331191 77.770933 10.929451 -0.200857
35.294039 77.770933 10.966749 -0.171425
39.256887 77.770933 11.060030 -0.160389
43.219735 77.770933 11.123882 -0.126561
47.182583 77.770933 10.964783 0.139626
51.145431 77.770933 11.001926 -0.035334
55.108279 77.770933 10.984163 -0.037815
59.071127 77.770933 11.114600 -0.187321
63.033975 77.770933 10.929482 -0.130860
66.996822 77.770933 10.905122 -0.026703
-131.145575 73.808085 -5.002954 -2.239776
-127.182727 73.808085 11.857285 0.472460
-123.219879 73.808085 11.469050 0.797391
-119.257031 73.808085 11.459332 0.722472
-115.294183 73.808085 11.135071 0.625120
-111.331335 73.808085 0.000000 0.000000
-107.368487 73.808085 0.000000 0.000000
-103.405639 73.808085 0.000000 0.000000
-99.442791 73.808085 0.000000 0.000000
-95.479943 73.808085 0.000000 0.000000
-91.517095 73.808085 11.665271 0.571429
-87.554247 73.808085 11.656099 0.469126
-83.591400 73.808085 11.730766 0.306834
-79.628552 73.808085 11.768050 0.295971
-75.665704 73.808085 11.768956 0.195069
-71.702856 73.808085 11.658525 0.035224
-67.740008 73.808085 11.680272 0.136919
-63.777160 73.808085 11.721468 -0.116524
-59.814312 73.808085 11.577176 0.199297
-55.851464 73.808085 11.647367 -0.174069
-51.888616 73.808085 11.604974 0.025051
-47.925768 73.808085 11.644282 0.020003
-43.962920 73.808085 11.609609 -0.220812
-40.000072 73.808085 11.585583 0.008044
-36.037224 73.808085 11.536493 -0.149012
-32.074376 73.808085 11.478773 -0.329138
-28.111528 73.808085 11.327331 -0.395952
-24.148680 73.808085 11.504223 -0.407214
-20.185832 73.808085 11.367589 -0.230028
-16.222984 73.808085 11.181198 -0.240936
-12.260136 73.808085 0.000000 0.000000
-8.297289 73.808085 0.000000 0.000000
-4.334441 73.808085 0.000000 0.000000
-0.371593 73.808085 11.139187 -0.391348
3.591255 73.808085 11.004759 -0.254935
7.554103 73.808085 11.146440 -0.392094
11.516951 73.808085 10.999152 -0.200033
15.479799 73.808085 11.129609 -0.180016
19.442647 73.808085 11.139643 0.039371
23.405495 73.808085 11.120231 -0.072527
27.368343 73.808085 10.965652 -0.234284
31.331191 73.808085 11.051513 0.041459
35.294039 73.808085 11.063330 0.007630
39.256887 73.808085 11.036056 -0.002610
43.219735 73.808085 11.022994 -0.186565
47.182583 73.808085 11.047834 0.068873
51.145431 73.808085 10.953941 0.078451
55.108279 73.808085 11.020208 0.020309
59.071127 73.808085 11.142985 -0.063170
63.033975 73.808085 10.966532 -0.207089
66.996822 73.808085 10.920265 -0.048617
-131.145575 69.845237 0.245101 -8.744235
-127.182727 69.845237 -13.842995 0.352651
-123.219879 69.845237 11.376904 1.121268
-119.257031 69.845237 11.275737 0.281975
-115.294183 69.845237 11.579600 0.869738
-111.331335 69.845237 0.000000 0.000000
-107.368487 69.845237 0.000000 0.000000
-103.405639 69.845237 0.000000 0.000000
-99.442791 69.845237 0.000000 0.000000
-95.479943 69.845237 0.000000 0.000000
-91.517095 69.845237 11.793582 0.537520
-87.554247 69.845237 11.769444 0.657492
-83.591400 69.845237 11.935665 0.398533
-79.628552 69.845237 11.956429 0.390454
-75.665704 69.845237 11.966085 -0.020508
-71.702856 69.845237 11.890341 0.362970
-67.740008 69.845237 11.770225 0.138394
-63.777160 69.845237 11.966403 0.147491
-59.814312 69.845237 11.701441 0.008914
-55.851464 69.845237 11.773035 -0.085952
-51.888616 69.845237 11.607044 -0.193224
-47.925768 69.845237 11.701913 -0.105982
-43.962920 69.845237 11.588611 -0.054498
-40.000072 69.845237 11.503902 -0.313617
-36.037224 69.845237 11.778959 -0.322358
-32.074376 69.845237 11.598001 -0.362300
-28.111528 69.845237 11.566882 -0.268516
-24.148680 69.845237 11.443205 -0.355730
-20.185832 69.845237 11.639148 -0.451125
-16.222984 69.845237 11.285385 -0.445509
-12.260136 69.845237 0.000000 0.000000
-8.297289 69.845237 0.000000 0.000000
-4.334441 69.845237 0.000000 0.000000
-0.371593 69.845237 11.068220 -0.329939
3.591255 69.845237 11.029155 -0.291032
7.554103 69.845237 10.946809 -0.205213
11.516951 69.845237 11.034206 -0.216448
15.479799 69.845237 10.909080 -0.275054
19.442647 69.845237 11.002599 -0.101007
23.405495 69.845237 11.071416 -0.226019
27.368343 69.845237 10.943645 -0.097005
31.331191 69.845237 11.026041 -0.057869
35.294039 69.845237 10.960629 -0.181022
39.256887 69.845237 10.991054 -0.112626
43.219735 69.845237 10.868108 -0.312556
47.182583 69.845237 11.062083 -0.045474
51.145431 69.845237 11.047639 0.002220
55.108279 69.845237 10.815742 -0.057758
59.071127 69.845237 11.072042 -0.011323
63.033975 69.845237 10.999950 0.095906
66.996822 69.845237 10.984179 0.094011
-131.145575 65.882389 11.190106 -13.258589
-127.182727 65.882389 10.959342 0.722660
-123.219879 65.882389 10.852981 0.544233
-119.257031 65.882389 10.986199 0.612571
-115.294183 65.882389 11.129016 0.708041
-111.331335 65.882389 0.000000 0.000000
-107.368487 65.882389 0.000000 0.000000
-103.405639 65.882389 0.000000 0.000000
-99.442791 65.882389 0.000000 0.000000
-95.479943 65.882389 0.000000 0.000000
-91.517095 65.882389 11.927620 0.694059
-87.554247 65.882389 11.904318 0.527624
-83.591400 65.882389 11.987286 0.394396
-79.628552 65.882389 11.847532 0.478613
-75.665704 65.882389 12.119109 0.352058
-71.702856 65.882389 11.900970 0.036792
-67.740008 65.882389 11.954010 0.135365
-63.777160 65.882389 11.935266 -0.017067
-59.814312 65.882389 11.802155 -0.246777
-55.851464 65.882389 11.856005 0.045913
-51.888616 65.882389 11.922134 -0.258544
-47.925768 65.882389 11.531798 -0.262214
-43.962920 65.882389 11.747106 -0.304653
-40.000072 65.882389 11.696233 -0.118054
-36.037224 65.882389 11.670103 -0.280387
-32.074376 65.882389 11.535168 -0.332417
-28.111528 65.882389 11.337692 -0.429761
-24.148680 65.882389 11.357309 -0.349262
-20.185832 65.882389 11.372183 -0.578104
-16.222984 65.882389 11.282558 -0.461771
-12.260136 65.882389 0.000000 0.000000
-8.297289 65.882389 0.000000 0.000000
-4.334441 65.882389 11.012444 -0.396166
-0.371593 65.882389 11.188257 -0.296010
3.591255 65.882389 10.990367 -0.245111
7.554103 65.882389 11.017762 -0.440300
11.516951 65.882389 11.063576 -0.073761
15.479799 65.882389 11.037419 -0.089518
19.442647 65.882389 11.079751 -0.085871
23.405495 65.882389 10.915114 -0.095276
27.368343 65.882389 10.984358 -0.154048
31.331191 65.882389 11.004734 -0.096636
35.294039 65.882389 10.932220 -0.188230
39.256887 65.882389 11.067483 -0.080636
43.219735 65.882389 10.880677 -0.054611
47.182583 65.882389 11.086753 0.255555
51.145431 65.882389 10.873784 -0.303438
55.108279 65.882389 10.810404 -0.395444
59.071127 65.882389 10.965766 0.020194
63.033975 65.882389 10.995005 0.030347
66.996822 65.882389 10.994855 0.067915
-131.145575 61.919541 0.112288 -12.080536
-127.182727 61.919541 11.657352 0.913550
-123.219879 61.919541 11.083395 0.627870
-119.257031 61.919541 11.107666 1.221411
-115.294183 61.919541 11.395777 1.081151
-111.331335 61.919541 0.000000 0.000000
-107.368487 61.919541 0.000000 0.000000
-103.405639 61.919541 0.000000 0.000000
-99.442791 61.919541 0.000000 0.000000
-95.479943 61.919541 0.000000 0.000000
-91.517095 61.919541 11.866038 0.659590
-87.554247 61.919541 11.811152 0.608690
-83.591400 61.919541 11.983463 0.595277
-79.628552 61.919541 11.933268 0.401327
-75.665704 61.919541 11.932718 0.571522
-71.702856 61.919541 11.990547 0.188954
-67.740008 61.919541 11.952012 -0.349420
-63.777160 61.919541 11.928483 -0.251254
-59.814312 61.919541 11.852980 -0.137622
-55.851464 61.919541 11.907285 -0.159226
-51.888616 61.919541 11.787506 -0.206127
-47.925768 61.919541 11.645203 -0.287404
-43.962920 61.919541 11.783252 -0.392640
-40.000072 61.919541 11.770771 -0.521760
-36.037224 61.919541 11.683602 -0.277114
-32.074376 61.919541 11.419992 -0.372944
-28.111528 61.919541 11.491530 -0.438189
-24.148680 61.919541 11.476440 -0.415625
-20.185832 61.919541 11.145085 -0.494961
-16.222984 61.919541 11.141767 -0.427961
-12.260136 61.919541 0.000000 0.000000
-8.297289 61.919541 0.000000 0.000000
-4.334441 61.919541 11.202926 -0.361050
-0.371593 61.919541 10.934100 -0.305791
3.591255 61.919541 10.974935 -0.148249
7.554103 61.919541 10.993320 -0.304769
11.516951 61.919541 10.995103 -0.197877
15.479799 61.919541 10.884075 -0.336473
19.442647 61.919541 10.910357 0.092328
23.405495 61.919541 10.855307 -0.246254
27.368343 61.919541 10.961919 -0.247598
31.331191 61.919541 10.941750 -0.272433
35.294039 61.919541 10.877898 -0.125499
39.256887 61.919541 10.924640 0.056051
43.219735 61.919541 10.926770 0.081954
47.182583 61.919541 10.697653 -0.190261
51.145431 61.919541 11.029220 -0.006303
55.108279 61.919541 11.056353 0.172271
59.071127 61.919541 10.872754 -0.363106
63.033975 61.919541 10.769317 -0.092963
66.996822 61.919541 11.118175 -0.184256
-131.145575 57.956694 -7.656687 -5.014449
-127.182727 57.956694 10.935678 0.943654
-123.219879 57.956694 10.961447 1.433422
-119.257031 57.956694 10.944691 1.016809
-115.294183 57.956694 11.137009 0.955564
-111.331335 57.956694 0.000000 0.000000
-107.368487 57.956694 0.000000 0.000000
-103.405639 57.956694 0.000000 0.000000
-99.442791 57.956694 0.000000 0.000000
-95.479943 57.956694 11.973668 0.937616
-91.517095 57.956694 12.112047 0.905665
-87.554247 57.956694 11.865134 0.609600
-83.591400 57.956694 12.068732 0.610856
-79.628552 57.956694 12.083544 0.575935
-75.665704 57.956694 12.102344 -0.006277
-71.702856 57.956694 12.125011 0.249200
-67.740008 57.956694 12.090246 0.094180
-63.777160 57.956694 11.859536 0.128295
-59.814312 57.956694 11.888786 -0.221303
-55.851464 57.956694 12.035857 -0.246611
-51.888616 57.956694 12.035652 -0.196250
-47.925768 57.956694 11.840405 -0.207752
-43.962920 57.956694 11.741612 -0.264527
-40.000072 57.956694 11.709557 -0.353442
-36.037224 57.956694 11.643973 -0.619606
-32.074376 57.956694 11.862835 -0.452589
-28.111528 57.956694 11.625248 -0.468881
-24.148680 57.956694 11.312901 -0.410430
-20.185832 57.956694 11.276041 -0.469508
-16.222984 57.956694 11.451007 -0.527477
-12.260136 57.956694 0.000000 0.000000
-8.297289 57.956694 0.000000 0.000000
-4.334441 57.956694 11.119992 -0.423412
-0.371593 57.956694 10.870275 -0.448546
3.591255 57.956694 10.926423 -0.429917
7.554103 57.956694 11.238983 -0.189152
11.516951 57.956694 10.893837 -0.255948
15.479799 57.956694 10.885095 -0.344026
19.442647 57.956694 10.963825 -0.145183
23.405495 57.956694 10.880583 -0.130374
27.368343 57.956694 10.852241 -0.228911
31.331191 57.956694 11.036777 -0.413803
35.294039 57.956694 10.809384 -0.316248
39.256887 57.956694 10.919576 -0.069593
43.219735 57.956694 10.764557 0.082501
47.182583 57.956694 11.075940 -0.177477
51.145431 57.956694 10.968867 -0.119718
55.108279 57.956694 10.887987 -0.077105
59.071127 57.956694 10.905898 -0.062105
63.033975 57.956694 10.889096 -0.104450
66.996822 57.956694 11.086177 -0.023309
-131.145575 53.993846 12.765169 15.487693
-127.182727 53.993846 14.705482 3.396168
-123.219879 53.993846 11.023009 0.787552
-119.257031 53.993846 10.732743 1.035025
-115.294183 53.993846 11.023199 1.312109
-111.331335 53.993846 0.000000 0.000000
-107.368487 53.993846 0.000000 0.000000
-103.405639 53.993846 0.000000 0.000000
-99.442791 53.993846 0.000000 0.000000
-95.479943 53.993846 12.133310 0.974896
-91.517095 53.993846 12.292167 0.903783
-87.554247 53.993846 12.232600 0.745123
-83.591400 53.993846 12.087002 0.575647
-79.628552 53.993846 12.400449 0.379925
-75.665704 53.993846 12.305823 0.107068
-71.702856 53.993846 12.304640 0.079611
-67.740008 53.993846 12.106824 -0.004323
-63.777160 53.993846 12.168483 -0.071223
-59.814312 53.993846 12.038701 -0.061191
-55.851464 53.993846 12.032206 0.047978
-51.888616 53.993846 12.102893 -0.334471
-47.925768 53.993846 11.706155 -0.340001
-43.962920 53.993846 11.750909 -0.468580
-40.000072 53.993846 11.893246 -0.589838
-36.037224 53.993846 11.634644 -0.377996
-32.074376 53.993846 11.722451 -0.496587
-28.111528 53.993846 11.538983 -0.502565
-24.148680 53.993846 11.256705 -0.473111
-20.185832 53.993846 11.181538 -0.638940
-16.222984 53.993846 11.267029 -0.682193
-12.260136 53.993846 10.948484 -0.593083
-8.297289 53.993846 0.000000 0.000000
-4.334441 53.993846 10.897064 -0.636061
-0.371593 53.993846 10.953558 -0.480878
3.591255 53.993846 10.880445 -0.160128
7.554103 53.993846 10.876536 -0.404729
11.516951 53.993846 10.861486 -0.268798
15.479799 53.993846 11.059488 -0.316377
19.442647 53.993846 11.058406 -0.209286
23.405495 53.993846 10.831202 -0.154575
27.368343 53.993846 10.830568 0.203452
31.331191 53.993846 11.015694 0.193210
35.294039 53.993846 10.925225 0.118974
39.256887 53.993846 10.773829 -0.057770
43.219735 53.993846 10.813320 -0.023902
47.182583 53.993846 10.850744 0.295930
51.145431 53.993846 10.848336 -0.009493
55.108279 53.993846 11.065851 -0.033831
59.071127 53.993846 11.034749 -0.242259
63.033975 53.993846 10.882584 0.018954
66.996822 53.993846 10.792660 0.027321
-131.145575 50.030998 14.810585 -11.608914
-127.182727 50.030998 10.867418 1.489809
-123.219879 50.030998 10.422635 1.227352
-119.257031 50.030998 10.820947 0.812216
-115.294183 50.030998 10.700405 1.427315
-111.331335 50.030998 0.000000 0.000000
-107.368487 50.030998 0.000000 0.000000
-103.405639 50.030998 0.000000 0.000000
-99.442791 50.030998 0.000000 0.000000
-95.479943 50.030998 12.207902 1.110527
-91.517095 50.030998 12.325965 0.958397
-87.554247 50.030998 12.735419 0.680252
-83.591400 50.030998 12.262844 0.706903
-79.628552 50.030998 12.475651 0.297690
-75.665704 50.030998 12.475528 0.339339
-71.702856 50.030998 12.314859 0.234618
-67.740008 50.030998 12.392874 -0.130182
-63.777160 50.030998 12.226273 -0.077975
-59.814312 50.030998 12.016286 -0.329788
-55.851464 50.030998 12.134332 -0.457060
-51.888616 50.030998 12.089866 -0.438709
-47.925768 50.030998 11.874465 -0.472544
-43.962920 50.030998 11.824877 -0.464561
-40.000072 50.030998 11.682752 -0.605026
-36.037224 50.030998 11.405100 -0.592943
-32.074376 50.030998 11.767426 -0.663874
-28.111528 50.030998 11.791367 -0.612824
-24.148680 50.030998 11.368615 -0.662850
-20.185832 50.030998 11.353325 -0.761593
-16.222984 50.030998 11.479103 -0.670390
-12.260136 50.030998 11.073482 -0.626726
-8.297289 50.030998 0.000000 0.000000
-4.334441 50.030998 10.710707 -0.662793
-0.371593 50.030998 10.777598 -0.653652
3.591255 50.030998 10.904941 -0.462332
7.554103 50.030998 10.842033 -0.193756
11.516951 50.030998 10.835620 -0.268367
15.479799 50.030998 10.841877 -0.299933
19.442647 50.030998 10.789999 -0.468416
23.405495 50.030998 10.874538 -0.145906
27.368343 50.030998 11.092325 -0.247722
31.331191 50.030998 10.683073 -0.118302
35.294039 50.030998 10.890501 -0.178674
39.256887 50.030998 10.754072 0.013913
43.219735 50.030998 10.767104 0.460074
47.182583 50.030998 10.957639 -0.128675
51.145431 50.030998 11.059358 -0.028569
55.108279 50.030998 10.976887 -0.072364
59.071127 50.030998 11.118252 -0.166908
63.033975 50.030998 10.917563 -0.179233
66.996822 50.030998 11.010746 -0.333260
-131.145575 46.068150 -1.510035 -0.238278
-127.182727 46.068150 10.097255 0.861092
-123.219879 46.068150 10.626004 1.370172
-119.257031 46.068150 10.680292 1.020734
-115.294183 46.068150 10.769485 1.204431
-111.331335 46.068150 10.818305 1.630602
-107.368487 46.068150 0.000000 0.000000
-103.405639 46.068150 0.000000 0.000000
-99.442791 46.068150 0.000000 0.000000
-95.479943 46.068150 12.493388 1.571010
-91.517095 46.068150 12.601931 0.972725
-87.554247 46.068150 12.683939 0.843746
-83.591400 46.068150 12.522122 0.497190
-79.628552 46.068150 12.884873 0.363347
-75.665704 46.068150 12.643201 0.108983
-71.702856 46.068150 12.509797 0.057134
-67.740008 46.068150 12.348246 -0.302089
-63.777160 46.068150 12.305076 -0.370746
-59.814312 46.068150 12.098728 -0.494846
-55.851464 46.068150 12.239700 -0.224654
-51.888616 46.068150 12.090796 -0.720133
-47.925768 46.068150 11.996924 -0.493109
-43.962920 46.068150 11.993656 -0.662521
-40.000072 46.068150 11.677763 -0.662630
-36.037224 46.068150 11.517834 -0.563192
-32.074376 46.068150 11.771251 -0.771454
-28.111528 46.068150 11.447412 -0.797850
-24.148680 46.068150 11.321630 -0.672757
-20.185832 46.068150 11.487224 -0.827523
-16.222984 46.068150 11.388869 -0.932636
-12.260136 46.068150 11.131350 -0.631277
-8.297289 46.068150 0.000000 0.000000
-4.334441 46.068150 10.746321 -0.762675
-0.371593 46.068150 10.704308 -0.418912
3.591255 46.068150 10.972975 -0.364456
7.554103 46.068150 10.691858 -0.397421
11.516951 46.068150 10.769736 -0.300129
15.479799 46.068150 10.697684 -0.123653
19.442647 46.068150 10.505431 -0.212425
23.405495 46.068150 10.784441 -0.062210
27.368343 46.068150 11.008957 -0.287408
31.331191 46.068150 11.011987 -0.278721
35.294039 46.068150 10.690839 -0.230614
39.256887 46.068150 10.653960 -0.007649
43.219735 46.068150 10.856380 -0.135731
47.182583 46.068150 11.222162 -0.370230
51.145431 46.068150 11.279164 0.085667
55.108279 46.068150 10.993016 -0.168077
59.071127 46.068150 10.951388 -0.385254
63.033975 46.068150 10.804169 -0.044286
66.996822 46.068150 11.083641 -0.282111
-131.145575 42.105302 0.200182 12.442151
-127.182727 42.105302 11.043467 1.668095
-123.219879 42.105302 10.052456 1.023601
-119.257031 42.105302 10.646876 0.760172
-115.294183 42.105302 10.243641 1.421650
-111.331335 42.105302 10.106062 1.934872
-107.368487 42.105302 0.000000 0.000000
-103.405639 42.105302 0.000000 0.000000
-99.442791 42.105302 12.590901 2.289844
-95.479943 42.105302 12.844348 1.664453
-91.517095 42.105302 13.064576 1.266296
-87.554247 42.105302 13.063844 0.675589
-83.591400 42.105302 13.151936 0.600415
-79.628552 42.105302 12.990744 0.310653
-75.665704 42.105302 12.757109 0.351732
-71.702856 42.105302 12.832369 -0.194022
-67.740008 42.105302 12.466832 -0.396662
-63.777160 42.105302 12.582668 -0.434830
-59.814312 42.105302 12.100172 -0.387147
-55.851464 42.105302 11.924294 -0.243011
-51.888616 42.105302 12.285193 -0.484256
-47.925768 42.105302 12.124638 -0.418183
-43.962920 42.105302 11.890746 -0.555182
-40.000072 42.105302 11.764755 -0.688929
-36.037224 42.105302 11.837824 -0.768485
-32.074376 42.105302 11.790547 -0.689835
-28.111528 42.105302 11.593083 -0.881164
-24.148680 42.105302 11.644590 -0.675622
-20.185832 42.105302 11.661963 -0.892867
-16.222984 42.105302 11.288304 -0.925623
-12.260136 42.105302 11.230613 -0.985600
-8.297289 42.105302 0.000000 0.000000
-4.334441 42.105302 10.459020 -1.246687
-0.371593 42.105302 10.365854 -0.502562
3.591255 42.105302 10.808204 -0.213082
7.554103 42.105302 10.887934 -0.442701
11.516951 42.105302 10.601855 -0.195290
15.479799 42.105302 10.433095 -0.360144
19.442647 42.105302 10.401731 0.425988
23.405495 42.105302 10.979743 -0.367394
27.368343 42.105302 10.855141 -0.447866
31.331191 42.105302 10.901417 -0.352915
35.294039 42.105302 10.780886 -0.230709
39.256887 42.105302 10.324960 -0.224590
43.219735 42.105302 10.971458 -0.666892
47.182583 42.105302 10.501173 0.674184
51.145431 42.105302 10.645551 1.967140
55.108279 42.105302 11.284964 -0.363576
59.071127 42.105302 10.469234 -0.508856
63.033975 42.105302 10.772271 -0.671966
66.996822 42.105302 8.774395 0.233538
-131.145575 38.142454 16.084846 -5.175841
-127.182727 38.142454 10.248222 14.425352
-123.219879 38.142454 9.822177 0.828179
-119.257031 38.142454 10.488967 0.926706
-115.294183 38.142454 9.585568 1.592076
-111.331335 38.142454 9.405419 2.908455
-107.368487 38.142454 0.000000 0.000000
-103.405639 38.142454 0.000000 0.000000
-99.442791 38.142454 0.000000 0.000000
-95.479943 38.142454 0.000000 0.000000
-91.517095 38.142454 0.000000 0.000000
-87.554247 38.142454 0.000000 0.000000
-83.591400 38.142454 0.000000 0.000000
-79.628552 38.142454 0.000000 0.000000
-75.665704 38.142454 0.000000 0.000000
-71.702856 38.142454 0.000000 0.000000
-67.740008 38.142454 0.000000 0.000000
-63.777160 38.142454 0.000000 0.000000
-59.814312 38.142454 0.000000 0.000000
-55.851464 38.142454 0.000000 0.000000
-51.888616 38.142454 0.000000 0.000000
-47.925768 38.142454 0.000000 0.000000
-43.962920 38.142454 0.000000 0.000000
-40.000072 38.142454 0.000000 0.000000
-36.037224 38.142454 0.000000 0.000000
-32.074376 38.142454 0.000000 0.000000
-28.111528 38.142454 0.000000 0.000000
-24.148680 38.142454 10.965050 -0.631865
-20.185832 38.142454 11.609869 -0.835527
-16.222984 38.142454 11.325928 -1.413502
-12.260136 38.142454 11.083961 -0.484702
-8.297289 38.142454 0.000000 0.000000
-4.334441 38.142454 9.912860 -1.785397
-0.371593 38.142454 9.875318 -1.100209
3.591255 38.142454 10.153886 -0.469947
7.554103 38.142454 11.395145 0.492389
11.516951 38.142454 11.338758 -0.954109
15.479799 38.142454 10.414038 -1.089118
19.442647 38.142454 9.164596 -1.026472
23.405495 38.142454 7.773135 1.625163
27.368343 38.142454 9.681734 1.378420
31.331191 38.142454 11.367620 -0.287555
35.294039 38.142454 10.936281 -1.076856
39.256887 38.142454 10.319881 -1.074947
43.219735 38.142454 10.203308 -0.965040
47.182583 38.142454 8.191782 1.390535
51.145431 38.142454 9.426290 1.154377
55.108279 38.142454 9.635714 -0.509589
59.071127 38.142454 10.270681 -0.943513
63.033975 38.142454 10.522978 -1.107983
66.996822 38.142454 9.119172 -0.247175
-131.145575 34.179606 12.066168 -9.078134
-127.182727 34.179606 -13.135181 2.643755
-123.219879 34.179606 4.801871 4.797564
-119.257031 34.179606 10.625179 0.829407
-115.294183 34.179606 0.000000 0.000000
-111.331335 34.179606 0.000000 0.000000
-107.368487 34.179606 0.000000 0.000000
-103.405639 34.179606 0.000000 0.000000
-99.442791 34.179606 0.000000 0.000000
-95.479943 34.179606 0.000000 0.000000
-91.517095 34.179606 0.000000 0.000000
-87.554247 34.179606 0.000000 0.000000
-83.591400 34.179606 0.000000 0.000000
-79.628552 34.179606 0.000000 0.000000
-75.665704 34.179606 0.000000 0.000000
-71.702856 34.179606 0.000000 0.000000
-67.740008 34.179606 0.000000 0.000000
-63.777160 34.179606 0.000000 0.000000
-59.814312 34.179606 0.000000 0.000000
-55.851464 34.179606 0.000000 0.000000
-51.888616 34.179606 0.000000 0.000000
-47.925768 34.179606 0.000000 0.000000
-43.962920 34.179606 0.000000 0.000000
-40.000072 34.179606 0.000000 0.000000
-36.037224 34.179606 0.000000 0.000000
-32.074376 34.179606 0.000000 0.000000
-28.111528 34.179606 0.000000 0.000000
-24.148680 34.179606 0.000000 0.000000
-20.185832 34.179606 0.000000 0.000000
-16.222984 34.179606 0.000000 0.000000
-12.260136 34.179606 0.000000 0.000000
-8.297289 34.179606 0.000000 0.000000
-4.334441 34.179606 0.000000 0.000000
-0.371593 34.179606 8.999097 -2.676630
3.591255 34.179606 0.257102 -14.301007
7.554103 34.179606 8.334128 2.512097
11.516951 34.179606 11.372472 -0.956612
15.479799 34.179606 10.591091 -1.965153
19.442647 34.179606 9.988548 -2.145825
23.405495 34.179606 7.820106 0.550739
27.368343 34.179606 9.584887 1.989252
31.331191 34.179606 9.295474 2.153604
35.294039 34.179606 10.350280 -1.168537
39.256887 34.179606 10.582465 -1.108143
43.219735 34.179606 11.378025 -2.172169
47.182583 34.179606 9.543645 2.229003
51.145431 34.179606 9.658830 1.646624
55.108279 34.179606 9.738635 -0.134024
59.071127 34.179606 10.676964 -0.744468
63.033975 34.179606 9.526645 -1.629120
66.996822 34.179606 10.328115 -0.580863
-131.145575 30.216758 2.232222 -6.500025
-127.182727 30.216758 -2.674399 -7.602570
-123.219879 30.216758 0.000000 0.000000
-119.257031 30.216758 0.000000 0.000000
-115.294183 30.216758 0.000000 0.000000
-111.331335 30.216758 0.000000 0.000000
-107.368487 30.216758 0.000000 0.000000
-103.405639 30.216758 0.000000 0.000000
-99.442791 30.216758 0.000000 0.000000
-95.479943 30.216758 0.000000 0.000000
-91.517095 30.216758 0.000000 0.000000
-87.554247 30.216758 0.000000 0.000000
-83.591400 30.216758 0.000000 0.000000
-79.628552 30.216758 0.000000 0.000000
-75.665704 30.216758 0.000000 0.000000
-71.702856 30.216758 0.000000 0.000000
-67.740008 30.216758 0.000000 0.000000
-63.777160 30.216758 0.000000 0.000000
-59.814312 30.216758 0.000000 0.000000
-55.851464 30.216758 0.000000 0.000000
-51.888616 30.216758 0.000000 0.000000
-47.925768 30.216758 0.000000 0.000000
-43.962920 30.216758 0.000000 0.000000
-40.000072 30.216758 0.000000 0.000000
-36.037224 30.216758 0.000000 0.000000
-32.074376 30.216758 0.000000 0.000000
-28.111528 30.216758 0.000000 0.000000
-24.148680 30.216758 0.000000 0.000000
-20.185832 30.216758 0.000000 0.000000
-16.222984 30.216758 0.000000 0.000000
-12.260136 30.216758 0.000000 0.000000
-8.297289 30.216758 0.000000 0.000000
-4.334441 30.216758 0.000000 0.000000
-0.371593 30.216758 0.000000 0.000000
3.591255 30.216758 0.000000 0.000000
7.554103 30.216758 9.533380 1.670517
11.516951 30.216758 9.183012 -0.163845
15.479799 30.216758 7.248790 0.890058
19.442647 30.216758 11.813669 -0.331768
23.405495 30.216758 12.290041 1.200297
27.368343 30.216758 10.396024 1.714553
31.331191 30.216758 9.613250 0.698060
35.294039 30.216758 9.920568 -0.439082
39.256887 30.216758 11.003055 -1.473348
43.219735 30.216758 11.672007 -0.932124
47.182583 30.216758 12.099983 0.189029
51.145431 30.216758 10.803342 0.699472
55.108279 30.216758 10.820997 0.486391
59.071127 30.216758 10.869860 -1.114563
63.033975 30.216758 12.046645 -0.631289
66.996822 30.216758 11.170133 -0.171185
-131.145575 26.253910 -7.100071 10.373604
-127.182727 26.253910 10.622220 -0.259257
-123.219879 26.253910 0.000000 0.000000
-119.257031 26.253910 0.000000 0.000000
-115.294183 26.253910 0.000000 0.000000
-111.331335 26.253910 0.000000 0.000000
-107.368487 26.253910 0.000000 0.000000
-103.405639 26.253910 0.000000 0.000000
-99.442791 26.253910 0.000000 0.000000
-95.479943 26.253910 0.000000 0.000000
-91.517095 26.253910 0.000000 0.000000
-87.554247 26.253910 0.000000 0.000000
-83.591400 26.253910 0.000000 0.000000
-79.628552 26.253910 0.000000 0.000000
-75.665704 26.253910 0.000000 0.000000
-71.702856 26.253910 0.000000 0.000000
-67.740008 26.253910 0.000000 0.000000
-63.777160 26.253910 0.000000 0.000000
-59.814312 26.253910 0.000000 0.000000
-55.851464 26.253910 0.000000 0.000000
-51.888616 26.253910 0.000000 0.000000
-47.925768 26.253910 0.000000 0.000000
-43.962920 26.253910 0.000000 0.000000
-40.000072 26.253910 0.000000 0.000000
-36.037224 26.253910 0.000000 0.000000
-32.074376 26.253910 0.000000 0.000000
-28.111528 26.253910 0.000000 0.000000
-24.148680 26.253910 0.000000 0.000000
-20.185832 26.253910 0.000000 0.000000
-16.222984 26.253910 0.000000 0.000000
-12.260136 26.253910 0.000000 0.000000
-8.297289 26.253910 0.000000 0.000000
-4.334441 26.253910 0.000000 0.000000
-0.371593 26.253910 0.000000 0.000000
3.591255 26.253910 0.000000 0.000000
7.554103 26.253910 0.000000 0.000000
11.516951 26.253910 9.748156 0.427704
15.479799 26.253910 10.511066 -0.747096
19.442647 26.253910 11.292201 -0.291257
23.405495 26.253910 11.481410 0.659416
27.368343 26.253910 10.850653 0.680161
31.331191 26.253910 10.457422 0.669338
35.294039 26.253910 10.544995 0.377003
39.256887 26.253910 10.692240 0.469515
43.219735 26.253910 10.840096 -0.068369
47.182583 26.253910 -7.386231 -12.425783
51.145431 26.253910 10.676764 0.351051
55.108279 26.253910 10.748167 0.575087
59.071127 26.253910 10.476270 -0.212008
63.033975 26.253910 10.861964 -1.019325
66.996822 26.253910 10.620195 0.479038
-131.145575 22.291062 2.291950 -13.363338
-127.182727 22.291062 2.383238 -11.507291
-123.219879 22.291062 0.000000 0.000000
-119.257031 22.291062 0.000000 0.000000
-115.294183 22.291062 0.000000 0.000000
-111.331335 22.291062 0.000000 0.000000
-107.368487 22.291062 0.000000 0.000000
-103.405639 22.291062 0.000000 0.000000
-99.442791 22.291062 0.000000 0.000000
-95.479943 22.291062 0.000000 0.000000
-91.517095 22.291062 0.000000 0.000000
-87.554247 22.291062 0.000000 0.000000
-83.591400 22.291062 0.000000 0.000000
-79.628552 22.291062 0.000000 0.000000
-75.665704 22.291062 0.000000 0.000000
-71.702856 22.291062 0.000000 0.000000
-67.740008 22.291062 0.000000 0.000000
-63.777160 22.291062 0.000000 0.000000
-59.814312 22.291062 0.000000 0.000000
-55.851464 22.291062 0.000000 0.000000
-51.888616 22.291062 0.000000 0.000000
-47.925768 22.291062 0.000000 0.000000
-43.962920 22.291062 0.000000 0.000000
-40.000072 22.291062 0.000000 0.000000
-36.037224 22.291062 0.000000 0.000000
-32.074376 22.291062 0.000000 0.000000
-28.111528 22.291062 0.000000 0.000000
-24.148680 22.291062 0.000000 0.000000
-20.185832 22.291062 0.000000 0.000000
-16.222984 22.291062 0.000000 0.000000
-12.260136 22.291062 0.000000 0.000000
-8.297289 22.291062 0.000000 0.000000
-4.334441 22.291062 10.789206 0.705186
-0.371593 22.291062 10.737889 0.702201
3.591255 22.291062 10.927267 0.667638
7.554103 22.291062 10.622456 0.481966
11.516951 22.291062 10.612567 0.442104
15.479799 22.291062 10.693883 0.127092
19.442647 22.291062 10.832017 0.291711
23.405495 22.291062 11.217980 -0.512783
27.368343 22.291062 10.874253 0.194373
31.331191 22.291062 10.538727 0.203356
35.294039 22.291062 10.636874 0.392198
39.256887 22.291062 10.937881 -0.111268
43.219735 22.291062 10.890793 -0.547211
47.182583 22.291062 10.975163 0.207267
51.145431 22.291062 11.194563 -0.180796
55.108279 22.291062 10.615001 0.282975
59.071127 22.291062 10.857577 0.169188
63.033975 22.291062 10.897115 -0.190111
66.996822 22.291062 11.012587 -0.115600
-131.145575 18.328214 17.850258 8.854452
-127.182727 18.328214 6.993793 -5.995178
-123.219879 18.328214 12.669605 -0.767002
-119.257031 18.328214 10.457478 -0.859705
-115.294183 18.328214 9.705072 -1.469020
-111.331335 18.328214 -13.194020 -9.033648
-107.368487 18.328214 0.000000 0.000000
-103.405639 18.328214 0.000000 0.000000
-99.442791 18.328214 0.000000 0.000000
-95.479943 18.328214 0.000000 0.000000
-91.517095 18.328214 0.000000 0.000000
-87.554247 18.328214 0.000000 0.000000
-83.591400 18.328214 0.000000 0.000000
-79.628552 18.328214 0.000000 0.000000
-75.665704 18.328214 0.000000 0.000000
-71.702856 18.328214 0.000000 0.000000
-67.740008 18.328214 0.000000 0.000000
-63.777160 18.328214 0.000000 0.000000
-59.814312 18.328214 0.000000 0.000000
-55.851464 18.328214 0.000000 0.000000
-51.888616 18.328214 11.865149 0.340017
-47.925768 18.328214 11.490167 0.490977
-43.962920 18.328214 11.553669 0.727920
-40.000072 18.328214 11.518412 0.814068
-36.037224 18.328214 11.267446 0.655954
-32.074376 18.328214 11.632932 0.944478
-28.111528 18.328214 11.300339 0.595285
-24.148680 18.328214 11.214288 0.686798
-20.185832 18.328214 10.937785 0.653479
-16.222984 18.328214 11.235197 0.655878
-12.260136 18.328214 10.922984 0.722600
-8.297289 18.328214 11.241271 0.548889
-4.334441 18.328214 11.018097 0.532888
-0.371593 18.328214 10.576541 0.699352
3.591255 18.328214 10.841243 0.729151
7.554103 18.328214 10.592584 0.640984
11.516951 18.328214 10.763421 0.613240
15.479799 18.328214 10.746974 0.465341
19.442647 18.328214 10.739478 0.098153
23.405495 18.328214 10.713879 -0.473165
27.368343 18.328214 10.115949 0.324930
31.331191 18.328214 11.028481 0.201137
35.294039 18.328214 10.636286 0.263416
39.256887 18.328214 11.232030 0.050661
43.219735 18.328214 10.939988 -0.250203
47.182583 18.328214 10.794677 0.345779
51.145431 18.328214 10.748338 -0.121338
55.108279 18.328214 10.765352 -0.246258
59.071127 18.328214 10.796635 0.472015
63.033975 18.328214 10.888850 -0.266544
66.996822 18.328214 10.936125 -0.262710
-131.145575 14.365366 17.005926 -2.111320
-127.182727 14.365366 10.949771 -0.188728
-123.219879 14.365366 6.243956 5.256211
-119.257031 14.365366 13.189829 6.275772
-115.294183 14.365366 10.596871 -0.440847
-111.331335 14.365366 10.618248 -0.748886
-107.368487 14.365366 11.195109 -1.507528
-103.405639 14.365366 11.642843 -0.770432
-99.442791 14.365366 11.592360 -0.725153
-95.479943 14.365366 12.008965 -0.904682
-91.517095 14.365366 11.150920 -0.892649
-87.554247 14.365366 12.165380 -0.257579
-83.591400 14.365366 12.098229 -0.124854
-79.628552 14.365366 12.099301 -0.315927
-75.665704 14.365366 11.976584 0.017242
-71.702856 14.365366 12.223913 0.086295
-67.740008 14.365366 12.024570 0.266041
-63.777160 14.365366 11.949724 0.385624
-59.814312 14.365366 11.984926 0.212165
-55.851464 14.365366 11.869972 0.473835
-51.888616 14.365366 12.052066 0.581288
-47.925768 14.365366 11.814657 0.614265
-43.962920 14.365366 11.537588 0.400287
-40.000072 14.365366 11.550398 0.422239
-36.037224 14.365366 11.519702 0.618841
-32.074376 14.365366 11.282207 0.628816
-28.111528 14.365366 11.282166 0.824577
-24.148680 14.365366 11.415680 0.684332
-20.185832 14.365366 11.409332 0.537081
-16.222984 14.365366 11.429238 0.784804
-12.260136 14.365366 11.035639 0.530303
-8.297289 14.365366 11.078006 0.481608
-4.334441 14.365366 10.988894 0.638245
-0.371593 14.365366 10.832140 0.576172
3.591255 14.365366 10.597862 0.351571
7.554103 14.365366 10.758982 0.498623
11.516951 14.365366 10.761428 0.517319
15.479799 14.365366 10.883512 0.223282
19.442647 14.365366 10.801453 0.429799
23.405495 14.365366 10.904006 0.582167
27.368343 14.365366 10.803427 0.171944
31.331191 14.365366 10.837744 0.544700
35.294039 14.365366 10.778324 0.145451
39.256887 14.365366 7.690787 -12.533538
43.219735 14.365366 10.929284 -0.137368
47.182583 14.365366 11.061341 -0.196698
51.145431 14.365366 11.074209 0.263195
55.108279 14.365366 10.088575 0.266699
59.071127 14.365366 10.732216 0.069751
63.033975 14.365366 10.589664 0.076802
66.996822 14.365366 10.771667 0.345130
-131.145575 10.402518 5.465299 -1.940426
-127.182727 10.402518 -10.051491 -11.084834
-123.219879 10.402518 -8.577342 -9.809202
-119.257031 10.402518 10.416036 -0.731471
-115.294183 10.402518 11.673065 -1.572549
-111.331335 10.402518 11.380878 -0.851511
-107.368487 10.402518 -14.923810 10.880065
-103.405639 10.402518 11.624564 -0.852950
-99.442791 10.402518 11.689732 -0.812967
-95.479943 10.402518 11.771463 -0.752142
-91.517095 10.402518 11.944966 -0.427245
-87.554247 10.402518 11.934620 -0.393387
-83.591400 10.402518 11.572570 -0.421973
-79.628552 10.402518 12.053758 0.007675
-75.665704 10.402518 12.117984 -0.180315
-71.702856 10.402518 11.865976 0.045692
-67.740008 10.402518 12.144275 -0.082832
-63.777160 10.402518 11.885862 -0.031854
-59.814312 10.402518 11.912535 0.416353
-55.851464 10.402518 11.658517 0.405577
-51.888616 10.402518 11.648938 0.258841
-47.925768 10.402518 11.972159 0.681997
-43.962920 10.402518 11.639430 0.634000
-40.000072 10.402518 11.242021 0.535625
-36.037224 10.402518 11.324159 0.480317
-32.074376 10.402518 11.500483 0.455686
-28.111528 10.402518 11.354735 0.409108
-24.148680 10.402518 11.475650 0.596333
-20.185832 10.402518 11.320888 0.756695
-16.222984 10.402518 11.142856 0.714258
-12.260136 10.402518 11.297894 0.399749
-8.297289 10.402518 10.683230 0.464415
-4.334441 10.402518 10.862865 0.602271
-0.371593 10.402518 10.822913 0.548538
3.591255 10.402518 10.756477 0.335381
7.554103 10.402518 10.661152 1.081083
11.516951 10.402518 10.631634 0.079868
15.479799 10.402518 10.983633 0.542403
19.442647 10.402518 10.672596 0.160340
23.405495 10.402518 10.854379 0.521576
27.368343 10.402518 -11.881862 3.909459
31.331191 10.402518 10.823082 0.134711
35.294039 10.402518 11.009258 -0.252145
39.256887 10.402518 10.912487 0.024388
43.219735 10.402518 10.781064 -0.331042
47.182583 10.402518 11.256730 -0.166035
51.145431 10.402518 11.063737 0.476670
55.108279 10.402518 10.657662 -0.093036
59.071127 10.402518 11.148958 -0.054913
63.033975 10.402518 10.613184 0.434599
66.996822 10.402518 10.787895 -0.131933
-131.145575 6.439670 7.964332 14.815656
-127.182727 6.439670 4.697062 2.945786
-123.219879 6.439670 15.714100 14.246723
-119.257031 6.439670 2.613503 -17.268415
-115.294183 6.439670 -12.803222 2.556448
-111.331335 6.439670 10.510571 0.201406
-107.368487 6.439670 10.959229 -0.228255
-103.405639 6.439670 11.101773 -0.728666
-99.442791 6.439670 11.848952 -0.713908
-95.479943 6.439670 11.356566 -0.818392
-91.517095 6.439670 11.722330 -0.338885
-87.554247 6.439670 11.655460 -0.440341
-83.591400 6.439670 11.699397 -0.159565
-79.628552 6.439670 11.694473 -0.467106
-75.665704 6.439670 11.710545 -0.048313
-71.702856 6.439670 11.754960 -0.039641
-67.740008 6.439670 11.711342 0.407433
-63.777160 6.439670 11.978273 0.295759
-59.814312 6.439670 11.683682 0.429047
-55.851464 6.439670 11.722169 0.318410
-51.888616 6.439670 11.851302 0.359475
-47.925768 6.439670 11.573580 0.407233
-43.962920 6.439670 11.602139 0.734244
-40.000072 6.439670 11.775411 0.527274
-36.037224 6.439670 11.717233 0.266418
-32.074376 6.439670 11.747775 0.431720
-28.111528 6.439670 11.314127 0.327549
-24.148680 6.439670 11.222383 0.634992
-20.185832 6.439670 11.275457 0.424308
-16.222984 6.439670 10.922563 0.642885
-12.260136 6.439670 11.200212 0.543467
-8.297289 6.439670 11.151937 0.385064
-4.334441 6.439670 11.123005 0.501114
-0.371593 6.439670 10.791847 0.671448
3.591255 6.439670 11.165091 0.383810
7.554103 6.439670 10.837485 0.219461
11.516951 6.439670 10.674379 -0.108270
15.479799 6.439670 10.654531 0.386000
19.442647 6.439670 10.859057 0.357863
23.405495 6.439670 10.905261 0.470824
27.368343 6.439670 10.753858 -0.000096
31.331191 6.439670 11.050160 -0.138642
35.294039 6.439670 11.151267 -0.178946
39.256887 6.439670 10.783460 0.291147
43.219735 6.439670 11.104115 0.616965
47.182583 6.439670 10.820677 -0.313593
51.145431 6.439670 10.964373 -0.014500
55.108279 6.439670 10.678509 0.415745
59.071127 6.439670 11.087951 0.028259
63.033975 6.439670 10.780114 0.320733
66.996822 6.439670 10.817953 0.346447
-131.145575 2.476822 -15.171233 -5.283733
-127.182727 2.476822 17.794222 7.447612
-123.219879 2.476822 -7.791271 4.109459
-119.257031 2.476822 7.570036 12.658968
-115.294183 2.476822 15.633600 -4.802673
-111.331335 2.476822 -4.689992 -11.238873
-107.368487 2.476822 10.984012 -0.740521
-103.405639 2.476822 11.486939 -0.203547
-99.442791 2.476822 12.170488 0.343247
-95.479943 2.476822 11.324675 -0.737247
-91.517095 2.476822 10.927816 0.498505
-87.554247 2.476822 11.609328 -0.017870
-83.591400 2.476822 12.010138 -0.421574
-79.628552 2.476822 11.784286 -0.194599
-75.665704 2.476822 11.843795 0.043171
-71.702856 2.476822 11.942937 0.044949
-67.740008 2.476822 11.778843 0.172818
-63.777160 2.476822 11.307178 0.846570
-59.814312 2.476822 11.816963 0.111805
-55.851464 2.476822 11.590989 0.337149
-51.888616 2.476822 11.812191 0.517269
-47.925768 2.476822 11.607755 0.519555
-43.962920 2.476822 11.358818 0.422161
-40.000072 2.476822 11.252500 0.359748
-36.037224 2.476822 11.517793 0.367959
-32.074376 2.476822 11.235151 0.640449
-28.111528 2.476822 10.936419 0.174741
-24.148680 2.476822 11.395051 0.441514
-20.185832 2.476822 11.290213 0.679442
-16.222984 2.476822 10.937171 0.667132
-12.260136 2.476822 10.844118 0.543838
-8.297289 2.476822 10.755911 0.447555
-4.334441 2.476822 10.881392 1.031586
-0.371593 2.476822 10.677407 0.867818
3.591255 2.476822 10.680854 0.429808
7.554103 2.476822 10.804085 0.266888
11.516951 2.476822 11.053658 0.474753
15.479799 2.476822 10.863557 0.167582
19.442647 2.476822 10.634187 0.052671
23.405495 2.476822 10.894266 0.521429
27.368343 2.476822 10.810923 0.128478
31.331191 2.476822 10.784506 -0.129494
35.294039 2.476822 10.950184 0.452415
39.256887 2.476822 10.726205 0.326483
43.219735 2.476822 10.957756 0.070522
47.182583 2.476822 10.558939 0.520436
51.145431 2.476822 11.278779 -0.403792
55.108279 2.476822 11.051276 0.439135
59.071127 2.476822 10.756455 0.707886
63.033975 2.476822 11.023382 0.336459
66.996822 2.476822 10.878700 -0.327676
-131.145575 -1.486026 16.681744 3.941909
-127.182727 -1.486026 -4.714474 -11.297950
-123.219879 -1.486026 -6.162284 -3.981066
-119.257031 -1.486026 9.829061 11.455837
-115.294183 -1.486026 10.928135 1.661384
-111.331335 -1.486026 11.236177 -0.365860
-107.368487 -1.486026 11.334935 -0.176043
-103.405639 -1.486026 11.768781 -0.436215
-99.442791 -1.486026 11.597514 -0.500809
-95.479943 -1.486026 11.539914 -0.422093
-91.517095 -1.486026 11.804712 -0.090629
-87.554247 -1.486026 -7.977746 16.561649
-83.591400 -1.486026 11.947021 0.088939
-79.628552 -1.486026 11.216558 -0.637016
-75.665704 -1.486026 11.414531 0.067383
-71.702856 -1.486026 11.735739 -0.119215
-67.740008 -1.486026 11.752501 -0.063974
-63.777160 -1.486026 11.830271 0.176267
-59.814312 -1.486026 11.938373 0.183551
-55.851464 -1.486026 11.336820 0.294170
-51.888616 -1.486026 11.580649 0.298137
-47.925768 -1.486026 11.518697 0.301411
-43.962920 -1.486026 11.605856 0.093844
-40.000072 -1.486026 11.415364 0.398592
-36.037224 -1.486026 11.237520 0.511178
-32.074376 -1.486026 11.434309 -0.299816
-28.111528 -1.486026 10.279780 0.504724
-24.148680 -1.486026 10.516415 0.279590
-20.185832 -1.486026 11.171593 0.430272
-16.222984 -1.486026 11.042483 0.598959
-12.260136 -1.486026 11.064034 0.511191
-8.297289 -1.486026 10.954568 0.610593
-4.334441 -1.486026 11.052382 0.430322
-0.371593 -1.486026 10.986862 0.221158
3.591255 -1.486026 11.056745 0.198694
7.554103 -1.486026 10.836283 0.388887
11.516951 -1.486026 10.911716 0.463805
15.479799 -1.486026 10.937891 0.450855
19.442647 -1.486026 11.063915 0.364267
23.405495 -1.486026 11.052643 0.116459
27.368343 -1.486026 10.465161 0.304723
31.331191 -1.486026 10.630450 0.139064
35.294039 -1.486026 10.617554 0.343762
39.256887 -1.486026 11.035191 0.379120
43.219735 -1.486026 10.949499 -0.025945
47.182583 -1.486026 10.607001 0.519837
51.145431 -1.486026 11.092638 0.406623
55.108279 -1.486026 10.720690 0.100214
59.071127 -1.486026 10.819240 -0.095049
63.033975 -1.486026 11.056369 -0.296942
66.996822 -1.486026 10.905457 0.302679
-131.145575 -5.448874 -14.719194 5.543608
-127.182727 -5.448874 -10.348726 12.823246
-123.219879 -5.448874 -9.687765 -7.687311
-119.257031 -5.448874 10.392020 -6.286615
-115.294183 -5.448874 12.759546 -0.680728
-111.331335 -5.448874 10.140371 -0.330522
-107.368487 -5.448874 11.266759 -0.723273
-103.405639 -5.448874 11.391874 -0.331548
-99.442791 -5.448874 11.778052 -0.428754
-95.479943 -5.448874 11.281972 0.078812
-91.517095 -5.448874 11.602440 -0.483823
-87.554247 -5.448874 11.786708 -0.772194
-83.591400 -5.448874 12.080056 -0.300139
-79.628552 -5.448874 11.239772 -0.501728
-75.665704 -5.448874 11.459598 -0.444606
-71.702856 -5.448874 11.738156 0.183766
-67.740008 -5.448874 11.670570 0.104390
-63.777160 -5.448874 11.767771 -0.067705
-59.814312 -5.448874 11.647398 0.174524
-55.851464 -5.448874 11.810374 -0.093807
-51.888616 -5.448874 11.722605 0.285125
-47.925768 -5.448874 11.558545 0.192535
-43.962920 -5.448874 11.843910 0.269513
-40.000072 -5.448874 11.365130 0.394342
-36.037224 -5.448874 11.579473 0.484208
-32.074376 -5.448874 11.231348 0.450083
-28.111528 -5.448874 11.096335 0.699559
-24.148680 -5.448874 10.891585 0.320432
-20.185832 -5.448874 11.119052 0.377856
-16.222984 -5.448874 11.229000 0.106354
-12.260136 -5.448874 10.978747 0.313158
-8.297289 -5.448874 11.150104 0.300521
-4.334441 -5.448874 11.222847 0.474690
-0.371593 -5.448874 11.040953 0.393070
3.591255 -5.448874 10.587365 0.290242
7.554103 -5.448874 10.863402 0.590722
11.516951 -5.448874 11.202757 -0.052732
15.479799 -5.448874 11.188065 0.159229
19.442647 -5.448874 10.735920 0.188912
23.405495 -5.448874 10.865258 0.385068
27.368343 -5.448874 10.979779 -0.148808
31.331191 -5.448874 10.557462 0.555206
35.294039 -5.448874 10.848019 -0.066083
39.256887 -5.448874 10.943514 -0.427562
43.219735 -5.448874 10.968106 0.511076
47.182583 -5.448874 10.740736 0.142270
51.145431 -5.448874 10.898062 0.175999
55.108279 -5.448874 11.223881 -0.567404
59.071127 -5.448874 10.911991 -0.223563
63.033975 -5.448874 10.878626 0.121422
66.996822 -5.448874 10.687899 0.348809
-131.145575 -9.411722 18.394381 2.994282
-127.182727 -9.411722 -11.785559 9.788724
-123.219879 -9.411722 12.257951 -0.469400
-119.257031 -9.411722 10.600021 0.323622
-115.294183 -9.411722 11.791820 -0.636378
-111.331335 -9.411722 11.895021 0.055769
-107.368487 -9.411722 11.008157 0.547702
-103.405639 -9.411722 -5.105733 -9.870329
-99.442791 -9.411722 11.557379 -0.893839
-95.479943 -9.411722 11.232080 -0.491252
-91.517095 -9.411722 11.093318 -0.260022
-87.554247 -9.411722 11.212449 0.131765
-83.591400 -9.411722 11.556991 0.087588
-79.628552 -9.411722 11.635027 -0.725309
-75.665704 -9.411722 11.437124 0.002771
-71.702856 -9.411722 11.423752 0.191582
-67.740008 -9.411722 11.535748 0.038147
-63.777160 -9.411722 11.706406 -0.111219
-59.814312 -9.411722 11.111096 -0.225312
-55.851464 -9.411722 10.851224 0.255637
-51.888616 -9.411722 11.360298 0.093937
-47.925768 -9.411722 11.394772 0.361405
-43.962920 -9.411722 11.526474 0.297738
-40.000072 -9.411722 11.612284 0.376023
-36.037224 -9.411722 11.096408 0.411568
-32.074376 -9.411722 10.931646 0.402785
-28.111528 -9.411722 11.179689 0.598483
-24.148680 -9.411722 11.221087 0.316154
-20.185832 -9.411722 11.303761 0.364532
-16.222984 -9.411722 10.778100 0.313543
-12.260136 -9.411722 11.291739 0.227262
-8.297289 -9.411722 11.280269 0.146121
-4.334441 -9.411722 11.120330 0.367136
-0.371593 -9.411722 10.211290 0.349704
3.591255 -9.411722 11.144697 0.153894
7.554103 -9.411722 10.580742 -0.110630
11.516951 -9.411722 10.550062 0.508435
15.479799 -9.411722 11.156197 -0.248090
19.442647 -9.411722 10.996947 0.243137
23.405495 -9.411722 11.022943 0.112825
27.368343 -9.411722 10.841716 0.078897
31.331191 -9.411722 11.120409 0.300663
35.294039 -9.411722 10.908851 0.191412
39.256887 -9.411722 10.593352 0.694690
43.219735 -9.411722 10.982242 0.416759
47.182583 -9.411722 10.672102 0.292453
51.145431 -9.411722 10.989398 -0.033284
55.108279 -9.411722 10.697386 -0.260131
59.071127 -9.411722 11.162208 0.001359
63.033975 -9.411722 11.417250 -0.129507
66.996822 -9.411722 11.163835 -0.024487
-131.145575 -13.374570 6.317336 5.222927
-127.182727 -13.374570 4.957880 -10.807871
-123.219879 -13.374570 -8.721877 -6.819851
-119.257031 -13.374570 10.821855 0.572427
-115.294183 -13.374570 -7.285752 -9.644450
-111.331335 -13.374570 12.184644 -0.746766
-107.368487 -13.374570 11.366331 0.278765
-103.405639 -13.374570 11.936957 0.196662
-99.442791 -13.374570 10.901019 -0.419920
-95.479943 -13.374570 10.965790 0.284600
-91.517095 -13.374570 11.228089 -0.399959
-87.554247 -13.374570 10.697231 -0.128586
-83.591400 -13.374570 11.518203 0.052924
-79.628552 -13.374570 11.783628 -0.660053
-75.665704 -13.374570 11.596724 -0.091442
-71.702856 -13.374570 11.661711 0.403838
-67.740008 -13.374570 11.136666 0.020227
-63.777160 -13.374570 11.602817 0.265261
-59.814312 -13.374570 11.846118 0.049038
-55.851464 -13.374570 11.613966 0.435288
-51.888616 -13.374570 11.318815 0.354502
-47.925768 -13.374570 11.392467 0.225109
-43.962920 -13.374570 11.462075 0.338844
-40.000072 -13.374570 11.570032 -0.029224
-36.037224 -13.374570 11.489195 0.504381
-32.074376 -13.374570 11.543782 0.176832
-28.111528 -13.374570 11.119025 0.144302
-24.148680 -13.374570 11.100893 0.194558
-20.185832 -13.374570 10.967243 0.413437
-16.222984 -13.374570 11.303633 0.434148
-12.260136 -13.374570 11.418965 0.476676
-8.297289 -13.374570 10.794875 0.448438
-4.334441 -13.374570 11.388303 0.376982
-0.371593 -13.374570 10.306153 0.432103
3.591255 -13.374570 11.361629 0.173808
7.554103 -13.374570 10.981119 0.330161
11.516951 -13.374570 11.469074 0.341370
15.479799 -13.374570 10.902273 0.343942
19.442647 -13.374570 10.756678 0.089834
23.405495 -13.374570 11.055613 0.163378
27.368343 -13.374570 11.199588 -0.071654
31.331191 -13.374570 10.905763 -0.279669
35.294039 -13.374570 11.389081 0.499053
39.256887 -13.374570 10.944970 0.606271
43.219735 -13.374570 10.935199 -0.116726
47.182583 -13.374570 10.786304 0.228675
51.145431 -13.374570 11.052621 -0.058942
55.108279 -13.374570 10.621805 0.111020
59.071127 -13.374570 10.864673 0.387057
63.033975 -13.374570 10.192484 -1.050427
66.996822 -13.374570 11.535682 0.514493
-131.145575 -17.337417 6.638850 -10.360089
-127.182727 -17.337417 -10.211399 12.259871
-123.219879 -17.337417 1.651812 -16.384417
-119.257031 -17.337417 -5.368337 -15.150745
-115.294183 -17.337417 10.557350 -1.386645
-111.331335 -17.337417 10.979856 -0.252646
-107.368487 -17.337417 9.797674 0.714275
-103.405639 -17.337417 11.034773 -0.274910
-99.442791 -17.337417 11.725950 -1.715592
-95.479943 -17.337417 10.622680 -0.185380
-91.517095 -17.337417 12.003738 0.232593
-87.554247 -17.337417 11.245319 -0.469509
-83.591400 -17.337417 11.133807 0.276523
-79.628552 -17.337417 11.363537 0.343619
-75.665704 -17.337417 11.571300 -0.316904
-71.702856 -17.337417 11.351809 0.082636
-67.740008 -17.337417 11.354521 -0.095394
-63.777160 -17.337417 11.748381 0.079368
-59.814312 -17.337417 11.502152 -0.048495
-55.851464 -17.337417 11.152728 0.431333
-51.888616 -17.337417 10.995983 -0.468370
-47.925768 -17.337417 11.413362 0.145398
-43.962920 -17.337417 11.458660 0.465749
-40.000072 -17.337417 10.896194 0.731286
-36.037224 -17.337417 10.961750 0.438023
-32.074376 -17.337417 11.254884 0.018456
-28.111528 -17.337417 11.498848 0.397916
-24.148680 -17.337417 11.436536 0.443912
-20.185832 -17.337417 11.337461 0.128324
-16.222984 -17.337417 11.063759 0.346161
-12.260136 -17.337417 10.975604 0.248454
-8.297289 -17.337417 11.093711 0.250579
-4.334441 -17.337417 11.039857 0.419412
-0.371593 -17.337417 10.844210 0.357703
3.591255 -17.337417 10.621089 0.646276
7.554103 -17.337417 10.875227 0.209164
11.516951 -17.337417 10.909219 0.922966
15.479799 -17.337417 10.979918 0.545830
19.442647 -17.337417 10.938809 0.389449
23.405495 -17.337417 11.267318 0.372456
27.368343 -17.337417 10.644225 0.076475
31.331191 -17.337417 10.953924 0.244612
35.294039 -17.337417 10.967788 0.184880
39.256887 -17.337417 10.794323 0.359838
43.219735 -17.337417 10.525332 0.123936
47.182583 -17.337417 10.882607 0.319816
51.145431 -17.337417 11.168460 -0.069661
55.108279 -17.337417 11.564575 0.093373
59.071127 -17.337417 10.838014 -0.364727
63.033975 -17.337417 10.611841 0.251753
66.996822 -17.337417 10.471310 0.120077
-131.145575 -21.300265 -4.973862 4.870768
-127.182727 -21.300265 16.846848 16.760069
-123.219879 -21.300265 -10.316632 -11.553536
-119.257031 -21.300265 -1.309479 0.154883
-115.294183 -21.300265 12.826389 -0.200740
-111.331335 -21.300265 11.883298 0.058095
-107.368487 -21.300265 11.344918 -1.282277
-103.405639 -21.300265 9.934713 0.242598
-99.442791 -21.300265 11.059686 0.006962
-95.479943 -21.300265 10.956985 0.091164
-91.517095 -21.300265 10.582009 0.087440
-87.554247 -21.300265 10.522342 -0.087817
-83.591400 -21.300265 10.910041 0.131540
-79.628552 -21.300265 10.985296 -0.297618
-75.665704 -21.300265 11.809352 -0.185668
-71.702856 -21.300265 11.081424 0.557527
-67.740008 -21.300265 11.196471 -0.275628
-63.777160 -21.300265 10.509763 -0.089373
-59.814312 -21.300265 11.357892 0.217190
-55.851464 -21.300265 10.824651 -0.337654
-51.888616 -21.300265 10.878987 -0.141793
-47.925768 -21.300265 11.906046 0.317261
-43.962920 -21.300265 11.152267 0.464931
-40.000072 -21.300265 11.302700 0.282503
-36.037224 -21.300265 11.251081 0.124694
-32.074376 -21.300265 11.179862 0.294629
-28.111528 -21.300265 11.146394 0.021449
-24.148680 -21.300265 11.493449 0.551591
-20.185832 -21.300265 10.863301 0.132766
-16.222984 -21.300265 11.110407 0.289902
-12.260136 -21.300265 10.842104 -0.034286
-8.297289 -21.300265 11.076468 -0.027801
-4.334441 -21.300265 10.844767 0.798341
-0.371593 -21.300265 11.006976 0.183777
3.591255 -21.300265 11.245354 0.320247
7.554103 -21.300265 10.555866 0.434099
11.516951 -21.300265 10.838129 -0.045898
15.479799 -21.300265 11.151706 -0.390935
19.442647 -21.300265 10.733455 0.062695
23.405495 -21.300265 11.140386 0.412993
27.368343 -21.300265 11.334653 0.067377
31.331191 -21.300265 10.518003 0.945473
35.294039 -21.300265 11.615767 0.394450
39.256887 -21.300265 10.961810 -0.088341
43.219735 -21.300265 11.570061 -0.171381
47.182583 -21.300265 10.598824 0.710477
51.145431 -21.300265 10.188948 0.326037
55.108279 -21.300265 11.091539 -0.121187
59.071127 -21.300265 11.378139 -0.375920
63.033975 -21.300265 10.551098 0.471915
66.996822 -21.300265 10.584326 -0.035187
-131.145575 -25.263113 12.878337 14.486730
-127.182727 -25.263113 -4.603307 -4.999614
-123.219879 -25.263113 5.423298 -2.314799
-119.257031 -25.263113 2.603421 7.122505
-115.294183 -25.263113 11.608700 -0.085043
-111.331335 -25.263113 16.379562 15.284847
-107.368487 -25.263113 10.750628 -1.411540
-103.405639 -25.263113 10.648893 0.657356
-99.442791 -25.263113 12.302249 -0.780478
-95.479943 -25.263113 11.018312 0.151773
-91.517095 -25.263113 12.019826 -0.108478
-87.554247 -25.263113 11.192389 0.482237
-83.591400 -25.263113 11.017229 0.286309
-79.628552 -25.263113 11.617258 -0.573241
-75.665704 -25.263113 10.701295 0.286091
-71.702856 -25.263113 11.199903 0.726978
-67.740008 -25.263113 11.108821 0.245395
-63.777160 -25.263113 11.101366 -0.104743
-59.814312 -25.263113 11.214117 -0.218733
-55.851464 -25.263113 11.505195 -0.316315
-51.888616 -25.263113 11.818598 0.377588
-47.925768 -25.263113 11.146428 0.030732
-43.962920 -25.263113 11.168443 0.235377
-40.000072 -25.263113 11.240664 0.477516
-36.037224 -25.263113 10.942827 0.538698
-32.074376 -25.263113 10.968569 0.124997
-28.111528 -25.263113 11.169026 0.465516
-24.148680 -25.263113 11.656724 -0.022619
-20.185832 -25.263113 10.843540 0.165620
-16.222984 -25.263113 11.264992 0.118989
-12.260136 -25.263113 10.975556 -0.118891
-8.297289 -25.263113 11.300943 0.700013
-4.334441 -25.263113 10.957137 0.474439
-0.371593 -25.263113 11.159402 0.287988
3.591255 -25.263113 10.462122 -0.074955
7.554103 -25.263113 11.069319 -0.133698
11.516951 -25.263113 10.463804 0.341364
15.479799 -25.263113 11.211654 0.042309
19.442647 -25.263113 11.182321 -0.291235
23.405495 -25.263113 10.762067 0.438996
27.368343 -25.263113 10.891397 0.245908
31.331191 -25.263113 10.890629 0.416116
35.294039 -25.263113 10.937345 -0.135334
39.256887 -25.263113 10.910721 0.947865
43.219735 -25.263113 10.849556 -0.013674
47.182583 -25.263113 10.552518 0.400482
51.145431 -25.263113 11.048531 0.828406
55.108279 -25.263113 11.255351 0.169754
59.071127 -25.263113 10.895944 0.206666
63.033975 -25.263113 10.541713 -0.023173
66.996822 -25.263113 -16.721260 3.692065
-131.145575 -29.225961 5.275702 -10.166938
-127.182727 -29.225961 16.616106 1.582230
-123.219879 -29.225961 18.488258 -3.623174
-119.257031 -29.225961 15.038919 -7.627708
-115.294183 -29.225961 11.625323 -1.561310
-111.331335 -29.225961 9.610999 -0.992163
-107.368487 -29.225961 12.811046 -15.158843
-103.405639 -29.225961 11.144612 0.390121
-99.442791 -29.225961 10.564974 -0.224637
-95.479943 -29.225961 10.643122 -0.565964
-91.517095 -29.225961 11.082190 0.709157
-87.554247 -29.225961 11.142070 -0.384503
-83.591400 -29.225961 11.593549 -0.224066
-79.628552 -29.225961 11.573250 -0.177842
-75.665704 -29.225961 10.942709 -0.240709
-71.702856 -29.225961 11.592072 0.225368
-67.740008 -29.225961 11.283665 0.477740
-63.777160 -29.225961 10.967646 0.116703
-59.814312 -29.225961 11.846195 -0.242018
-55.851464 -29.225961 10.873412 0.561032
-51.888616 -29.225961 12.026382 -0.639316
-47.925768 -29.225961 11.220492 0.545782
-43.962920 -29.225961 11.474828 0.153172
-40.000072 -29.225961 10.993245 0.562428
-36.037224 -29.225961 11.552220 0.577910
-32.074376 -29.225961 11.116560 -0.028546
-28.111528 -29.225961 11.162029 0.375442
-24.148680 -29.225961 10.878233 0.317752
-20.185832 -29.225961 11.058085 -0.143054
-16.222984 -29.225961 11.085080 -0.071670
-12.260136 -29.225961 11.032722 0.250200
-8.297289 -29.225961 10.826603 -0.201019
-4.334441 -29.225961 11.064649 -0.195907
-0.371593 -29.225961 11.530914 0.211227
3.591255 -29.225961 10.706038 0.653328
7.554103 -29.225961 11.365003 -0.195007
11.516951 -29.225961 11.502152 0.307509
15.479799 -29.225961 10.953112 0.333292
19.442647 -29.225961 11.041356 0.248122
23.405495 -29.225961 10.980020 0.029568
27.368343 -29.225961 10.804595 0.504152
31.331191 -29.225961 11.111718 0.415288
35.294039 -29.225961 10.818505 0.445135
39.256887 -29.225961 10.908051 -0.015260
43.219735 -29.225961 11.276775 0.647524
47.182583 -29.225961 10.966980 -0.059434
51.145431 -29.225961 11.566443 -0.073604
55.108279 -29.225961 10.526237 0.107503
59.071127 -29.225961 11.517484 2.038553
63.033975 -29.225961 10.994093 0.391816
66.996822 -29.225961 10.806967 -0.414189
-131.145575 -33.188809 0.194023 -6.710419
-127.182727 -33.188809 17.292503 -7.877609
-123.219879 -33.188809 -4.562094 -4.322982
-119.257031 -33.188809 9.910897 -5.639571
-115.294183 -33.188809 17.428263 17.067999
-111.331335 -33.188809 7.357412 -0.488301
-107.368487 -33.188809 10.916361 -1.621887
-103.405639 -33.188809 12.105098 0.486086
-99.442791 -33.188809 9.786943 -0.133894
-95.479943 -33.188809 12.167574 -0.785122
-91.517095 -33.188809 10.322801 1.283511
-87.554247 -33.188809 11.268263 -0.504633
-83.591400 -33.188809 10.668217 0.018689
-79.628552 -33.188809 10.840684 0.666547
-75.665704 -33.188809 11.622284 0.479726
-71.702856 -33.188809 11.537058 -0.305367
-67.740008 -33.188809 11.263816 0.027517
-63.777160 -33.188809 10.641173 0.026573
-59.814312 -33.188809 10.499266 0.656806
-55.851464 -33.188809 11.457789 -0.035347
-51.888616 -33.188809 11.106440 0.522394
-47.925768 -33.188809 10.993951 -0.293415
-43.962920 -33.188809 11.415298 -0.151373
-40.000072 -33.188809 11.059462 0.346655
-36.037224 -33.188809 11.484471 0.337711
-32.074376 -33.188809 11.116656 0.056354
-28.111528 -33.188809 11.392311 0.491144
-24.148680 -33.188809 11.005144 0.489811
-20.185832 -33.188809 11.495368 0.087160
-16.222984 -33.188809 11.029784 0.120278
-12.260136 -33.188809 11.415295 -0.111202
-8.297289 -33.188809 11.294513 0.370210
-4.334441 -33.188809 10.999905 0.361754
-0.371593 -33.188809 11.215980 0.285354
3.591255 -33.188809 11.064051 0.084701
7.554103 -33.188809 11.065949 0.547249
11.516951 -33.188809 11.190482 0.396445
15.479799 -33.188809 11.285778 0.534729
19.442647 -33.188809 10.726790 -0.118067
23.405495 -33.188809 11.069295 0.225783
27.368343 -33.188809 11.582016 -0.382988
31.331191 -33.188809 11.287263 0.157521
35.294039 -33.188809 10.816856 0.108187
39.256887 -33.188809 10.745817 -0.385838
43.219735 -33.188809 11.230330 0.093410
47.182583 -33.188809 9.973882 0.282015
51.145431 -33.188809 10.661461 0.428577
55.108279 -33.188809 11.603019 -0.421678
59.071127 -33.188809 10.612171 1.456764
63.033975 -33.188809 10.650846 0.171217
66.996822 -33.188809 10.082757 -0.489807
-131.145575 -37.151657 -2.143907 -14.335629
-127.182727 -37.151657 -9.028592 -16.402405
-123.219879 -37.151657 -5.217913 -15.824771
-119.257031 -37.151657 -11.519344 -15.378105
-115.294183 -37.151657 12.061189 -0.634529
-111.331335 -37.151657 -12.492435 -7.955330
-107.368487 -37.151657 10.218827 0.395412
-103.405639 -37.151657 12.651760 0.331275
-99.442791 -37.151657 10.560503 0.543365
-95.479943 -37.151657 11.044783 0.528456
-91.517095 -37.151657 11.351106 -0.307091
-87.554247 -37.151657 -9.781149 -9.195603
-83.591400 -37.151657 10.392546 0.243440
-79.628552 -37.151657 10.912661 -0.145121
-75.665704 -37.151657 11.142797 0.469364
-71.702856 -37.151657 10.853776 0.334735
-67.740008 -37.151657 11.213671 0.172166
-63.777160 -37.151657 11.205337 -0.008221
-59.814312 -37.151657 11.393198 0.032730
-55.851464 -37.151657 11.205165 1.007526
-51.888616 -37.151657 11.812546 0.090632
-47.925768 -37.151657 10.375662 1.640430
-43.962920 -37.151657 9.782157 0.515225
-40.000072 -37.151657 10.406944 0.423020
-36.037224 -37.151657 11.543572 0.030980
-32.074376 -37.151657 11.501955 0.132525
-28.111528 -37.151657 11.279090 0.672873
-24.148680 -37.151657 11.519508 -0.256675
-20.185832 -37.151657 11.368452 0.378026
-16.222984 -37.151657 10.656178 0.098531
-12.260136 -37.151657 10.404961 0.637370
-8.297289 -37.151657 10.867698 0.090754
-4.334441 -37.151657 10.246986 0.189574
-0.371593 -37.151657 11.095311 0.555510
3.591255 -37.151657 11.922906 0.103811
7.554103 -37.151657 11.257848 -0.028463
11.516951 -37.151657 10.715359 0.377474
15.479799 -37.151657 10.661789 0.603780
19.442647 -37.151657 10.906204 -0.403898
23.405495 -37.151657 11.318823 0.291848
27.368343 -37.151657 10.855864 0.758342
31.331191 -37.151657 11.008328 0.187536
35.294039 -37.151657 10.733768 -0.384524
39.256887 -37.151657 11.358129 0.263997
43.219735 -37.151657 11.029980 0.212997
47.182583 -37.151657 10.523525 0.248004
51.145431 -37.151657 10.912558 0.081505
55.108279 -37.151657 11.647555 0.061474
59.071127 -37.151657 9.325751 0.372149
63.033975 -37.151657 11.379599 -0.011365
66.996822 -37.151657 12.331092 0.834883
-131.145575 -41.114505 -2.605900 -6.576856
-127.182727 -41.114505 10.839833 12.311996
-123.219879 -41.114505 9.349984 -11.636637
-119.257031 -41.114505 -9.872590 9.686822
-115.294183 -41.114505 8.436592 0.370151
-111.331335 -41.114505 12.798647 0.728226
-107.368487 -41.114505 10.267186 0.393681
-103.405639 -41.114505 -14.842577 -2.624231
-99.442791 -41.114505 10.077612 0.867935
-95.479943 -41.114505 11.606453 0.056848
-91.517095 -41.114505 12.726463 0.410954
-87.554247 -41.114505 10.989581 0.060636
-83.591400 -41.114505 10.487971 0.144017
-79.628552 -41.114505 10.040096 0.310890
-75.665704 -41.114505 12.189729 -1.244654
-71.702856 -41.114505 9.760925 -0.052855
-67.740008 -41.114505 10.922960 0.243795
-63.777160 -41.114505 10.900596 0.410054
-59.814312 -41.114505 11.219863 0.385573
-55.851464 -41.114505 10.705501 0.265399
-51.888616 -41.114505 10.984016 0.115323
-47.925768 -41.114505 11.302218 0.027112
-43.962920 -41.114505 11.601281 0.111008
-40.000072 -41.114505 10.938620 0.354743
-36.037224 -41.114505 10.941902 0.016501
-32.074376 -41.114505 10.559455 0.364979
-28.111528 -41.114505 10.727470 0.542462
-24.148680 -41.114505 10.840264 0.133607
-20.185832 -41.114505 11.098543 -0.154290
-16.222984 -41.114505 11.171984 0.328942
-12.260136 -41.114505 10.101689 0.194388
-8.297289 -41.114505 10.986672 0.333800
-4.334441 -41.114505 10.817000 0.398619
-0.371593 -41.114505 11.322462 0.425821
3.591255 -41.114505 10.894623 -0.580217
7.554103 -41.114505 11.133714 -0.039542
11.516951 -41.114505 10.958138 0.662007
15.479799 -41.114505 -4.626957 -0.613857
19.442647 -41.114505 11.388336 0.170521
23.405495 -41.114505 10.705515 -0.100314
27.368343 -41.114505 10.977540 0.644403
31.331191 -41.114505 10.515220 0.887004
35.294039 -41.114505 10.082157 0.091478
39.256887 -41.114505 10.853697 0.341961
43.219735 -41.114505 10.934225 0.379184
47.182583 -41.114505 11.669308 0.468499
51.145431 -41.114505 11.345687 0.129949
55.108279 -41.114505 10.812621 1.494032
59.071127 -41.114505 10.382924 -0.032055
63.033975 -41.114505 11.149323 0.242571
66.996822 -41.114505 11.529870 -0.354045
-131.145575 -45.077353 2.175254 -10.138097
-127.182727 -45.077353 2.641601 0.654947
-123.219879 -45.077353 2.087034 8.896775
-119.257031 -45.077353 18.080290 -11.185122
-115.294183 -45.077353 3.258618 6.683511
-111.331335 -45.077353 -1.231689 -13.377577
-107.368487 -45.077353 11.692545 -0.134329
-103.405639 -45.077353 -7.187659 5.392604
-99.442791 -45.077353 8.506154 -1.248550
-95.479943 -45.077353 10.807418 0.261671
-91.517095 -45.077353 9.859974 0.147028
-87.554247 -45.077353 11.776154 -0.296983
-83.591400 -45.077353 11.121059 0.444586
-79.628552 -45.077353 10.501040 0.086864
-75.665704 -45.077353 11.658811 -0.505954
-71.702856 -45.077353 11.266320 -0.293253
-67.740008 -45.077353 10.335630 1.489244
-63.777160 -45.077353 11.050244 0.153971
-59.814312 -45.077353 10.940234 -0.174224
-55.851464 -45.077353 10.508963 0.163052
-51.888616 -45.077353 11.480762 -0.085116
-47.925768 -45.077353 11.291264 -0.157350
-43.962920 -45.077353 11.213281 -0.005247
-40.000072 -45.077353 11.535616 -0.275903
-36.037224 -45.077353 -7.349591 -14.984352
-32.074376 -45.077353 10.674370 -0.285662
-28.111528 -45.077353 10.915746 0.764226
-24.148680 -45.077353 10.979759 0.442639
-20.185832 -45.077353 -0.146769 -5.760572
-16.222984 -45.077353 11.220347 0.104514
-12.260136 -45.077353 10.859537 1.710494
-8.297289 -45.077353 11.359536 0.293465
-4.334441 -45.077353 11.086666 0.418342
-0.371593 -45.077353 11.546378 0.368511
3.591255 -45.077353 9.798843 -0.092350
7.554103 -45.077353 10.832296 0.355365
11.516951 -45.077353 10.708644 0.661507
15.479799 -45.077353 10.879069 0.672259
19.442647 -45.077353 10.573993 0.255141
23.405495 -45.077353 10.714250 0.344093
27.368343 -45.077353 11.928538 -0.327899
31.331191 -45.077353 11.214840 -0.340934
35.294039 -45.077353 10.921041 0.363255
39.256887 -45.077353 11.032816 0.327718
43.219735 -45.077353 10.642478 1.070465
47.182583 -45.077353 10.180186 1.162912
51.145431 -45.077353 7.527173 -0.012880
55.108279 -45.077353 10.360372 0.619690
59.071127 -45.077353 12.277534 -0.386112
63.033975 -45.077353 9.898227 0.245482
66.996822 -45.077353 12.820932 -0.374143
-131.145575 -49.040201 14.581160 -6.262987
-127.182727 -49.040201 6.016048 -4.746250
-123.219879 -49.040201 -10.592663 -3.054145
-119.257031 -49.040201 2.902078 14.348181
-115.294183 -49.040201 6.722321 1.576356
-111.331335 -49.040201 8.901851 10.590925
-107.368487 -49.040201 10.955469 -1.314128
-103.405639 -49.040201 9.885506 -1.950605
-99.442791 -49.040201 10.834097 1.267180
-95.479943 -49.040201 18.297613 -8.029886
-91.517095 -49.040201 10.204932 0.535687
-87.554247 -49.040201 10.613538 -0.592041
-83.591400 -49.040201 10.439579 -0.044977
-79.628552 -49.040201 10.473351 -0.443106
-75.665704 -49.040201 9.963321 0.165104
-71.702856 -49.040201 11.768716 -0.102773
-67.740008 -49.040201 10.830831 0.199246
-63.777160 -49.040201 11.033504 0.618351
-59.814312 -49.040201 10.848081 0.249502
-55.851464 -49.040201 11.669153 0.850480
-51.888616 -49.040201 11.265050 0.874284
-47.925768 -49.040201 11.236269 -0.003276
-43.962920 -49.040201 11.467484 -0.040399
-40.000072 -49.040201 10.999034 0.276668
-36.037224 -49.040201 10.472378 -0.014964
-32.074376 -49.040201 10.955334 0.167767
-28.111528 -49.040201 11.473521 0.609750
-24.148680 -49.040201 10.997407 -0.363741
-20.185832 -49.040201 10.859635 0.056658
-16.222984 -49.040201 11.382011 0.090239
-12.260136 -49.040201 11.890860 0.183440
-8.297289 -49.040201 10.744899 0.396334
-4.334441 -49.040201 11.117343 -0.035504
-0.371593 -49.040201 10.723033 0.465250
3.591255 -49.040201 9.549699 -0.346460
7.554103 -49.040201 10.181291 0.620548
11.516951 -49.040201 10.811460 0.109817
15.479799 -49.040201 9.635718 0.855843
19.442647 -49.040201 10.589046 -0.255590
23.405495 -49.040201 11.031958 -0.266125
27.368343 -49.040201 10.869101 -0.062442
31.331191 -49.040201 11.943566 -0.163859
35.294039 -49.040201 9.922879 0.520242
39.256887 -49.040201 10.910410 -0.284442
43.219735 -49.040201 10.661584 0.153325
47.182583 -49.040201 10.777403 0.186745
51.145431 -49.040201 9.931833 0.270774
55.108279 -49.040201 9.953199 -0.094174
59.071127 -49.040201 13.139523 -3.099906
63.033975 -49.040201 10.464347 -0.004319
66.996822 -49.040201 10.977774 1.963676
-131.145575 -53.003049 0.000000 0.000000
-127.182727 -53.003049 0.000000 0.000000
-123.219879 -53.003049 0.000000 0.000000
-119.257031 -53.003049 0.000000 0.000000
-115.294183 -53.003049 0.000000 0.000000
-111.331335 -53.003049 0.000000 0.000000
-107.368487 -53.003049 0.000000 0.000000
-103.405639 -53.003049 0.000000 0.000000
-99.442791 -53.003049 0.000000 0.000000
-95.479943 -53.003049 0.000000 0.000000
-91.517095 -53.003049 0.000000 0.000000
-87.554247 -53.003049 0.000000 0.000000
-83.591400 -53.003049 0.000000 0.000000
-79.628552 -53.003049 0.000000 0.000000
-75.665704 -53.003049 0.000000 0.000000
-71.702856 -53.003049 0.000000 0.000000
-67.740008 -53.003049 0.000000 0.000000
-63.777160 -53.003049 0.000000 0.000000
-59.814312 -53.003049 0.000000 0.000000
-55.851464 -53.003049 0.000000 0.000000
-51.888616 -53.003049 0.000000 0.000000
-47.925768 -53.003049 0.000000 0.000000
-43.962920 -53.003049 0.000000 0.000000
-40.000072 -53.003049 0.000000 0.000000
-36.037224 -53.003049 0.000000 0.000000
-32.074376 -53.003049 0.000000 0.000000
-28.111528 -53.003049 0.000000 0.000000
-24.148680 -53.003049 0.000000 0.000000
-20.185832 -53.003049 0.000000 0.000000
-16.222984 -53.003049 0.000000 0.000000
-12.260136 -53.003049 0.000000 0.000000
-8.297289 -53.003049 0.000000 0.000000
-4.334441 -53.003049 0.000000 0.000000
-0.371593 -53.003049 0.000000 0.000000
3.591255 -53.003049 0.000000 0.000000
7.554103 -53.003049 0.000000 0.000000
11.516951 -53.003049 0.000000 0.000000
15.479799 -53.003049 0.000000 0.000000
19.442647 -53.003049 0.000000 0.000000
23.405495 -53.003049 0.000000 0.000000
27.368343 -53.003049 0.000000 0.000000
31.331191 -53.003049 0.000000 0.000000
35.294039 -53.003049 0.000000 0.000000
39.256887 -53.003049 0.000000 0.000000
43.219735 -53.003049 0.000000 0.000000
47.182583 -53.003049 0.000000 0.000000
51.145431 -53.003049 0.000000 0.000000
55.108279 -53.003049 0.000000 0.000000
59.071127 -53.003049 0.000000 0.000000
63.033975 -53.003049 0.000000 0.000000
66.996822 -53.003049 0.000000 0.000000
