TITLE = "B00004"
VARIABLES = "position", "position(2)", "Vx", "Vy"
ZONE T="Frame 0", I=51, J=39
-131.145575 97.585173 10.845781 0.230401
-127.182727 97.585173 11.064857 0.393603
-123.219879 97.585173 11.486341 0.512776
-119.257031 97.585173 11.231856 0.389865
-115.294183 97.585173 11.603918 0.522709
-111.331335 97.585173 0.000000 0.000000
-107.368487 97.585173 0.000000 0.000000
-103.405639 97.585173 0.000000 0.000000
-99.442791 97.585173 0.000000 0.000000
-95.479943 97.585173 0.000000 0.000000
-91.517095 97.585173 0.000000 0.000000
-87.554247 97.585173 11.594185 0.405963
-83.591400 97.585173 11.396124 0.393484
-79.628552 97.585173 11.449366 0.176308
-75.665704 97.585173 11.529171 0.048343
-71.702856 97.585173 11.486793 0.279672
-67.740008 97.585173 11.273789 0.123788
-63.777160 97.585173 11.440973 0.099524
-59.814312 97.585173 11.465796 0.134401
-55.851464 97.585173 11.458433 0.210710
-51.888616 97.585173 11.315928 0.008359
-47.925768 97.585173 11.330119 0.055249
-43.962920 97.585173 11.520487 -0.117017
-40.000072 97.585173 11.458201 -0.021065
-36.037224 97.585173 11.334677 -0.019200
-32.074376 97.585173 11.406507 -0.115667
-28.111528 97.585173 11.227243 0.106942
-24.148680 97.585173 11.608637 0.056085
-20.185832 97.585173 11.227872 0.056719
-16.222984 97.585173 11.164784 -0.211630
-12.260136 97.585173 0.000000 0.000000
-8.297289 97.585173 0.000000 0.000000
-4.334441 97.585173 0.000000 0.000000
-0.371593 97.585173 11.143591 -0.042525
3.591255 97.585173 11.077290 -0.110845
7.554103 97.585173 11.152125 0.089848
11.516951 97.585173 11.142593 -0.062968
15.479799 97.585173 11.091819 0.057144
19.442647 97.585173 11.013394 -0.024449
23.405495 97.585173 11.163244 0.135957
27.368343 97.585173 11.082786 -0.146382
31.331191 97.585173 11.090301 -0.151249
35.294039 97.585173 10.933592 -0.016662
39.256887 97.585173 11.068973 0.172739
43.219735 97.585173 11.172610 0.094874
47.182583 97.585173 11.013790 0.088699
51.145431 97.585173 10.930971 0.003784
55.108279 97.585173 10.830076 0.002096
59.071127 97.585173 11.084952 0.073365
63.033975 97.585173 11.008147 0.224909
66.996822 97.585173 11.184528 -0.034162
-131.145575 93.622325 -9.800445 2.704908
-127.182727 93.622325 14.770269 3.178785
-123.219879 93.622325 11.159146 0.462072
-119.257031 93.622325 11.419999 0.416515
-115.294183 93.622325 11.173128 0.221682
-111.331335 93.622325 0.000000 0.000000
-107.368487 93.622325 0.000000 0.000000
-103.405639 93.622325 0.000000 0.000000
-99.442791 93.622325 0.000000 0.000000
-95.479943 93.622325 0.000000 0.000000
-91.517095 93.622325 0.000000 0.000000
-87.554247 93.622325 11.560767 0.276536
-83.591400 93.622325 11.368299 0.113161
-79.628552 93.622325 11.522546 0.273663
-75.665704 93.622325 11.449552 0.201544
-71.702856 93.622325 11.402260 0.203034
-67.740008 93.622325 11.353063 0.218098
-63.777160 93.622325 11.436315 0.114859
-59.814312 93.622325 11.414239 0.163899
-55.851464 93.622325 11.579671 -0.133122
-51.888616 93.622325 11.265727 0.093768
-47.925768 93.622325 11.496655 0.061985
-43.962920 93.622325 11.452184 0.075618
-40.000072 93.622325 11.345665 0.088487
-36.037224 93.622325 11.394114 0.098452
-32.074376 93.622325 11.142051 -0.140468
-28.111528 93.622325 11.306564 -0.204803
-24.148680 93.622325 11.198691 -0.261715
-20.185832 93.622325 11.212579 -0.088055
-16.222984 93.622325 11.339370 -0.180916
-12.260136 93.622325 0.000000 0.000000
-8.297289 93.622325 0.000000 0.000000
-4.334441 93.622325 0.000000 0.000000
-0.371593 93.622325 11.083853 -0.104624
3.591255 93.622325 11.217289 -0.211558
7.554103 93.622325 11.054358 0.064098
11.516951 93.622325 11.306499 -0.276071
15.479799 93.622325 11.043946 0.142865
19.442647 93.622325 11.160549 -0.074877
23.405495 93.622325 11.033351 0.132257
27.368343 93.622325 10.892220 0.068724
31.331191 93.622325 11.004891 0.038559
35.294039 93.622325 11.123649 0.050132
39.256887 93.622325 10.984877 -0.103542
43.219735 93.622325 11.008808 0.004975
47.182583 93.622325 10.993252 0.015829
51.145431 93.622325 10.945611 0.102735
55.108279 93.622325 11.033753 0.165905
59.071127 93.622325 10.983527 -0.048765
63.033975 93.622325 10.928467 0.040198
66.996822 93.622325 11.021842 0.339038
-131.145575 89.659477 11.639428 0.344117
-127.182727 89.659477 11.263947 0.380613
-123.219879 89.659477 11.444006 0.587470
-119.257031 89.659477 11.167512 0.630901
-115.294183 89.659477 11.327989 0.219379
-111.331335 89.659477 0.000000 0.000000
-107.368487 89.659477 0.000000 0.000000
-103.405639 89.659477 0.000000 0.000000
-99.442791 89.659477 0.000000 0.000000
-95.479943 89.659477 0.000000 0.000000
-91.517095 89.659477 0.000000 0.000000
-87.554247 89.659477 11.395100 0.325380
-83.591400 89.659477 11.435888 0.381787
-79.628552 89.659477 11.402219 0.322790
-75.665704 89.659477 11.530741 0.228898
-71.702856 89.659477 11.496645 0.285376
-67.740008 89.659477 11.553966 0.204895
-63.777160 89.659477 11.422137 0.247112
-59.814312 89.659477 11.597854 0.094584
-55.851464 89.659477 11.518535 0.025358
-51.888616 89.659477 11.463714 0.038606
-47.925768 89.659477 11.401279 0.116577
-43.962920 89.659477 11.388510 0.011607
-40.000072 89.659477 11.422767 -0.160793
-36.037224 89.659477 11.288926 -0.185454
-32.074376 89.659477 11.613387 0.131704
-28.111528 89.659477 11.373617 -0.143312
-24.148680 89.659477 11.346001 -0.128929
-20.185832 89.659477 11.334945 -0.168199
-16.222984 89.659477 11.150563 -0.202228
-12.260136 89.659477 0.000000 0.000000
-8.297289 89.659477 0.000000 0.000000
-4.334441 89.659477 0.000000 0.000000
-0.371593 89.659477 11.248578 -0.132161
3.591255 89.659477 11.063448 -0.230885
7.554103 89.659477 10.925582 -0.105466
11.516951 89.659477 11.093839 -0.115599
15.479799 89.659477 11.013112 0.009326
19.442647 89.659477 11.213201 -0.176166
23.405495 89.659477 10.845013 -0.171754
27.368343 89.659477 11.010205 -0.013961
31.331191 89.659477 10.894858 -0.019892
35.294039 89.659477 11.023922 -0.019404
39.256887 89.659477 11.145919 0.136574
43.219735 89.659477 10.981915 -0.056044
47.182583 89.659477 11.092875 -0.122852
51.145431 89.659477 10.886377 -0.257879
55.108279 89.659477 11.161815 0.184150
59.071127 89.659477 11.010839 0.110593
63.033975 89.659477 11.011160 -0.248769
66.996822 89.659477 10.803489 0.044318
-131.145575 85.696629 13.499581 -3.649171
-127.182727 85.696629 10.839243 0.446944
-123.219879 85.696629 11.340652 0.630849
-119.257031 85.696629 11.256677 0.678220
-115.294183 85.696629 11.187118 0.485649
-111.331335 85.696629 0.000000 0.000000
-107.368487 85.696629 0.000000 0.000000
-103.405639 85.696629 0.000000 0.000000
-99.442791 85.696629 0.000000 0.000000
-95.479943 85.696629 0.000000 0.000000
-91.517095 85.696629 0.000000 0.000000
-87.554247 85.696629 11.579449 0.371569
-83.591400 85.696629 11.437920 0.291528
-79.628552 85.696629 11.620045 0.137340
-75.665704 85.696629 11.534486 0.361370
-71.702856 85.696629 11.539135 0.283082
-67.740008 85.696629 11.506989 0.331949
-63.777160 85.696629 11.543645 0.160475
-59.814312 85.696629 11.431783 0.164733
-55.851464 85.696629 11.603628 0.038616
-51.888616 85.696629 11.496168 -0.029183
-47.925768 85.696629 11.345572 -0.098428
-43.962920 85.696629 11.588362 -0.044926
-40.000072 85.696629 11.434072 -0.098996
-36.037224 85.696629 11.624345 -0.242340
-32.074376 85.696629 11.396384 -0.194773
-28.111528 85.696629 11.400701 -0.202348
-24.148680 85.696629 11.302261 -0.137684
-20.185832 85.696629 11.429045 -0.044861
-16.222984 85.696629 11.361566 0.054796
-12.260136 85.696629 0.000000 0.000000
-8.297289 85.696629 0.000000 0.000000
-4.334441 85.696629 0.000000 0.000000
-0.371593 85.696629 11.194765 -0.058319
3.591255 85.696629 11.168937 0.010241
7.554103 85.696629 11.072200 -0.265886
11.516951 85.696629 10.940042 -0.072617
15.479799 85.696629 11.035817 -0.056995
19.442647 85.696629 10.941429 -0.023924
23.405495 85.696629 10.946944 0.075237
27.368343 85.696629 11.162280 -0.286428
31.331191 85.696629 10.882658 -0.231200
35.294039 85.696629 10.964209 -0.199039
39.256887 85.696629 11.117531 0.082061
43.219735 85.696629 11.244901 -0.141289
47.182583 85.696629 10.951693 -0.018778
51.145431 85.696629 10.970950 -0.080913
55.108279 85.696629 10.988858 0.104042
59.071127 85.696629 10.946238 0.078737
63.033975 85.696629 10.985197 -0.142479
66.996822 85.696629 10.851884 0.155984
-131.145575 81.733781 -6.559975 5.522001
-127.182727 81.733781 11.297894 0.775983
-123.219879 81.733781 11.262023 0.416162
-119.257031 81.733781 11.253943 0.489175
-115.294183 81.733781 11.149973 0.534172
-111.331335 81.733781 0.000000 0.000000
-107.368487 81.733781 0.000000 0.000000
-103.405639 81.733781 0.000000 0.000000
-99.442791 81.733781 0.000000 0.000000
-95.479943 81.733781 0.000000 0.000000
-91.517095 81.733781 0.000000 0.000000
-87.554247 81.733781 11.503259 0.316957
-83.591400 81.733781 11.625347 0.339269
-79.628552 81.733781 11.521359 0.456266
-75.665704 81.733781 11.803394 0.274749
-71.702856 81.733781 11.608191 0.330756
-67.740008 81.733781 11.601226 0.148991
-63.777160 81.733781 11.576567 -0.042443
-59.814312 81.733781 11.536185 0.300956
-55.851464 81.733781 11.404789 -0.058262
-51.888616 81.733781 11.487369 -0.070884
-47.925768 81.733781 11.483662 0.011848
-43.962920 81.733781 11.494293 0.058568
-40.000072 81.733781 11.402509 -0.139417
-36.037224 81.733781 11.344303 0.064010
-32.074376 81.733781 11.275884 -0.234016
-28.111528 81.733781 11.395227 -0.045491
-24.148680 81.733781 11.415618 -0.269050
-20.185832 81.733781 11.427392 -0.246950
-16.222984 81.733781 11.129619 -0.190525
-12.260136 81.733781 0.000000 0.000000
-8.297289 81.733781 0.000000 0.000000
-4.334441 81.733781 0.000000 0.000000
-0.371593 81.733781 11.061291 -0.065172
3.591255 81.733781 11.184618 -0.227616
7.554103 81.733781 11.084851 -0.170171
11.516951 81.733781 11.069151 -0.315978
15.479799 81.733781 11.109645 -0.151069
19.442647 81.733781 11.021100 -0.094742
23.405495 81.733781 11.075157 -0.064733
27.368343 81.733781 11.070207 -0.100852
31.331191 81.733781 10.907710 -0.201312
35.294039 81.733781 11.091715 -0.192108
39.256887 81.733781 10.943810 -0.109026
43.219735 81.733781 10.934628 -0.023118
47.182583 81.733781 11.023871 -0.048447
51.145431 81.733781 10.841621 0.157239
55.108279 81.733781 11.226317 -0.198404
59.071127 81.733781 10.922654 0.083347
63.033975 81.733781 11.024894 -0.085445
66.996822 81.733781 11.053359 0.006020
-131.145575 77.770933 -7.377916 -15.392630
-127.182727 77.770933 11.231531 0.263107
-123.219879 77.770933 11.099054 0.679149
-119.257031 77.770933 11.449882 0.570793
-115.294183 77.770933 11.542613 0.504116
-111.331335 77.770933 0.000000 0.000000
-107.368487 77.770933 0.000000 0.000000
-103.405639 77.770933 0.000000 0.000000
-99.442791 77.770933 0.000000 0.000000
-95.479943 77.770933 0.000000 0.000000
-91.517095 77.770933 11.702036 0.492883
-87.554247 77.770933 11.502372 0.482399
-83.591400 77.770933 11.520574 0.368643
-79.628552 77.770933 11.790113 0.413836
-75.665704 77.770933 11.738999 0.373322
-71.702856 77.770933 11.662159 0.165452
-67.740008 77.770933 11.775325 0.172748
-63.777160 77.770933 11.737828 -0.007291
-59.814312 77.770933 11.557581 0.109798
-55.851464 77.770933 11.587191 -0.035946
-51.888616 77.770933 11.567299 0.111825
-47.925768 77.770933 11.691195 -0.075992
-43.962920 77.770933 11.497631 -0.216871
-40.000072 77.770933 11.408455 -0.272053
-36.037224 77.770933 11.393296 -0.009077
-32.074376 77.770933 11.396155 -0.208471
-28.111528 77.770933 11.435434 -0.201075
-24.148680 77.770933 11.323376 -0.270399
-20.185832 77.770933 11.199976 -0.306862
-16.222984 77.770933 11.222148 -0.231464
-12.260136 77.770933 0.000000 0.000000
-8.297289 77.770933 0.000000 0.000000
-4.334441 77.770933 0.000000 0.000000
-0.371593 77.770933 10.949267 -0.166032
3.591255 77.770933 11.066265 -0.116359
7.554103 77.770933 11.022320 -0.350867
11.516951 77.770933 11.141390 -0.102787
15.479799 77.770933 11.089828 -0.129629
19.442647 77.770933 11.017532 -0.115817
23.405495 77.770933 10.940858 -0.122755
27.368343 77.770933 11.004674 0.086798
31.331191 77.770933 10.930736 -0.107233
35.294039 77.770933 10.810042 -0.147280
39.256887 77.770933 10.922107 -0.260429
43.219735 77.770933 10.850197 0.002744
47.182583 77.770933 10.988841 -0.182170
51.145431 77.770933 10.787215 0.064808
55.108279 77.770933 11.088710 -0.104561
59.071127 77.770933 11.123884 0.199202
63.033975 77.770933 11.159165 -0.156239
66.996822 77.770933 10.994260 0.153397
-131.145575 73.808085 14.931068 -5.918646
-127.182727 73.808085 11.603643 0.199026
-123.219879 73.808085 7.693990 -9.624236
-119.257031 73.808085 11.111884 0.586311
-115.294183 73.808085 11.167079 0.565293
-111.331335 73.808085 0.000000 0.000000
-107.368487 73.808085 0.000000 0.000000
-103.405639 73.808085 0.000000 0.000000
-99.442791 73.808085 0.000000 0.000000
-95.479943 73.808085 0.000000 0.000000
-91.517095 73.808085 11.347097 0.533354
-87.554247 73.808085 11.584742 0.428232
-83.591400 73.808085 11.690481 0.340857
-79.628552 73.808085 11.683113 0.325842
-75.665704 73.808085 11.683296 0.376398
-71.702856 73.808085 11.743890 0.167966
-67.740008 73.808085 11.647546 -0.004136
-63.777160 73.808085 11.712525 0.173240
-59.814312 73.808085 11.704212 0.103372
-55.851464 73.808085 11.627531 -0.086064
-51.888616 73.808085 11.608196 -0.117781
-47.925768 73.808085 11.398625 -0.095521
-43.962920 73.808085 11.466660 -0.104161
-40.000072 73.808085 11.335094 -0.075707
-36.037224 73.808085 11.627625 -0.177897
-32.074376 73.808085 11.348469 -0.273292
-28.111528 73.808085 11.524031 -0.301022
-24.148680 73.808085 11.267993 -0.292483
-20.185832 73.808085 11.275435 -0.326392
-16.222984 73.808085 11.038776 -0.342511
-12.260136 73.808085 0.000000 0.000000
-8.297289 73.808085 0.000000 0.000000
-4.334441 73.808085 0.000000 0.000000
-0.371593 73.808085 11.074330 -0.102451
3.591255 73.808085 10.915168 -0.336169
7.554103 73.808085 11.081530 -0.315220
11.516951 73.808085 11.055518 -0.097783
15.479799 73.808085 10.999258 -0.211878
19.442647 73.808085 11.025814 -0.324423
23.405495 73.808085 11.028748 -0.242103
27.368343 73.808085 10.964141 -0.214870
31.331191 73.808085 10.963385 -0.185163
35.294039 73.808085 11.031009 -0.095345
39.256887 73.808085 10.966781 -0.056435
43.219735 73.808085 10.876553 -0.131362
47.182583 73.808085 11.154459 -0.029745
51.145431 73.808085 10.883772 0.036990
55.108279 73.808085 10.866471 -0.350771
59.071127 73.808085 10.736991 0.061163
63.033975 73.808085 10.837173 -0.124703
66.996822 73.808085 10.875847 -0.196321
-131.145575 69.845237 13.101159 -14.780951
-127.182727 69.845237 11.519836 0.330221
-123.219879 69.845237 10.985185 1.054096
-119.257031 69.845237 11.226158 0.754617
-115.294183 69.845237 11.261078 0.706781
-111.331335 69.845237 0.000000 0.000000
-107.368487 69.845237 0.000000 0.000000
-103.405639 69.845237 0.000000 0.000000
-99.442791 69.845237 0.000000 0.000000
-95.479943 69.845237 0.000000 0.000000
-91.517095 69.845237 11.539381 0.538451
-87.554247 69.845237 11.879695 0.553436
-83.591400 69.845237 11.771271 0.295064
-79.628552 69.845237 11.665222 0.248374
-75.665704 69.845237 11.851293 0.618441
-71.702856 69.845237 11.755568 0.044530
-67.740008 69.845237 11.435524 0.131723
-63.777160 69.845237 11.744143 0.095256
-59.814312 69.845237 11.775221 0.057217
-55.851464 69.845237 11.727438 -0.156006
-51.888616 69.845237 11.733957 -0.275771
-47.925768 69.845237 11.673142 -0.061113
-43.962920 69.845237 11.574800 -0.068057
-40.000072 69.845237 11.722344 -0.163397
-36.037224 69.845237 11.594060 -0.253485
-32.074376 69.845237 11.312571 -0.283361
-28.111528 69.845237 11.337189 -0.229818
-24.148680 69.845237 11.369488 -0.306933
-20.185832 69.845237 11.279808 -0.069238
-16.222984 69.845237 11.285190 -0.240119
-12.260136 69.845237 0.000000 0.000000
-8.297289 69.845237 0.000000 0.000000
-4.334441 69.845237 0.000000 0.000000
-0.371593 69.845237 11.108425 -0.375411
3.591255 69.845237 10.929581 -0.301448
7.554103 69.845237 10.976770 -0.371757
11.516951 69.845237 10.828339 -0.057988
15.479799 69.845237 10.884078 -0.375520
19.442647 69.845237 10.926175 0.056768
23.405495 69.845237 11.009914 -0.186439
27.368343 69.845237 11.016022 -0.025470
31.331191 69.845237 10.949567 -0.082486
35.294039 69.845237 10.968260 0.041120
39.256887 69.845237 10.848431 -0.153068
43.219735 69.845237 10.855355 0.053407
47.182583 69.845237 11.038658 -0.114233
51.145431 69.845237 10.986330 -0.108028
55.108279 69.845237 10.937935 0.061799
59.071127 69.845237 10.890534 -0.107245
63.033975 69.845237 11.064846 -0.136281
66.996822 69.845237 11.041233 -0.279559
-131.145575 65.882389 11.084031 1.293402
-127.182727 65.882389 11.062077 0.572597
-123.219879 65.882389 10.911056 0.853359
-119.257031 65.882389 11.119001 0.795632
-115.294183 65.882389 11.019379 0.833478
-111.331335 65.882389 0.000000 0.000000
-107.368487 65.882389 0.000000 0.000000
-103.405639 65.882389 0.000000 0.000000
-99.442791 65.882389 0.000000 0.000000
-95.479943 65.882389 0.000000 0.000000
-91.517095 65.882389 11.750133 0.695028
-87.554247 65.882389 11.738234 0.494804
-83.591400 65.882389 11.817701 0.504105
-79.628552 65.882389 11.928898 0.195819
-75.665704 65.882389 12.072469 0.545728
-71.702856 65.882389 11.947379 0.163700
-67.740008 65.882389 11.957955 0.247567
-63.777160 65.882389 11.864973 0.031196
-59.814312 65.882389 11.729402 -0.107181
-55.851464 65.882389 11.857827 0.098901
-51.888616 65.882389 11.749790 0.108278
-47.925768 65.882389 11.632183 -0.147313
-43.962920 65.882389 11.639114 -0.262938
-40.000072 65.882389 11.566398 -0.283124
-36.037224 65.882389 11.662827 -0.222204
-32.074376 65.882389 11.359074 -0.311260
-28.111528 65.882389 11.472128 -0.306152
-24.148680 65.882389 11.275653 -0.277139
-20.185832 65.882389 11.277371 -0.505483
-16.222984 65.882389 11.274332 -0.353398
-12.260136 65.882389 0.000000 0.000000
-8.297289 65.882389 0.000000 0.000000
-4.334441 65.882389 11.033737 -0.381363
-0.371593 65.882389 10.979704 -0.341648
3.591255 65.882389 10.971509 -0.366867
7.554103 65.882389 10.997369 -0.234643
11.516951 65.882389 10.980984 -0.153893
15.479799 65.882389 10.943056 -0.065657
19.442647 65.882389 10.889125 -0.208012
23.405495 65.882389 11.067965 -0.223782
27.368343 65.882389 11.004686 -0.232509
31.331191 65.882389 10.866242 -0.080314
35.294039 65.882389 10.939237 0.154287
39.256887 65.882389 10.949099 -0.255824
43.219735 65.882389 10.967439 -0.257627
47.182583 65.882389 10.935254 -0.218840
51.145431 65.882389 10.933223 -0.194035
55.108279 65.882389 10.906507 0.232926
59.071127 65.882389 10.980439 0.154065
63.033975 65.882389 10.819994 -0.183892
66.996822 65.882389 10.902512 0.190147
-131.145575 61.919541 14.872483 -16.713402
-127.182727 61.919541 11.835052 -7.747211
-123.219879 61.919541 10.686677 0.542857
-119.257031 61.919541 11.088934 0.718143
-115.294183 61.919541 11.238376 0.697445
-111.331335 61.919541 0.000000 0.000000
-107.368487 61.919541 0.000000 0.000000
-103.405639 61.919541 0.000000 0.000000
-99.442791 61.919541 0.000000 0.000000
-95.479943 61.919541 0.000000 0.000000
-91.517095 61.919541 11.902058 0.734383
-87.554247 61.919541 11.811668 0.581411
-83.591400 61.919541 11.981923 0.399464
-79.628552 61.919541 12.074661 0.491634
-75.665704 61.919541 11.994254 0.304800
-71.702856 61.919541 11.915759 -0.291192
-67.740008 61.919541 11.801668 0.011273
-63.777160 61.919541 11.988214 -0.009266
-59.814312 61.919541 11.865931 -0.072372
-55.851464 61.919541 11.772119 0.121905
-51.888616 61.919541 11.733124 -0.240920
-47.925768 61.919541 11.789839 -0.379556
-43.962920 61.919541 11.699638 -0.199104
-40.000072 61.919541 11.696553 -0.291473
-36.037224 61.919541 11.373166 -0.358950
-32.074376 61.919541 11.623853 -0.389530
-28.111528 61.919541 11.574224 -0.417979
-24.148680 61.919541 11.246038 -0.391286
-20.185832 61.919541 11.219745 -0.469077
-16.222984 61.919541 11.334896 -0.551346
-12.260136 61.919541 0.000000 0.000000
-8.297289 61.919541 0.000000 0.000000
-4.334441 61.919541 11.013787 -0.411270
-0.371593 61.919541 11.040782 -0.311666
3.591255 61.919541 11.105321 -0.198412
7.554103 61.919541 10.824726 -0.187318
11.516951 61.919541 10.867953 -0.242986
15.479799 61.919541 10.968392 -0.152252
19.442647 61.919541 10.892507 -0.297414
23.405495 61.919541 10.937983 -0.217130
27.368343 61.919541 10.933188 -0.267945
31.331191 61.919541 10.874340 -0.241219
35.294039 61.919541 10.913442 -0.040782
39.256887 61.919541 11.003799 -0.195166
43.219735 61.919541 10.814878 -0.243972
47.182583 61.919541 10.830669 -0.083393
51.145431 61.919541 10.994763 -0.242523
55.108279 61.919541 10.875871 -0.150952
59.071127 61.919541 11.030187 0.062496
63.033975 61.919541 10.694489 0.486491
66.996822 61.919541 10.681025 0.412361
-131.145575 57.956694 2.915101 -12.205410
-127.182727 57.956694 10.417735 14.133661
-123.219879 57.956694 6.710094 3.080621
-119.257031 57.956694 10.899409 0.942524
-115.294183 57.956694 10.901535 0.832789
-111.331335 57.956694 0.000000 0.000000
-107.368487 57.956694 0.000000 0.000000
-103.405639 57.956694 0.000000 0.000000
-99.442791 57.956694 0.000000 0.000000
-95.479943 57.956694 11.908656 0.715753
-91.517095 57.956694 11.903715 0.667058
-87.554247 57.956694 12.148624 0.783520
-83.591400 57.956694 11.952691 0.550465
-79.628552 57.956694 12.031287 0.567985
-75.665704 57.956694 12.052784 0.267196
-71.702856 57.956694 12.172542 0.300780
-67.740008 57.956694 11.862380 0.283413
-63.777160 57.956694 11.915516 -0.059516
-59.814312 57.956694 11.913513 -0.011694
-55.851464 57.956694 11.865472 -0.150548
-51.888616 57.956694 11.796577 -0.141183
-47.925768 57.956694 11.725797 -0.367101
-43.962920 57.956694 11.854665 -0.393381
-40.000072 57.956694 11.668023 -0.528673
-36.037224 57.956694 11.640071 -0.271420
-32.074376 57.956694 11.566475 -0.485516
-28.111528 57.956694 11.494936 -0.613142
-24.148680 57.956694 11.468370 -0.507550
-20.185832 57.956694 11.536518 -0.604836
-16.222984 57.956694 11.230940 -0.717621
-12.260136 57.956694 0.000000 0.000000
-8.297289 57.956694 0.000000 0.000000
-4.334441 57.956694 10.992804 -0.524522
-0.371593 57.956694 10.984613 -0.320880
3.591255 57.956694 10.876538 -0.460814
7.554103 57.956694 11.004062 -0.286104
11.516951 57.956694 10.818023 -0.423068
15.479799 57.956694 10.829339 -0.090067
19.442647 57.956694 10.961926 -0.185381
23.405495 57.956694 10.804339 -0.106964
27.368343 57.956694 10.971921 -0.243844
31.331191 57.956694 10.809321 -0.189256
35.294039 57.956694 10.887220 -0.218818
39.256887 57.956694 10.931066 -0.082922
43.219735 57.956694 10.908057 -0.055320
47.182583 57.956694 10.860211 -0.184163
51.145431 57.956694 10.800613 -0.048176
55.108279 57.956694 10.858706 -0.294919
59.071127 57.956694 10.893594 -0.210134
63.033975 57.956694 10.975932 -0.477265
66.996822 57.956694 10.741345 0.142197
-131.145575 53.993846 13.385114 -5.613249
-127.182727 53.993846 10.797463 0.834059
-123.219879 53.993846 10.029036 -0.129118
-119.257031 53.993846 10.804458 1.004077
-115.294183 53.993846 10.870969 1.029281
-111.331335 53.993846 0.000000 0.000000
-107.368487 53.993846 0.000000 0.000000
-103.405639 53.993846 0.000000 0.000000
-99.442791 53.993846 0.000000 0.000000
-95.479943 53.993846 12.132460 0.795084
-91.517095 53.993846 11.968413 0.988445
-87.554247 53.993846 12.143025 0.779209
-83.591400 53.993846 12.320535 0.609939
-79.628552 53.993846 12.180137 0.373608
-75.665704 53.993846 12.268385 0.454939
-71.702856 53.993846 12.183115 -0.016009
-67.740008 53.993846 12.201736 -0.188196
-63.777160 53.993846 12.089810 0.020564
-59.814312 53.993846 11.901158 -0.100418
-55.851464 53.993846 11.897641 -0.255907
-51.888616 53.993846 11.970592 -0.209954
-47.925768 53.993846 11.848304 -0.239152
-43.962920 53.993846 11.955929 -0.173336
-40.000072 53.993846 11.768954 -0.436537
-36.037224 53.993846 11.548921 -0.483063
-32.074376 53.993846 11.356441 -0.506108
-28.111528 53.993846 11.477583 -0.382180
-24.148680 53.993846 11.496826 -0.654325
-20.185832 53.993846 11.404827 -0.593301
-16.222984 53.993846 11.311394 -0.441763
-12.260136 53.993846 10.999837 -0.509633
-8.297289 53.993846 0.000000 0.000000
-4.334441 53.993846 11.043569 -0.604286
-0.371593 53.993846 10.933220 -0.537421
3.591255 53.993846 10.828203 -0.335577
7.554103 53.993846 10.826943 -0.366337
11.516951 53.993846 10.517423 -0.183061
15.479799 53.993846 10.729666 -0.291831
19.442647 53.993846 10.863581 0.002246
23.405495 53.993846 10.894625 -0.093575
27.368343 53.993846 10.950842 -0.251027
31.331191 53.993846 10.918937 -0.193523
35.294039 53.993846 10.826675 -0.152383
39.256887 53.993846 11.006607 -0.173461
43.219735 53.993846 10.835143 -0.111309
47.182583 53.993846 10.804396 -0.200518
51.145431 53.993846 10.687673 0.203810
55.108279 53.993846 10.947050 -0.120965
59.071127 53.993846 10.884319 -0.053357
63.033975 53.993846 11.124528 0.120525
66.996822 53.993846 10.910685 -0.286158
-131.145575 50.030998 6.050182 -16.816267
-127.182727 50.030998 3.059332 5.731311
-123.219879 50.030998 10.559645 2.055967
-119.257031 50.030998 10.603208 1.056673
-115.294183 50.030998 10.859645 1.126302
-111.331335 50.030998 0.000000 0.000000
-107.368487 50.030998 0.000000 0.000000
-103.405639 50.030998 0.000000 0.000000
-99.442791 50.030998 0.000000 0.000000
-95.479943 50.030998 12.183718 1.291877
-91.517095 50.030998 12.139793 0.979413
-87.554247 50.030998 12.718813 0.758317
-83.591400 50.030998 12.388791 0.574163
-79.628552 50.030998 12.591152 0.277569
-75.665704 50.030998 12.446540 0.224965
-71.702856 50.030998 12.391249 0.075759
-67.740008 50.030998 12.260612 0.080218
-63.777160 50.030998 12.312215 -0.103548
-59.814312 50.030998 12.208792 -0.273861
-55.851464 50.030998 12.007734 -0.370909
-51.888616 50.030998 11.882242 -0.396434
-47.925768 50.030998 11.786946 -0.382456
-43.962920 50.030998 11.947579 -0.595216
-40.000072 50.030998 11.819034 -0.592962
-36.037224 50.030998 11.564879 -0.584525
-32.074376 50.030998 11.774792 -0.568644
-28.111528 50.030998 11.532319 -0.666830
-24.148680 50.030998 11.624908 -0.748505
-20.185832 50.030998 11.464719 -0.678944
-16.222984 50.030998 11.213881 -0.709951
-12.260136 50.030998 11.044894 -0.805312
-8.297289 50.030998 0.000000 0.000000
-4.334441 50.030998 10.741238 -0.626127
-0.371593 50.030998 10.774651 -0.541072
3.591255 50.030998 10.738143 -0.578162
7.554103 50.030998 10.807210 -0.504203
11.516951 50.030998 10.730319 -0.335604
15.479799 50.030998 10.613707 -0.191288
19.442647 50.030998 10.789963 0.029791
23.405495 50.030998 10.655818 -0.351432
27.368343 50.030998 10.953146 -0.246445
31.331191 50.030998 10.696223 -0.161187
35.294039 50.030998 10.919301 -0.330335
39.256887 50.030998 10.943278 0.020375
43.219735 50.030998 10.776680 -0.240018
47.182583 50.030998 10.741705 -0.015741
51.145431 50.030998 10.773414 -0.482557
55.108279 50.030998 10.704286 0.317372
59.071127 50.030998 10.786737 -0.299092
63.033975 50.030998 10.848917 0.036366
66.996822 50.030998 10.769953 0.109362
-131.145575 46.068150 -9.769258 -9.807207
-127.182727 46.068150 17.479639 7.853448
-123.219879 46.068150 10.671837 0.846896
-119.257031 46.068150 10.533287 0.958755
-115.294183 46.068150 10.391027 1.342604
-111.331335 46.068150 10.829727 1.617376
-107.368487 46.068150 0.000000 0.000000
-103.405639 46.068150 0.000000 0.000000
-99.442791 46.068150 0.000000 0.000000
-95.479943 46.068150 12.355906 1.092609
-91.517095 46.068150 12.506960 1.101991
-87.554247 46.068150 12.625886 0.798112
-83.591400 46.068150 12.545220 0.655811
-79.628552 46.068150 12.543509 0.296997
-75.665704 46.068150 12.435826 0.232188
-71.702856 46.068150 12.460356 0.184516
-67.740008 46.068150 12.236476 -0.153039
-63.777160 46.068150 12.233053 -0.076793
-59.814312 46.068150 12.246753 -0.345786
-55.851464 46.068150 12.135932 -0.460855
-51.888616 46.068150 12.140461 -0.432835
-47.925768 46.068150 11.874807 -0.541863
-43.962920 46.068150 11.839825 -0.575185
-40.000072 46.068150 11.860362 -0.637942
-36.037224 46.068150 11.770198 -0.613470
-32.074376 46.068150 11.660583 -0.705824
-28.111528 46.068150 11.486561 -0.675906
-24.148680 46.068150 11.672870 -0.695864
-20.185832 46.068150 11.428953 -0.748600
-16.222984 46.068150 11.206664 -0.756351
-12.260136 46.068150 11.093795 -0.861507
-8.297289 46.068150 0.000000 0.000000
-4.334441 46.068150 10.776569 -0.727374
-0.371593 46.068150 10.826775 -0.498711
3.591255 46.068150 10.862432 -0.583306
7.554103 46.068150 10.813246 -0.574073
11.516951 46.068150 10.539180 -0.164851
15.479799 46.068150 10.725258 -0.171228
19.442647 46.068150 10.822923 -0.148590
23.405495 46.068150 10.914980 -0.288950
27.368343 46.068150 10.674004 -0.603557
31.331191 46.068150 10.691276 -0.351337
35.294039 46.068150 10.547873 0.240597
39.256887 46.068150 10.850792 -0.048625
43.219735 46.068150 10.690441 -0.447888
47.182583 46.068150 10.984684 -0.481237
51.145431 46.068150 11.004768 -0.113853
55.108279 46.068150 10.818100 0.301139
59.071127 46.068150 10.557828 -0.191267
63.033975 46.068150 10.957831 -0.273935
66.996822 46.068150 10.580622 -0.585027
-131.145575 42.105302 -13.433078 -10.513345
-127.182727 42.105302 10.219649 0.925012
-123.219879 42.105302 10.092765 0.907824
-119.257031 42.105302 15.385303 -10.663131
-115.294183 42.105302 9.968432 1.699177
-111.331335 42.105302 10.334452 1.756613
-107.368487 42.105302 0.000000 0.000000
-103.405639 42.105302 0.000000 0.000000
-99.442791 42.105302 12.594315 2.361882
-95.479943 42.105302 12.738107 1.617863
-91.517095 42.105302 13.062219 1.034010
-87.554247 42.105302 13.104369 0.916638
-83.591400 42.105302 12.424843 0.406630
-79.628552 42.105302 12.566852 0.227946
-75.665704 42.105302 12.828074 0.045733
-71.702856 42.105302 12.360468 -0.129362
-67.740008 42.105302 12.515289 -0.221552
-63.777160 42.105302 12.278703 -0.289055
-59.814312 42.105302 12.149934 -0.441791
-55.851464 42.105302 12.087884 -0.563652
-51.888616 42.105302 11.996421 -0.857889
-47.925768 42.105302 12.062388 -0.655999
-43.962920 42.105302 11.825884 -0.555057
-40.000072 42.105302 11.818894 -0.803026
-36.037224 42.105302 11.688930 -0.732037
-32.074376 42.105302 11.709127 -0.666177
-28.111528 42.105302 11.850355 -0.689179
-24.148680 42.105302 11.605692 -0.753370
-20.185832 42.105302 11.502473 -0.906906
-16.222984 42.105302 11.211656 -1.016598
-12.260136 42.105302 10.985710 -1.135240
-8.297289 42.105302 0.000000 0.000000
-4.334441 42.105302 10.332316 -0.636679
-0.371593 42.105302 10.784463 -0.427842
3.591255 42.105302 10.889855 -0.733049
7.554103 42.105302 10.477357 -0.995160
11.516951 42.105302 10.440003 -0.781158
15.479799 42.105302 10.856893 -0.681973
19.442647 42.105302 11.065277 -0.773312
23.405495 42.105302 10.612641 -0.367569
27.368343 42.105302 10.945942 -0.335986
31.331191 42.105302 10.349644 -0.464585
35.294039 42.105302 9.856005 -0.416023
39.256887 42.105302 8.839710 -0.355725
43.219735 42.105302 9.865679 -0.193712
47.182583 42.105302 10.850879 0.350379
51.145431 42.105302 11.410306 -0.653926
55.108279 42.105302 10.240778 -0.590903
59.071127 42.105302 11.148481 -0.962664
63.033975 42.105302 11.361344 -0.815787
66.996822 42.105302 9.555855 0.656599
-131.145575 38.142454 1.013007 12.545678
-127.182727 38.142454 -7.830009 -13.816511
-123.219879 38.142454 9.469800 0.950625
-119.257031 38.142454 9.505546 1.026344
-115.294183 38.142454 9.474509 1.155574
-111.331335 38.142454 9.443328 2.266919
-107.368487 38.142454 0.000000 0.000000
-103.405639 38.142454 0.000000 0.000000
-99.442791 38.142454 0.000000 0.000000
-95.479943 38.142454 0.000000 0.000000
-91.517095 38.142454 0.000000 0.000000
-87.554247 38.142454 0.000000 0.000000
-83.591400 38.142454 0.000000 0.000000
-79.628552 38.142454 0.000000 0.000000
-75.665704 38.142454 0.000000 0.000000
-71.702856 38.142454 0.000000 0.000000
-67.740008 38.142454 0.000000 0.000000
-63.777160 38.142454 0.000000 0.000000
-59.814312 38.142454 0.000000 0.000000
-55.851464 38.142454 0.000000 0.000000
-51.888616 38.142454 0.000000 0.000000
-47.925768 38.142454 0.000000 0.000000
-43.962920 38.142454 0.000000 0.000000
-40.000072 38.142454 0.000000 0.000000
-36.037224 38.142454 0.000000 0.000000
-32.074376 38.142454 0.000000 0.000000
-28.111528 38.142454 0.000000 0.000000
-24.148680 38.142454 11.604611 -0.582970
-20.185832 38.142454 11.638876 -1.301339
-16.222984 38.142454 11.119923 -0.883214
-12.260136 38.142454 11.640115 -1.469545
-8.297289 38.142454 0.000000 0.000000
-4.334441 38.142454 9.360623 -0.538366
-0.371593 38.142454 11.884079 0.328048
3.591255 38.142454 10.939571 -1.173306
7.554103 38.142454 10.629287 -1.132832
11.516951 38.142454 10.108499 -1.497147
15.479799 38.142454 10.772040 -1.584015
19.442647 38.142454 9.389377 0.363755
23.405495 38.142454 9.913308 2.407236
27.368343 38.142454 11.646998 -0.109871
31.331191 38.142454 9.874503 -1.635035
35.294039 38.142454 9.657504 -0.809333
39.256887 38.142454 9.365072 -0.021673
43.219735 38.142454 9.361997 1.535353
47.182583 38.142454 10.230136 1.044139
51.145431 38.142454 11.929840 -0.721472
55.108279 38.142454 10.884550 -1.483291
59.071127 38.142454 11.084682 -1.503399
63.033975 38.142454 10.495793 -2.095318
66.996822 38.142454 8.575066 2.566885
-131.145575 34.179606 -2.746809 -13.102793
-127.182727 34.179606 -11.382938 8.526534
-123.219879 34.179606 9.736430 0.641161
-119.257031 34.179606 9.260726 -0.125469
-115.294183 34.179606 0.000000 0.000000
-111.331335 34.179606 0.000000 0.000000
-107.368487 34.179606 0.000000 0.000000
-103.405639 34.179606 0.000000 0.000000
-99.442791 34.179606 0.000000 0.000000
-95.479943 34.179606 0.000000 0.000000
-91.517095 34.179606 0.000000 0.000000
-87.554247 34.179606 0.000000 0.000000
-83.591400 34.179606 0.000000 0.000000
-79.628552 34.179606 0.000000 0.000000
-75.665704 34.179606 0.000000 0.000000
-71.702856 34.179606 0.000000 0.000000
-67.740008 34.179606 0.000000 0.000000
-63.777160 34.179606 0.000000 0.000000
-59.814312 34.179606 0.000000 0.000000
-55.851464 34.179606 0.000000 0.000000
-51.888616 34.179606 0.000000 0.000000
-47.925768 34.179606 0.000000 0.000000
-43.962920 34.179606 0.000000 0.000000
-40.000072 34.179606 0.000000 0.000000
-36.037224 34.179606 0.000000 0.000000
-32.074376 34.179606 0.000000 0.000000
-28.111528 34.179606 0.000000 0.000000
-24.148680 34.179606 0.000000 0.000000
-20.185832 34.179606 0.000000 0.000000
-16.222984 34.179606 0.000000 0.000000
-12.260136 34.179606 0.000000 0.000000
-8.297289 34.179606 0.000000 0.000000
-4.334441 34.179606 0.000000 0.000000
-0.371593 34.179606 10.974185 2.197595
3.591255 34.179606 -16.959608 8.618887
7.554103 34.179606 10.365710 -1.924625
11.516951 34.179606 10.274055 -1.856418
15.479799 34.179606 9.728893 -1.619939
19.442647 34.179606 8.314579 2.215459
23.405495 34.179606 9.128165 2.243036
27.368343 34.179606 9.071438 -0.218947
31.331191 34.179606 10.412261 -1.632027
35.294039 34.179606 11.710303 -1.509656
39.256887 34.179606 10.836473 -1.267618
43.219735 34.179606 10.477232 3.139737
47.182583 34.179606 10.122150 1.705487
51.145431 34.179606 10.647200 0.610999
55.108279 34.179606 10.203084 -1.549816
59.071127 34.179606 10.772901 -1.674476
63.033975 34.179606 11.741925 -0.821133
66.996822 34.179606 11.028246 1.509949
-131.145575 30.216758 5.569339 -13.090446
-127.182727 30.216758 -8.009088 -0.044027
-123.219879 30.216758 0.000000 0.000000
-119.257031 30.216758 0.000000 0.000000
-115.294183 30.216758 0.000000 0.000000
-111.331335 30.216758 0.000000 0.000000
-107.368487 30.216758 0.000000 0.000000
-103.405639 30.216758 0.000000 0.000000
-99.442791 30.216758 0.000000 0.000000
-95.479943 30.216758 0.000000 0.000000
-91.517095 30.216758 0.000000 0.000000
-87.554247 30.216758 0.000000 0.000000
-83.591400 30.216758 0.000000 0.000000
-79.628552 30.216758 0.000000 0.000000
-75.665704 30.216758 0.000000 0.000000
-71.702856 30.216758 0.000000 0.000000
-67.740008 30.216758 0.000000 0.000000
-63.777160 30.216758 0.000000 0.000000
-59.814312 30.216758 0.000000 0.000000
-55.851464 30.216758 0.000000 0.000000
-51.888616 30.216758 0.000000 0.000000
-47.925768 30.216758 0.000000 0.000000
-43.962920 30.216758 0.000000 0.000000
-40.000072 30.216758 0.000000 0.000000
-36.037224 30.216758 0.000000 0.000000
-32.074376 30.216758 0.000000 0.000000
-28.111528 30.216758 0.000000 0.000000
-24.148680 30.216758 0.000000 0.000000
-20.185832 30.216758 0.000000 0.000000
-16.222984 30.216758 0.000000 0.000000
-12.260136 30.216758 0.000000 0.000000
-8.297289 30.216758 0.000000 0.000000
-4.334441 30.216758 0.000000 0.000000
-0.371593 30.216758 0.000000 0.000000
3.591255 30.216758 0.000000 0.000000
7.554103 30.216758 9.084012 -0.281103
11.516951 30.216758 9.537863 -1.803694
15.479799 30.216758 10.934430 -1.677045
19.442647 30.216758 11.185071 1.661692
23.405495 30.216758 10.413493 1.523868
27.368343 30.216758 9.556582 0.195849
31.331191 30.216758 10.612289 -1.510187
35.294039 30.216758 11.163871 -1.434924
39.256887 30.216758 11.425276 0.712375
43.219735 30.216758 10.930470 1.479478
47.182583 30.216758 10.502889 1.554975
51.145431 30.216758 10.076640 0.481043
55.108279 30.216758 10.731288 -0.729789
59.071127 30.216758 10.978089 -1.027089
63.033975 30.216758 12.099707 -0.258910
66.996822 30.216758 11.771603 0.542042
-131.145575 26.253910 8.617122 -1.557753
-127.182727 26.253910 14.408543 1.311592
-123.219879 26.253910 0.000000 0.000000
-119.257031 26.253910 0.000000 0.000000
-115.294183 26.253910 0.000000 0.000000
-111.331335 26.253910 0.000000 0.000000
-107.368487 26.253910 0.000000 0.000000
-103.405639 26.253910 0.000000 0.000000
-99.442791 26.253910 0.000000 0.000000
-95.479943 26.253910 0.000000 0.000000
-91.517095 26.253910 0.000000 0.000000
-87.554247 26.253910 0.000000 0.000000
-83.591400 26.253910 0.000000 0.000000
-79.628552 26.253910 0.000000 0.000000
-75.665704 26.253910 0.000000 0.000000
-71.702856 26.253910 0.000000 0.000000
-67.740008 26.253910 0.000000 0.000000
-63.777160 26.253910 0.000000 0.000000
-59.814312 26.253910 0.000000 0.000000
-55.851464 26.253910 0.000000 0.000000
-51.888616 26.253910 0.000000 0.000000
-47.925768 26.253910 0.000000 0.000000
-43.962920 26.253910 0.000000 0.000000
-40.000072 26.253910 0.000000 0.000000
-36.037224 26.253910 0.000000 0.000000
-32.074376 26.253910 0.000000 0.000000
-28.111528 26.253910 0.000000 0.000000
-24.148680 26.253910 0.000000 0.000000
-20.185832 26.253910 0.000000 0.000000
-16.222984 26.253910 0.000000 0.000000
-12.260136 26.253910 0.000000 0.000000
-8.297289 26.253910 0.000000 0.000000
-4.334441 26.253910 0.000000 0.000000
-0.371593 26.253910 0.000000 0.000000
3.591255 26.253910 0.000000 0.000000
7.554103 26.253910 0.000000 0.000000
11.516951 26.253910 9.978505 -0.385669
15.479799 26.253910 11.596806 -0.021740
19.442647 26.253910 11.084328 0.760912
23.405495 26.253910 10.389670 0.455995
27.368343 26.253910 10.014873 0.306738
31.331191 26.253910 10.199382 -0.316565
35.294039 26.253910 10.945390 -0.463613
39.256887 26.253910 11.103287 0.490844
43.219735 26.253910 10.936802 0.698466
47.182583 26.253910 10.756528 0.809435
51.145431 26.253910 10.242879 0.734043
55.108279 26.253910 10.671673 -0.096857
59.071127 26.253910 11.020163 -0.179195
63.033975 26.253910 11.140299 -0.146005
66.996822 26.253910 10.925512 -0.216571
-131.145575 22.291062 -15.866200 4.488207
-127.182727 22.291062 -3.608779 0.705397
-123.219879 22.291062 0.000000 0.000000
-119.257031 22.291062 0.000000 0.000000
-115.294183 22.291062 0.000000 0.000000
-111.331335 22.291062 0.000000 0.000000
-107.368487 22.291062 0.000000 0.000000
-103.405639 22.291062 0.000000 0.000000
-99.442791 22.291062 0.000000 0.000000
-95.479943 22.291062 0.000000 0.000000
-91.517095 22.291062 0.000000 0.000000
-87.554247 22.291062 0.000000 0.000000
-83.591400 22.291062 0.000000 0.000000
-79.628552 22.291062 0.000000 0.000000
-75.665704 22.291062 0.000000 0.000000
-71.702856 22.291062 0.000000 0.000000
-67.740008 22.291062 0.000000 0.000000
-63.777160 22.291062 0.000000 0.000000
-59.814312 22.291062 0.000000 0.000000
-55.851464 22.291062 0.000000 0.000000
-51.888616 22.291062 0.000000 0.000000
-47.925768 22.291062 0.000000 0.000000
-43.962920 22.291062 0.000000 0.000000
-40.000072 22.291062 0.000000 0.000000
-36.037224 22.291062 0.000000 0.000000
-32.074376 22.291062 0.000000 0.000000
-28.111528 22.291062 0.000000 0.000000
-24.148680 22.291062 0.000000 0.000000
-20.185832 22.291062 0.000000 0.000000
-16.222984 22.291062 0.000000 0.000000
-12.260136 22.291062 0.000000 0.000000
-8.297289 22.291062 0.000000 0.000000
-4.334441 22.291062 10.720485 0.970340
-0.371593 22.291062 10.594926 0.579446
3.591255 22.291062 10.474848 0.565921
7.554103 22.291062 10.506309 0.284787
11.516951 22.291062 10.624160 0.228039
15.479799 22.291062 10.725081 0.204931
19.442647 22.291062 10.850508 -0.262714
23.405495 22.291062 10.795335 0.383733
27.368343 22.291062 10.671905 0.285360
31.331191 22.291062 10.537302 -0.035717
35.294039 22.291062 10.781840 -0.333090
39.256887 22.291062 10.995643 0.129241
43.219735 22.291062 10.960588 0.166146
47.182583 22.291062 10.998024 0.133077
51.145431 22.291062 10.821636 0.427332
55.108279 22.291062 10.749671 0.019666
59.071127 22.291062 10.880111 -0.429982
63.033975 22.291062 10.797194 -0.631982
66.996822 22.291062 11.065301 -0.184993
-131.145575 18.328214 0.185087 0.443926
-127.182727 18.328214 8.023520 -11.586976
-123.219879 18.328214 6.528258 -9.380913
-119.257031 18.328214 15.077044 -5.610436
-115.294183 18.328214 10.400270 -0.501607
-111.331335 18.328214 10.399737 0.522427
-107.368487 18.328214 0.000000 0.000000
-103.405639 18.328214 0.000000 0.000000
-99.442791 18.328214 0.000000 0.000000
-95.479943 18.328214 0.000000 0.000000
-91.517095 18.328214 0.000000 0.000000
-87.554247 18.328214 0.000000 0.000000
-83.591400 18.328214 0.000000 0.000000
-79.628552 18.328214 0.000000 0.000000
-75.665704 18.328214 0.000000 0.000000
-71.702856 18.328214 0.000000 0.000000
-67.740008 18.328214 0.000000 0.000000
-63.777160 18.328214 0.000000 0.000000
-59.814312 18.328214 0.000000 0.000000
-55.851464 18.328214 0.000000 0.000000
-51.888616 18.328214 12.009770 0.239017
-47.925768 18.328214 11.808841 0.690690
-43.962920 18.328214 11.920548 0.427715
-40.000072 18.328214 11.647456 0.693888
-36.037224 18.328214 11.565287 0.573242
-32.074376 18.328214 11.109356 0.640219
-28.111528 18.328214 11.231280 0.588717
-24.148680 18.328214 11.183697 0.765878
-20.185832 18.328214 11.259468 0.695521
-16.222984 18.328214 11.267745 0.827270
-12.260136 18.328214 11.215009 0.624215
-8.297289 18.328214 10.971941 0.702890
-4.334441 18.328214 10.842617 0.802659
-0.371593 18.328214 10.959145 0.529367
3.591255 18.328214 10.790613 0.764092
7.554103 18.328214 10.818722 0.313096
11.516951 18.328214 10.703730 0.462121
15.479799 18.328214 10.583822 0.181718
19.442647 18.328214 10.739718 0.044294
23.405495 18.328214 10.422239 0.336645
27.368343 18.328214 10.885830 0.206051
31.331191 18.328214 10.873726 0.116632
35.294039 18.328214 10.681717 0.091825
39.256887 18.328214 11.016702 0.026485
43.219735 18.328214 10.692442 0.230592
47.182583 18.328214 10.757150 0.371787
51.145431 18.328214 11.049591 0.026308
55.108279 18.328214 10.710399 0.224170
59.071127 18.328214 11.026791 -0.090860
63.033975 18.328214 10.467854 0.522980
66.996822 18.328214 10.672334 0.358406
-131.145575 14.365366 -10.693823 -13.776052
-127.182727 14.365366 8.232883 -17.050877
-123.219879 14.365366 10.471122 0.289999
-119.257031 14.365366 14.304194 -13.617035
-115.294183 14.365366 -0.607331 -1.220991
-111.331335 14.365366 10.795393 -0.705127
-107.368487 14.365366 10.801038 -0.814379
-103.405639 14.365366 10.975312 -0.945519
-99.442791 14.365366 11.532736 -0.821905
-95.479943 14.365366 12.014883 -0.599298
-91.517095 14.365366 11.699356 -0.574972
-87.554247 14.365366 11.921113 -0.213546
-83.591400 14.365366 12.069731 -0.448029
-79.628552 14.365366 11.653260 0.121318
-75.665704 14.365366 12.019947 -0.207531
-71.702856 14.365366 12.032340 0.123577
-67.740008 14.365366 12.012012 0.108387
-63.777160 14.365366 11.970043 0.253237
-59.814312 14.365366 11.845190 0.442567
-55.851464 14.365366 11.665934 0.525583
-51.888616 14.365366 12.031314 0.594195
-47.925768 14.365366 11.578921 0.496483
-43.962920 14.365366 11.305349 0.666728
-40.000072 14.365366 11.638242 0.481907
-36.037224 14.365366 11.816031 0.657679
-32.074376 14.365366 11.464714 0.544681
-28.111528 14.365366 11.423507 0.623318
-24.148680 14.365366 11.075861 0.697119
-20.185832 14.365366 11.230550 0.719555
-16.222984 14.365366 10.904445 0.785009
-12.260136 14.365366 10.992153 0.525949
-8.297289 14.365366 10.857907 0.710386
-4.334441 14.365366 10.995805 0.622698
-0.371593 14.365366 10.899881 0.640206
3.591255 14.365366 10.827642 0.023884
7.554103 14.365366 10.887151 0.518592
11.516951 14.365366 10.279296 0.125348
15.479799 14.365366 10.966858 0.228780
19.442647 14.365366 10.650357 0.437228
23.405495 14.365366 10.591031 0.483419
27.368343 14.365366 10.683095 0.447404
31.331191 14.365366 10.901115 -0.007710
35.294039 14.365366 10.791836 0.095253
39.256887 14.365366 10.465940 0.766491
43.219735 14.365366 10.457400 0.444459
47.182583 14.365366 10.602075 0.383515
51.145431 14.365366 10.862885 -0.400095
55.108279 14.365366 11.468443 0.454345
59.071127 14.365366 10.734635 0.064511
63.033975 14.365366 -4.569384 -14.632184
66.996822 14.365366 10.865417 -0.419494
-131.145575 10.402518 -4.945862 3.523840
-127.182727 10.402518 10.206632 -0.460844
-123.219879 10.402518 -12.830961 -7.572333
-119.257031 10.402518 -10.208726 2.232997
-115.294183 10.402518 10.911347 -0.642301
-111.331335 10.402518 10.129444 -2.544134
-107.368487 10.402518 11.148035 -0.554688
-103.405639 10.402518 11.986978 0.039980
-99.442791 10.402518 11.086063 -0.229710
-95.479943 10.402518 11.152865 -0.951721
-91.517095 10.402518 11.676550 -0.447324
-87.554247 10.402518 11.956601 -0.485563
-83.591400 10.402518 11.723135 -0.349685
-79.628552 10.402518 11.996901 -0.281073
-75.665704 10.402518 11.966748 -0.008031
-71.702856 10.402518 12.080762 0.057214
-67.740008 10.402518 11.873790 0.285215
-63.777160 10.402518 11.985054 0.201695
-59.814312 10.402518 11.828393 0.396205
-55.851464 10.402518 11.746635 0.513114
-51.888616 10.402518 12.018928 0.507535
-47.925768 10.402518 11.409110 0.258229
-43.962920 10.402518 11.764825 0.459754
-40.000072 10.402518 11.459498 0.783547
-36.037224 10.402518 11.413060 0.658343
-32.074376 10.402518 11.512495 0.615703
-28.111528 10.402518 11.043843 0.770101
-24.148680 10.402518 11.058454 0.687609
-20.185832 10.402518 11.056786 0.673066
-16.222984 10.402518 11.070298 0.557088
-12.260136 10.402518 11.062074 0.444163
-8.297289 10.402518 10.929648 0.491217
-4.334441 10.402518 10.987738 0.523112
-0.371593 10.402518 10.725863 0.426122
3.591255 10.402518 10.436788 0.059761
7.554103 10.402518 10.587770 0.359069
11.516951 10.402518 10.835716 0.578823
15.479799 10.402518 11.167071 -0.066578
19.442647 10.402518 10.621338 0.456931
23.405495 10.402518 10.586840 0.102623
27.368343 10.402518 10.617137 0.118814
31.331191 10.402518 10.667407 0.399588
35.294039 10.402518 10.661488 0.388486
39.256887 10.402518 10.644878 0.430968
43.219735 10.402518 10.755846 0.534906
47.182583 10.402518 10.853077 0.242007
51.145431 10.402518 11.020837 -0.065857
55.108279 10.402518 10.807967 0.165986
59.071127 10.402518 10.880436 0.353706
63.033975 10.402518 10.898479 0.316302
66.996822 10.402518 10.917112 -0.044708
-131.145575 6.439670 -0.469260 11.033569
-127.182727 6.439670 17.392683 1.080538
-123.219879 6.439670 5.942524 0.496091
-119.257031 6.439670 10.369473 -14.984118
-115.294183 6.439670 -14.059630 4.702485
-111.331335 6.439670 11.011693 -0.132092
-107.368487 6.439670 10.992676 -0.917218
-103.405639 6.439670 11.627454 -1.004053
-99.442791 6.439670 11.391686 0.209185
-95.479943 6.439670 11.452725 -1.124654
-91.517095 6.439670 11.437662 -0.037940
-87.554247 6.439670 11.601336 0.028193
-83.591400 6.439670 11.653767 -0.418018
-79.628552 6.439670 11.819819 -0.293781
-75.665704 6.439670 11.474820 -0.055374
-71.702856 6.439670 11.650713 -0.179160
-67.740008 6.439670 11.093957 0.291540
-63.777160 6.439670 11.782690 0.215112
-59.814312 6.439670 11.746428 0.198383
-55.851464 6.439670 11.800309 0.350662
-51.888616 6.439670 11.681756 0.249277
-47.925768 6.439670 11.748105 0.576934
-43.962920 6.439670 11.529610 0.238955
-40.000072 6.439670 11.484399 0.547892
-36.037224 6.439670 11.607494 0.405804
-32.074376 6.439670 11.267550 0.927110
-28.111528 6.439670 11.295732 0.608962
-24.148680 6.439670 10.995062 0.629362
-20.185832 6.439670 11.260714 0.512761
-16.222984 6.439670 10.973317 0.582843
-12.260136 6.439670 11.183223 0.564676
-8.297289 6.439670 10.916224 0.427819
-4.334441 6.439670 11.207999 0.384036
-0.371593 6.439670 11.045012 0.464328
3.591255 6.439670 10.705371 0.461725
7.554103 6.439670 10.862720 0.549054
11.516951 6.439670 10.873767 -0.162039
15.479799 6.439670 11.086707 0.338922
19.442647 6.439670 10.815856 0.312985
23.405495 6.439670 10.508410 0.475468
27.368343 6.439670 10.662596 -0.153629
31.331191 6.439670 10.611925 0.059221
35.294039 6.439670 10.727711 -0.249820
39.256887 6.439670 11.022457 0.194897
43.219735 6.439670 10.418297 -1.537451
47.182583 6.439670 11.317820 0.168350
51.145431 6.439670 10.626151 0.545977
55.108279 6.439670 10.904955 -0.049777
59.071127 6.439670 11.003018 0.306919
63.033975 6.439670 10.479085 0.293856
66.996822 6.439670 11.228243 0.309129
-131.145575 2.476822 -4.705385 -7.212494
-127.182727 2.476822 18.050758 3.436670
-123.219879 2.476822 7.651421 -7.838486
-119.257031 2.476822 2.312560 5.490263
-115.294183 2.476822 15.598579 -15.389308
-111.331335 2.476822 10.682177 -0.518763
-107.368487 2.476822 11.083870 -0.815808
-103.405639 2.476822 11.245872 -0.073452
-99.442791 2.476822 10.724641 0.338172
-95.479943 2.476822 11.262779 0.244425
-91.517095 2.476822 11.342180 -0.627784
-87.554247 2.476822 11.683429 -0.392000
-83.591400 2.476822 11.809601 -0.378682
-79.628552 2.476822 11.125442 -0.458129
-75.665704 2.476822 11.681682 0.040907
-71.702856 2.476822 11.823346 -0.113250
-67.740008 2.476822 11.624451 0.292307
-63.777160 2.476822 11.058767 0.377327
-59.814312 2.476822 11.777058 0.171995
-55.851464 2.476822 11.525071 0.508069
-51.888616 2.476822 11.442449 0.432227
-47.925768 2.476822 11.631339 0.285768
-43.962920 2.476822 11.707438 0.316449
-40.000072 2.476822 11.210360 0.259380
-36.037224 2.476822 11.574848 0.168923
-32.074376 2.476822 11.191641 0.472193
-28.111528 2.476822 11.293498 0.231101
-24.148680 2.476822 11.435309 0.349488
-20.185832 2.476822 11.118452 0.478518
-16.222984 2.476822 11.229641 0.520147
-12.260136 2.476822 11.071665 0.522577
-8.297289 2.476822 10.984577 0.397006
-4.334441 2.476822 10.713599 0.688619
-0.371593 2.476822 10.884856 0.469985
3.591255 2.476822 10.944448 0.435937
7.554103 2.476822 11.084810 0.518309
11.516951 2.476822 10.784506 0.312304
15.479799 2.476822 10.830997 0.299570
19.442647 2.476822 10.434525 0.687326
23.405495 2.476822 10.927004 0.291338
27.368343 2.476822 11.055005 0.411840
31.331191 2.476822 10.829322 0.377386
35.294039 2.476822 10.666986 0.302492
39.256887 2.476822 10.789478 -0.273712
43.219735 2.476822 10.750088 -0.138991
47.182583 2.476822 10.861445 0.114474
51.145431 2.476822 10.768054 0.778947
55.108279 2.476822 10.944560 -0.107747
59.071127 2.476822 11.023707 -0.232372
63.033975 2.476822 10.004470 1.282112
66.996822 2.476822 10.953269 -0.007139
-131.145575 -1.486026 12.747225 9.977593
-127.182727 -1.486026 14.176044 2.161721
-123.219879 -1.486026 -16.643539 12.726249
-119.257031 -1.486026 -4.418504 -0.130918
-115.294183 -1.486026 -11.149547 -6.593691
-111.331335 -1.486026 10.908460 -0.237040
-107.368487 -1.486026 10.493422 0.543873
-103.405639 -1.486026 10.029067 -1.542004
-99.442791 -1.486026 11.348557 -0.002007
-95.479943 -1.486026 11.607803 -0.517254
-91.517095 -1.486026 11.518323 -0.084303
-87.554247 -1.486026 11.116015 -0.338816
-83.591400 -1.486026 11.701759 -0.439319
-79.628552 -1.486026 11.989416 -0.200061
-75.665704 -1.486026 11.692506 -0.096353
-71.702856 -1.486026 11.109662 0.240276
-67.740008 -1.486026 11.731137 0.069217
-63.777160 -1.486026 11.474777 0.307153
-59.814312 -1.486026 11.647205 -0.298238
-55.851464 -1.486026 11.215806 0.432133
-51.888616 -1.486026 11.484712 0.377065
-47.925768 -1.486026 11.264375 0.491020
-43.962920 -1.486026 11.858935 0.502381
-40.000072 -1.486026 11.176418 0.332308
-36.037224 -1.486026 11.365574 0.363435
-32.074376 -1.486026 13.098076 -18.032757
-28.111528 -1.486026 11.062269 0.218716
-24.148680 -1.486026 11.585019 0.396805
-20.185832 -1.486026 11.247301 0.335537
-16.222984 -1.486026 11.285046 0.344658
-12.260136 -1.486026 11.164968 0.429765
-8.297289 -1.486026 11.177674 0.367470
-4.334441 -1.486026 10.773557 0.330945
-0.371593 -1.486026 10.912348 0.418134
3.591255 -1.486026 10.823945 0.608888
7.554103 -1.486026 10.980697 0.068949
11.516951 -1.486026 10.762281 0.192830
15.479799 -1.486026 10.849818 0.341148
19.442647 -1.486026 10.995376 -0.261727
23.405495 -1.486026 10.632299 0.500824
27.368343 -1.486026 10.543949 0.525852
31.331191 -1.486026 10.956845 0.243683
35.294039 -1.486026 10.844822 0.290717
39.256887 -1.486026 11.002717 0.023616
43.219735 -1.486026 10.863750 0.273890
47.182583 -1.486026 10.946698 0.256182
51.145431 -1.486026 10.984141 0.295499
55.108279 -1.486026 10.499628 0.192538
59.071127 -1.486026 11.081842 -0.145101
63.033975 -1.486026 10.698810 0.136614
66.996822 -1.486026 10.880428 0.309377
-131.145575 -5.448874 2.907849 5.459208
-127.182727 -5.448874 -13.024265 -2.311367
-123.219879 -5.448874 -8.632689 3.609615
-119.257031 -5.448874 2.708365 11.282857
-115.294183 -5.448874 2.944757 -16.197668
-111.331335 -5.448874 11.156011 -0.555431
-107.368487 -5.448874 10.768251 0.003186
-103.405639 -5.448874 11.319541 -0.569123
-99.442791 -5.448874 11.431053 -0.144416
-95.479943 -5.448874 11.401819 -0.435735
-91.517095 -5.448874 11.101585 0.233305
-87.554247 -5.448874 11.273589 -0.593564
-83.591400 -5.448874 11.744459 -0.072964
-79.628552 -5.448874 11.607220 0.110314
-75.665704 -5.448874 11.577072 0.231258
-71.702856 -5.448874 11.347548 0.227484
-67.740008 -5.448874 11.675917 0.136728
-63.777160 -5.448874 11.622725 -0.238691
-59.814312 -5.448874 11.244963 0.428794
-55.851464 -5.448874 11.656577 0.428562
-51.888616 -5.448874 11.215394 0.276328
-47.925768 -5.448874 11.369349 0.536370
-43.962920 -5.448874 11.214869 0.558236
-40.000072 -5.448874 11.474319 0.226546
-36.037224 -5.448874 11.658449 0.475009
-32.074376 -5.448874 11.150190 0.434048
-28.111528 -5.448874 10.822680 0.492371
-24.148680 -5.448874 11.142270 0.463370
-20.185832 -5.448874 11.283772 0.347370
-16.222984 -5.448874 11.263584 0.538503
-12.260136 -5.448874 11.127854 0.477829
-8.297289 -5.448874 11.241890 0.383339
-4.334441 -5.448874 11.175080 0.487909
-0.371593 -5.448874 10.854229 0.315891
3.591255 -5.448874 10.900694 0.343789
7.554103 -5.448874 10.692948 0.375385
11.516951 -5.448874 10.901709 0.694520
15.479799 -5.448874 10.991143 0.371704
19.442647 -5.448874 10.834581 0.040280
23.405495 -5.448874 10.896736 0.255288
27.368343 -5.448874 10.901661 -0.108482
31.331191 -5.448874 10.369867 0.605484
35.294039 -5.448874 10.811486 0.300336
39.256887 -5.448874 10.946507 0.010242
43.219735 -5.448874 10.855883 0.215895
47.182583 -5.448874 10.999042 0.046827
51.145431 -5.448874 10.928927 0.004772
55.108279 -5.448874 10.896725 0.239749
59.071127 -5.448874 10.575910 0.108793
63.033975 -5.448874 10.829729 0.664966
66.996822 -5.448874 10.785192 0.225271
-131.145575 -9.411722 15.993119 4.875554
-127.182727 -9.411722 10.247921 -1.043270
-123.219879 -9.411722 14.627894 -18.324556
-119.257031 -9.411722 15.149265 9.761744
-115.294183 -9.411722 10.814532 -0.474544
-111.331335 -9.411722 -5.752635 -16.054693
-107.368487 -9.411722 10.496769 0.409505
-103.405639 -9.411722 9.853685 -0.013113
-99.442791 -9.411722 11.264103 -0.574173
-95.479943 -9.411722 11.481461 -0.435891
-91.517095 -9.411722 11.540037 -0.041667
-87.554247 -9.411722 11.796986 -0.278197
-83.591400 -9.411722 11.078669 -0.335726
-79.628552 -9.411722 11.734213 0.126870
-75.665704 -9.411722 11.251374 0.022919
-71.702856 -9.411722 11.634863 0.067525
-67.740008 -9.411722 11.766903 -0.001247
-63.777160 -9.411722 11.877967 -0.212452
-59.814312 -9.411722 11.808662 0.145052
-55.851464 -9.411722 11.209612 0.072046
-51.888616 -9.411722 11.260839 -0.193284
-47.925768 -9.411722 11.149722 0.429725
-43.962920 -9.411722 11.390549 0.201208
-40.000072 -9.411722 11.294270 0.383846
-36.037224 -9.411722 10.955857 0.127291
-32.074376 -9.411722 10.959952 0.555639
-28.111528 -9.411722 11.167553 0.139267
-24.148680 -9.411722 11.599690 0.481814
-20.185832 -9.411722 11.459889 0.549891
-16.222984 -9.411722 11.458776 0.459110
-12.260136 -9.411722 10.940844 0.468492
-8.297289 -9.411722 11.042315 0.359915
-4.334441 -9.411722 11.564059 0.054597
-0.371593 -9.411722 11.010322 0.377228
3.591255 -9.411722 11.238874 0.100442
7.554103 -9.411722 11.088382 0.383386
11.516951 -9.411722 11.272825 0.196136
15.479799 -9.411722 10.983546 0.424138
19.442647 -9.411722 11.063161 0.416461
23.405495 -9.411722 11.045617 0.344024
27.368343 -9.411722 10.998085 0.545846
31.331191 -9.411722 11.156975 0.364257
35.294039 -9.411722 11.065506 0.073896
39.256887 -9.411722 10.791493 0.448608
43.219735 -9.411722 11.274862 0.174145
47.182583 -9.411722 10.383669 0.488583
51.145431 -9.411722 10.744554 -0.096775
55.108279 -9.411722 10.636305 0.390158
59.071127 -9.411722 11.095485 -0.364505
63.033975 -9.411722 11.163383 0.377166
66.996822 -9.411722 10.860511 0.715693
-131.145575 -13.374570 -5.056669 -17.865515
-127.182727 -13.374570 10.365654 -1.904128
-123.219879 -13.374570 10.591195 -2.054482
-119.257031 -13.374570 10.116512 -0.153867
-115.294183 -13.374570 11.563450 -0.300316
-111.331335 -13.374570 11.188057 0.806547
-107.368487 -13.374570 11.041254 -0.707356
-103.405639 -13.374570 1.964324 -12.279583
-99.442791 -13.374570 12.203754 0.709420
-95.479943 -13.374570 11.113443 -0.052100
-91.517095 -13.374570 11.258817 -0.041021
-87.554247 -13.374570 11.005616 -0.584005
-83.591400 -13.374570 11.070431 -0.484261
-79.628552 -13.374570 11.748491 -0.403477
-75.665704 -13.374570 11.381108 0.398448
-71.702856 -13.374570 11.337741 -0.436668
-67.740008 -13.374570 11.346386 0.258226
-63.777160 -13.374570 11.536443 0.217477
-59.814312 -13.374570 11.586021 0.402222
-55.851464 -13.374570 11.761154 -0.001988
-51.888616 -13.374570 11.261637 -0.221516
-47.925768 -13.374570 11.396326 0.325278
-43.962920 -13.374570 11.170321 0.055113
-40.000072 -13.374570 10.777215 0.328805
-36.037224 -13.374570 11.455269 0.312069
-32.074376 -13.374570 10.883900 0.486695
-28.111528 -13.374570 11.127428 0.683283
-24.148680 -13.374570 11.354262 0.540357
-20.185832 -13.374570 11.108681 0.508821
-16.222984 -13.374570 11.241485 0.384128
-12.260136 -13.374570 11.088206 0.282019
-8.297289 -13.374570 10.973062 0.096279
-4.334441 -13.374570 11.097782 0.400837
-0.371593 -13.374570 10.984840 0.586292
3.591255 -13.374570 11.106690 0.120782
7.554103 -13.374570 10.704845 0.137828
11.516951 -13.374570 11.182265 0.148815
15.479799 -13.374570 10.725508 -0.061333
19.442647 -13.374570 11.098603 0.213832
23.405495 -13.374570 10.833619 0.405417
27.368343 -13.374570 11.216336 0.399212
31.331191 -13.374570 10.395992 -0.079731
35.294039 -13.374570 11.288429 0.345680
39.256887 -13.374570 10.436123 0.680677
43.219735 -13.374570 11.111515 0.164276
47.182583 -13.374570 11.702523 0.674650
51.145431 -13.374570 10.605960 0.274601
55.108279 -13.374570 10.977135 -0.154375
59.071127 -13.374570 10.963478 0.287509
63.033975 -13.374570 11.296217 -0.054110
66.996822 -13.374570 10.752515 0.760433
-131.145575 -17.337417 15.158843 -3.007555
-127.182727 -17.337417 17.195692 6.395691
-123.219879 -17.337417 -14.767763 -13.982234
-119.257031 -17.337417 17.749542 16.645998
-115.294183 -17.337417 11.347116 -0.590098
-111.331335 -17.337417 10.876890 0.429308
-107.368487 -17.337417 4.895525 10.790626
-103.405639 -17.337417 10.724544 -0.224997
-99.442791 -17.337417 10.769008 0.508192
-95.479943 -17.337417 11.855103 0.056582
-91.517095 -17.337417 11.251989 -0.184677
-87.554247 -17.337417 11.312503 -0.349720
-83.591400 -17.337417 14.203737 -0.738023
-79.628552 -17.337417 11.032794 -0.202047
-75.665704 -17.337417 11.095901 -0.121754
-71.702856 -17.337417 11.365478 -0.332995
-67.740008 -17.337417 11.101132 -0.096088
-63.777160 -17.337417 11.214520 -0.041896
-59.814312 -17.337417 11.688021 -0.228000
-55.851464 -17.337417 11.323764 0.186850
-51.888616 -17.337417 11.546214 0.247118
-47.925768 -17.337417 11.192712 0.007458
-43.962920 -17.337417 11.037745 0.585757
-40.000072 -17.337417 11.245127 0.241651
-36.037224 -17.337417 11.304549 0.217758
-32.074376 -17.337417 11.442431 0.574241
-28.111528 -17.337417 10.805993 0.578564
-24.148680 -17.337417 10.809869 0.554360
-20.185832 -17.337417 11.037807 0.346339
-16.222984 -17.337417 11.018733 0.308828
-12.260136 -17.337417 11.314979 0.279488
-8.297289 -17.337417 10.995467 0.360286
-4.334441 -17.337417 11.098300 -0.057306
-0.371593 -17.337417 10.842294 0.345989
3.591255 -17.337417 11.044453 0.177637
7.554103 -17.337417 11.056716 0.065443
11.516951 -17.337417 11.029857 0.418274
15.479799 -17.337417 10.947028 0.240789
19.442647 -17.337417 10.666342 -0.188831
23.405495 -17.337417 11.434287 -0.346231
27.368343 -17.337417 10.869925 0.329048
31.331191 -17.337417 10.669004 0.197796
35.294039 -17.337417 10.806261 0.147038
39.256887 -17.337417 10.648853 -0.114329
43.219735 -17.337417 10.709574 0.477446
47.182583 -17.337417 10.889937 0.190908
51.145431 -17.337417 10.369484 0.430898
55.108279 -17.337417 10.785615 0.833402
59.071127 -17.337417 10.800307 0.076836
63.033975 -17.337417 10.024999 0.558383
66.996822 -17.337417 9.964031 1.067634
-131.145575 -21.300265 -2.571060 -8.896668
-127.182727 -21.300265 -11.562280 9.987775
-123.219879 -21.300265 5.025673 -6.298039
-119.257031 -21.300265 4.678257 9.180448
-115.294183 -21.300265 1.306856 4.203309
-111.331335 -21.300265 8.665122 -0.083199
-107.368487 -21.300265 10.612608 -0.721999
-103.405639 -21.300265 10.492254 -0.231360
-99.442791 -21.300265 11.389245 -0.792228
-95.479943 -21.300265 10.733956 0.179701
-91.517095 -21.300265 11.373974 0.259450
-87.554247 -21.300265 10.662218 0.350038
-83.591400 -21.300265 11.372973 -0.197399
-79.628552 -21.300265 10.863622 0.152326
-75.665704 -21.300265 11.352457 -0.166090
-71.702856 -21.300265 10.601793 0.213135
-67.740008 -21.300265 11.554469 0.238963
-63.777160 -21.300265 11.573954 -0.140364
-59.814312 -21.300265 11.384150 0.290885
-55.851464 -21.300265 11.463999 -0.081534
-51.888616 -21.300265 11.525375 0.222458
-47.925768 -21.300265 11.533447 0.418813
-43.962920 -21.300265 11.182721 0.339929
-40.000072 -21.300265 11.338652 0.303336
-36.037224 -21.300265 11.303896 0.019355
-32.074376 -21.300265 11.315484 0.446536
-28.111528 -21.300265 11.604250 0.285486
-24.148680 -21.300265 11.319382 0.467045
-20.185832 -21.300265 10.777931 0.361543
-16.222984 -21.300265 11.233561 0.508981
-12.260136 -21.300265 11.090773 0.396000
-8.297289 -21.300265 10.680955 0.018373
-4.334441 -21.300265 10.910337 0.220442
-0.371593 -21.300265 11.198602 -0.071991
3.591255 -21.300265 10.982199 0.576264
7.554103 -21.300265 10.860626 -0.234393
11.516951 -21.300265 10.882345 0.160963
15.479799 -21.300265 10.881897 0.224833
19.442647 -21.300265 11.156915 0.096500
23.405495 -21.300265 10.791819 0.412887
27.368343 -21.300265 10.781223 0.373443
31.331191 -21.300265 10.688680 0.333794
35.294039 -21.300265 11.034462 0.041681
39.256887 -21.300265 10.607910 0.479241
43.219735 -21.300265 11.445647 0.266840
47.182583 -21.300265 11.371219 0.221791
51.145431 -21.300265 10.971640 0.366812
55.108279 -21.300265 10.654230 0.578758
59.071127 -21.300265 10.887506 -0.315380
63.033975 -21.300265 11.255260 0.631406
66.996822 -21.300265 11.406307 0.496294
-131.145575 -25.263113 9.430623 16.354128
-127.182727 -25.263113 -4.820052 -5.752050
-123.219879 -25.263113 -3.675420 1.055751
-119.257031 -25.263113 13.076710 0.666656
-115.294183 -25.263113 11.747496 -0.114202
-111.331335 -25.263113 11.026769 -0.462165
-107.368487 -25.263113 10.820467 -0.204096
-103.405639 -25.263113 11.394292 -0.808784
-99.442791 -25.263113 10.654522 0.101753
-95.479943 -25.263113 10.653970 0.692640
-91.517095 -25.263113 11.084520 0.343940
-87.554247 -25.263113 10.560224 -0.181751
-83.591400 -25.263113 11.039974 -0.035073
-79.628552 -25.263113 11.230229 -0.287396
-75.665704 -25.263113 10.576593 0.836903
-71.702856 -25.263113 11.079936 -0.279067
-67.740008 -25.263113 10.974708 0.302944
-63.777160 -25.263113 10.899185 0.150833
-59.814312 -25.263113 10.846914 0.113539
-55.851464 -25.263113 11.179301 0.280546
-51.888616 -25.263113 11.560160 -0.125178
-47.925768 -25.263113 11.494025 0.394791
-43.962920 -25.263113 11.143935 0.020140
-40.000072 -25.263113 10.997836 0.182867
-36.037224 -25.263113 11.069871 0.641431
-32.074376 -25.263113 11.429460 0.059080
-28.111528 -25.263113 11.147618 0.329755
-24.148680 -25.263113 11.559615 0.208763
-20.185832 -25.263113 11.309579 0.237195
-16.222984 -25.263113 11.460063 0.417376
-12.260136 -25.263113 10.936707 0.236193
-8.297289 -25.263113 11.222379 0.245570
-4.334441 -25.263113 10.873304 0.064352
-0.371593 -25.263113 9.285086 0.806965
3.591255 -25.263113 10.812059 0.163225
7.554103 -25.263113 10.825579 0.163842
11.516951 -25.263113 10.729492 0.451563
15.479799 -25.263113 10.898175 0.129032
19.442647 -25.263113 10.745530 0.456405
23.405495 -25.263113 11.002729 0.519919
27.368343 -25.263113 11.003975 0.174012
31.331191 -25.263113 10.790341 0.004285
35.294039 -25.263113 10.862350 -0.328061
39.256887 -25.263113 10.938771 -0.233676
43.219735 -25.263113 11.427736 -0.125440
47.182583 -25.263113 10.127358 0.449340
51.145431 -25.263113 10.658691 0.548374
55.108279 -25.263113 11.431380 0.060249
59.071127 -25.263113 10.963522 0.580912
63.033975 -25.263113 10.850580 0.182156
66.996822 -25.263113 10.754766 -0.014618
-131.145575 -29.225961 -2.572274 3.449748
-127.182727 -29.225961 -7.137287 -9.839326
-123.219879 -29.225961 16.183050 15.147269
-119.257031 -29.225961 -12.692055 -11.235373
-115.294183 -29.225961 15.572662 -2.964154
-111.331335 -29.225961 11.785057 0.257318
-107.368487 -29.225961 10.900323 0.601234
-103.405639 -29.225961 9.844608 -1.268157
-99.442791 -29.225961 10.892916 -0.355269
-95.479943 -29.225961 11.191947 -0.388708
-91.517095 -29.225961 10.871651 0.254212
-87.554247 -29.225961 11.051284 -0.533499
-83.591400 -29.225961 10.756135 0.310255
-79.628552 -29.225961 10.935760 0.304729
-75.665704 -29.225961 11.104704 0.040651
-71.702856 -29.225961 11.283734 -0.563893
-67.740008 -29.225961 10.897245 0.198353
-63.777160 -29.225961 11.250034 -0.019301
-59.814312 -29.225961 11.302370 -0.429861
-55.851464 -29.225961 11.109987 -0.348199
-51.888616 -29.225961 11.079948 -0.034548
-47.925768 -29.225961 10.558681 -0.321742
-43.962920 -29.225961 11.247976 0.652165
-40.000072 -29.225961 10.951237 0.187836
-36.037224 -29.225961 11.282163 0.202116
-32.074376 -29.225961 11.318107 0.413596
-28.111528 -29.225961 10.955155 0.445963
-24.148680 -29.225961 11.160501 0.454100
-20.185832 -29.225961 11.051982 0.103451
-16.222984 -29.225961 10.873974 0.783884
-12.260136 -29.225961 11.178561 0.292048
-8.297289 -29.225961 11.106403 0.225221
-4.334441 -29.225961 11.054402 -0.029410
-0.371593 -29.225961 10.836825 0.281645
3.591255 -29.225961 10.645447 0.195698
7.554103 -29.225961 10.976390 0.351502
11.516951 -29.225961 10.156872 0.377499
15.479799 -29.225961 11.084311 0.122692
19.442647 -29.225961 10.468818 0.491348
23.405495 -29.225961 10.586450 0.466198
27.368343 -29.225961 11.165936 -0.552311
31.331191 -29.225961 10.414942 0.714010
35.294039 -29.225961 10.982958 0.069554
39.256887 -29.225961 11.144678 0.218018
43.219735 -29.225961 9.777551 0.353573
47.182583 -29.225961 11.069011 -0.148306
51.145431 -29.225961 10.295702 0.729791
55.108279 -29.225961 11.576983 -0.593401
59.071127 -29.225961 10.781399 0.660778
63.033975 -29.225961 10.837553 0.148353
66.996822 -29.225961 12.773846 0.809219
-131.145575 -33.188809 2.717524 9.922968
-127.182727 -33.188809 8.784263 -1.281322
-123.219879 -33.188809 16.103807 13.877965
-119.257031 -33.188809 10.941531 0.412034
-115.294183 -33.188809 11.974729 0.536242
-111.331335 -33.188809 10.472780 -0.048169
-107.368487 -33.188809 11.649476 -0.730101
-103.405639 -33.188809 11.808817 -0.827300
-99.442791 -33.188809 10.882039 0.191561
-95.479943 -33.188809 10.479630 0.212365
-91.517095 -33.188809 13.551230 0.607653
-87.554247 -33.188809 10.764884 0.228411
-83.591400 -33.188809 11.526920 0.045848
-79.628552 -33.188809 11.352549 -0.161493
-75.665704 -33.188809 11.072877 0.108850
-71.702856 -33.188809 10.530351 0.166819
-67.740008 -33.188809 11.121253 0.127867
-63.777160 -33.188809 10.571332 0.025580
-59.814312 -33.188809 10.448210 0.174093
-55.851464 -33.188809 11.669218 0.180420
-51.888616 -33.188809 11.699197 -0.238147
-47.925768 -33.188809 10.454260 0.109077
-43.962920 -33.188809 10.874534 -0.190767
-40.000072 -33.188809 10.599949 0.737121
-36.037224 -33.188809 11.444526 0.354174
-32.074376 -33.188809 11.726315 0.188090
-28.111528 -33.188809 11.219947 0.057070
-24.148680 -33.188809 10.964643 0.476314
-20.185832 -33.188809 10.973066 0.620775
-16.222984 -33.188809 11.620999 -0.372761
-12.260136 -33.188809 11.272599 -0.128166
-8.297289 -33.188809 10.928110 -0.169053
-4.334441 -33.188809 11.398068 0.454409
-0.371593 -33.188809 10.626353 0.428013
3.591255 -33.188809 10.851033 0.040391
7.554103 -33.188809 11.389556 0.422069
11.516951 -33.188809 9.728575 0.410589
15.479799 -33.188809 11.160525 -0.286351
19.442647 -33.188809 10.557546 0.234593
23.405495 -33.188809 11.203835 -0.322570
27.368343 -33.188809 10.500941 0.096248
31.331191 -33.188809 10.653406 0.085107
35.294039 -33.188809 11.019138 -0.090552
39.256887 -33.188809 10.502275 0.277358
43.219735 -33.188809 11.023170 0.416251
47.182583 -33.188809 16.966097 -18.490549
51.145431 -33.188809 9.652107 0.971228
55.108279 -33.188809 15.691776 -16.036762
59.071127 -33.188809 11.420691 0.237140
63.033975 -33.188809 -12.456733 13.963128
66.996822 -33.188809 11.866159 0.598212
-131.145575 -37.151657 14.663324 -12.850433
-127.182727 -37.151657 -10.433136 7.374683
-123.219879 -37.151657 -13.260859 10.130859
-119.257031 -37.151657 8.068281 -1.896553
-115.294183 -37.151657 10.215677 -1.132725
-111.331335 -37.151657 11.965634 1.438258
-107.368487 -37.151657 11.099837 -0.800666
-103.405639 -37.151657 12.124811 -0.074426
-99.442791 -37.151657 10.704306 0.637618
-95.479943 -37.151657 11.391276 -0.210349
-91.517095 -37.151657 10.948694 0.070287
-87.554247 -37.151657 10.970437 0.260129
-83.591400 -37.151657 11.309435 0.757866
-79.628552 -37.151657 10.909244 0.630483
-75.665704 -37.151657 11.136659 -0.556094
-71.702856 -37.151657 10.939624 0.440939
-67.740008 -37.151657 11.367360 0.903863
-63.777160 -37.151657 10.851480 -0.465464
-59.814312 -37.151657 11.185355 -0.101154
-55.851464 -37.151657 11.527957 0.301578
-51.888616 -37.151657 11.347852 0.051907
-47.925768 -37.151657 11.440785 -0.441348
-43.962920 -37.151657 11.385461 -0.240085
-40.000072 -37.151657 10.980783 0.257116
-36.037224 -37.151657 11.328977 0.254776
-32.074376 -37.151657 11.677320 0.345051
-28.111528 -37.151657 11.333937 0.401325
-24.148680 -37.151657 10.874938 0.105752
-20.185832 -37.151657 10.974867 0.254118
-16.222984 -37.151657 11.356287 0.176749
-12.260136 -37.151657 11.062776 -0.015547
-8.297289 -37.151657 10.908354 -0.289998
-4.334441 -37.151657 9.837976 -0.254924
-0.371593 -37.151657 10.825381 0.304932
3.591255 -37.151657 10.968072 -0.054793
7.554103 -37.151657 10.878648 0.210998
11.516951 -37.151657 10.639323 -0.648802
15.479799 -37.151657 11.029704 0.259762
19.442647 -37.151657 11.076063 -0.199749
23.405495 -37.151657 10.816338 0.392163
27.368343 -37.151657 11.531466 -0.232442
31.331191 -37.151657 11.795267 0.102028
35.294039 -37.151657 10.993799 -0.066530
39.256887 -37.151657 10.525755 0.303657
43.219735 -37.151657 8.274745 2.566245
47.182583 -37.151657 10.673879 0.249908
51.145431 -37.151657 9.739924 0.723007
55.108279 -37.151657 11.163177 0.853226
59.071127 -37.151657 9.739766 1.947146
63.033975 -37.151657 9.489146 -1.344926
66.996822 -37.151657 10.772368 -0.277354
-131.145575 -41.114505 14.806744 -1.304878
-127.182727 -41.114505 10.191341 -8.594448
-123.219879 -41.114505 10.059954 -4.260239
-119.257031 -41.114505 14.514545 -0.747214
-115.294183 -41.114505 11.705630 -1.286246
-111.331335 -41.114505 10.061031 0.759392
-107.368487 -41.114505 10.556314 0.128749
-103.405639 -41.114505 10.934100 0.090521
-99.442791 -41.114505 15.359465 1.798691
-95.479943 -41.114505 10.724961 1.039373
-91.517095 -41.114505 10.666448 0.400199
-87.554247 -41.114505 11.183936 0.430425
-83.591400 -41.114505 11.225019 -0.308306
-79.628552 -41.114505 11.111747 0.288415
-75.665704 -41.114505 10.980147 0.255037
-71.702856 -41.114505 11.268916 0.502671
-67.740008 -41.114505 11.258485 1.609123
-63.777160 -41.114505 10.532347 -0.224505
-59.814312 -41.114505 11.751955 0.184515
-55.851464 -41.114505 11.529070 0.228794
-51.888616 -41.114505 7.387911 1.409326
-47.925768 -41.114505 11.352206 0.040996
-43.962920 -41.114505 10.953126 -0.155681
-40.000072 -41.114505 10.930572 0.484679
-36.037224 -41.114505 10.647653 -0.057199
-32.074376 -41.114505 11.361223 0.413388
-28.111528 -41.114505 11.187286 -0.054758
-24.148680 -41.114505 10.767530 0.453811
-20.185832 -41.114505 10.882639 0.148043
-16.222984 -41.114505 11.899467 -0.444359
-12.260136 -41.114505 11.005838 0.208664
-8.297289 -41.114505 10.689096 0.285222
-4.334441 -41.114505 10.865509 0.291669
-0.371593 -41.114505 11.045342 0.579690
3.591255 -41.114505 10.978108 0.544649
7.554103 -41.114505 10.068371 0.225277
11.516951 -41.114505 11.007229 0.374093
15.479799 -41.114505 10.806323 0.339022
19.442647 -41.114505 11.742174 0.283066
23.405495 -41.114505 10.622104 0.155459
27.368343 -41.114505 12.019928 0.127376
31.331191 -41.114505 10.829640 0.526577
35.294039 -41.114505 10.427935 -0.407171
39.256887 -41.114505 11.199122 -0.041970
43.219735 -41.114505 11.439834 0.398871
47.182583 -41.114505 11.699944 -0.094701
51.145431 -41.114505 9.578205 0.527575
55.108279 -41.114505 9.727956 0.878084
59.071127 -41.114505 11.074694 0.549315
63.033975 -41.114505 11.248508 0.833209
66.996822 -41.114505 4.417871 -7.898837
-131.145575 -45.077353 14.739014 -1.381157
-127.182727 -45.077353 4.835055 -8.581508
-123.219879 -45.077353 -5.140893 -9.687885
-119.257031 -45.077353 8.664601 0.394506
-115.294183 -45.077353 -11.813191 -12.760365
-111.331335 -45.077353 -4.164107 7.601497
-107.368487 -45.077353 10.816299 2.077598
-103.405639 -45.077353 12.971987 -1.075332
-99.442791 -45.077353 11.587964 -0.377358
-95.479943 -45.077353 11.764329 -0.859622
-91.517095 -45.077353 12.261366 0.494661
-87.554247 -45.077353 10.293511 -0.253162
-83.591400 -45.077353 10.797487 -0.259165
-79.628552 -45.077353 11.647367 -0.241781
-75.665704 -45.077353 10.886879 0.527251
-71.702856 -45.077353 11.032322 0.083884
-67.740008 -45.077353 11.030046 0.497907
-63.777160 -45.077353 11.543698 -0.485677
-59.814312 -45.077353 11.489889 0.205239
-55.851464 -45.077353 10.944891 -0.170227
-51.888616 -45.077353 10.040704 -0.293277
-47.925768 -45.077353 10.943261 0.084140
-43.962920 -45.077353 11.342477 0.139800
-40.000072 -45.077353 11.058283 0.577609
-36.037224 -45.077353 10.611526 0.150252
-32.074376 -45.077353 11.059695 0.370885
-28.111528 -45.077353 11.211386 -0.045682
-24.148680 -45.077353 11.197330 0.754827
-20.185832 -45.077353 11.214748 0.501569
-16.222984 -45.077353 11.103004 0.580769
-12.260136 -45.077353 11.307215 0.633011
-8.297289 -45.077353 10.917481 0.301178
-4.334441 -45.077353 10.728506 0.333848
-0.371593 -45.077353 11.403723 0.421580
3.591255 -45.077353 11.366841 0.426005
7.554103 -45.077353 11.031096 0.149277
11.516951 -45.077353 10.550083 -0.118520
15.479799 -45.077353 11.370543 -0.112083
19.442647 -45.077353 10.730968 -0.145168
23.405495 -45.077353 10.572670 -0.058670
27.368343 -45.077353 10.910210 0.609094
31.331191 -45.077353 10.483745 -0.312831
35.294039 -45.077353 10.620694 0.702678
39.256887 -45.077353 10.968831 0.779549
43.219735 -45.077353 10.485747 -1.501828
47.182583 -45.077353 10.828238 0.274072
51.145431 -45.077353 10.482110 0.682803
55.108279 -45.077353 10.532186 0.274180
59.071127 -45.077353 10.409656 -0.331594
63.033975 -45.077353 11.858478 0.017304
66.996822 -45.077353 1.390094 12.664809
-131.145575 -49.040201 -11.960007 2.095310
-127.182727 -49.040201 -2.527695 -12.969273
-123.219879 -49.040201 13.125910 -4.775676
-119.257031 -49.040201 -16.913239 6.704637
-115.294183 -49.040201 13.615181 -9.418317
-111.331335 -49.040201 11.222042 -0.411659
-107.368487 -49.040201 9.315453 0.448966
-103.405639 -49.040201 10.394373 -1.936375
-99.442791 -49.040201 -5.386514 12.795491
-95.479943 -49.040201 11.110917 -0.148958
-91.517095 -49.040201 12.520814 0.205514
-87.554247 -49.040201 11.413461 -0.458999
-83.591400 -49.040201 11.294219 0.531547
-79.628552 -49.040201 11.212152 -0.120577
-75.665704 -49.040201 10.952952 0.539849
-71.702856 -49.040201 11.646205 0.220036
-67.740008 -49.040201 11.130689 -0.198243
-63.777160 -49.040201 10.888091 0.680435
-59.814312 -49.040201 9.873047 0.410149
-55.851464 -49.040201 10.549387 -0.502281
-51.888616 -49.040201 11.017109 0.474060
-47.925768 -49.040201 11.614660 -0.529101
-43.962920 -49.040201 10.296297 0.427563
-40.000072 -49.040201 10.946520 -0.047214
-36.037224 -49.040201 10.860790 0.157064
-32.074376 -49.040201 10.174852 -0.183639
-28.111528 -49.040201 10.835793 0.643669
-24.148680 -49.040201 10.646650 0.839696
-20.185832 -49.040201 11.231326 0.671134
-16.222984 -49.040201 11.064472 -0.369331
-12.260136 -49.040201 11.680181 -0.150573
-8.297289 -49.040201 11.217010 -0.106389
-4.334441 -49.040201 11.001664 0.217954
-0.371593 -49.040201 10.065278 0.542628
3.591255 -49.040201 11.784630 -0.279884
7.554103 -49.040201 10.990146 0.442059
11.516951 -49.040201 11.035330 0.148295
15.479799 -49.040201 10.525220 0.124885
19.442647 -49.040201 10.294796 0.448883
23.405495 -49.040201 11.732155 1.268289
27.368343 -49.040201 10.348619 0.603769
31.331191 -49.040201 11.438912 -0.317511
35.294039 -49.040201 10.654227 0.598939
39.256887 -49.040201 9.777137 -0.045474
43.219735 -49.040201 10.619448 -0.511924
47.182583 -49.040201 10.635508 -1.455990
51.145431 -49.040201 10.501165 -0.161796
55.108279 -49.040201 10.378776 1.094015
59.071127 -49.040201 12.314907 0.993447
63.033975 -49.040201 11.017567 -0.609060
66.996822 -49.040201 2.997893 -15.699638
-131.145575 -53.003049 0.000000 0.000000
-127.182727 -53.003049 0.000000 0.000000
-123.219879 -53.003049 0.000000 0.000000
-119.257031 -53.003049 0.000000 0.000000
-115.294183 -53.003049 0.000000 0.000000
-111.331335 -53.003049 0.000000 0.000000
-107.368487 -53.003049 0.000000 0.000000
-103.405639 -53.003049 0.000000 0.000000
-99.442791 -53.003049 0.000000 0.000000
-95.479943 -53.003049 0.000000 0.000000
-91.517095 -53.003049 0.000000 0.000000
-87.554247 -53.003049 0.000000 0.000000
-83.591400 -53.003049 0.000000 0.000000
-79.628552 -53.003049 0.000000 0.000000
-75.665704 -53.003049 0.000000 0.000000
-71.702856 -53.003049 0.000000 0.000000
-67.740008 -53.003049 0.000000 0.000000
-63.777160 -53.003049 0.000000 0.000000
-59.814312 -53.003049 0.000000 0.000000
-55.851464 -53.003049 0.000000 0.000000
-51.888616 -53.003049 0.000000 0.000000
-47.925768 -53.003049 0.000000 0.000000
-43.962920 -53.003049 0.000000 0.000000
-40.000072 -53.003049 0.000000 0.000000
-36.037224 -53.003049 0.000000 0.000000
-32.074376 -53.003049 0.000000 0.000000
-28.111528 -53.003049 0.000000 0.000000
-24.148680 -53.003049 0.000000 0.000000
-20.185832 -53.003049 0.000000 0.000000
-16.222984 -53.003049 0.000000 0.000000
-12.260136 -53.003049 0.000000 0.000000
-8.297289 -53.003049 0.000000 0.000000
-4.334441 -53.003049 0.000000 0.000000
-0.371593 -53.003049 0.000000 0.000000
3.591255 -53.003049 0.000000 0.000000
7.554103 -53.003049 0.000000 0.000000
11.516951 -53.003049 0.000000 0.000000
15.479799 -53.003049 0.000000 0.000000
19.442647 -53.003049 0.000000 0.000000
23.405495 -53.003049 0.000000 0.000000
27.368343 -53.003049 0.000000 0.000000
31.331191 -53.003049 0.000000 0.000000
35.294039 -53.003049 0.000000 0.000000
39.256887 -53.003049 0.000000 0.000000
43.219735 -53.003049 0.000000 0.000000
47.182583 -53.003049 0.000000 0.000000
51.145431 -53.003049 0.000000 0.000000
55.108279 -53.003049 0.000000 0.000000
59.071127 -53.003049 0.000000 0.000000
63.033975 -53.003049 0.000000 0.000000
66.996822 -53.003049 0.000000 0.000000
