TITLE = "B00017"
VARIABLES = "position", "position(2)", "Vx", "Vy"
ZONE T="Frame 0", I=51, J=39
-131.145575 97.585173 13.040042 -5.319547
-127.182727 97.585173 3.087534 16.340366
-123.219879 97.585173 11.062645 0.570585
-119.257031 97.585173 11.084935 0.522209
-115.294183 97.585173 11.147614 0.443252
-111.331335 97.585173 0.000000 0.000000
-107.368487 97.585173 0.000000 0.000000
-103.405639 97.585173 0.000000 0.000000
-99.442791 97.585173 0.000000 0.000000
-95.479943 97.585173 0.000000 0.000000
-91.517095 97.585173 0.000000 0.000000
-87.554247 97.585173 11.346419 0.340438
-83.591400 97.585173 11.619382 0.337987
-79.628552 97.585173 11.424476 0.343557
-75.665704 97.585173 11.305116 0.308828
-71.702856 97.585173 11.391816 0.148382
-67.740008 97.585173 11.377403 0.263290
-63.777160 97.585173 11.445158 0.184039
-59.814312 97.585173 11.301317 0.178455
-55.851464 97.585173 11.303450 0.012042
-51.888616 97.585173 11.268087 0.179999
-47.925768 97.585173 11.299006 0.098950
-43.962920 97.585173 11.456085 -0.028162
-40.000072 97.585173 11.459453 0.007808
-36.037224 97.585173 11.564212 0.007822
-32.074376 97.585173 11.459033 -0.108022
-28.111528 97.585173 11.351115 -0.058206
-24.148680 97.585173 11.251360 0.134308
-20.185832 97.585173 11.409016 -0.122158
-16.222984 97.585173 11.045603 -0.215456
-12.260136 97.585173 0.000000 0.000000
-8.297289 97.585173 0.000000 0.000000
-4.334441 97.585173 0.000000 0.000000
-0.371593 97.585173 11.119546 0.020234
3.591255 97.585173 11.126628 0.114319
7.554103 97.585173 11.053848 0.185981
11.516951 97.585173 11.223881 0.046048
15.479799 97.585173 10.919181 -0.002611
19.442647 97.585173 11.028461 -0.097181
23.405495 97.585173 11.072055 0.044344
27.368343 97.585173 11.138093 0.059555
31.331191 97.585173 11.023395 -0.161282
35.294039 97.585173 11.070105 0.176891
39.256887 97.585173 11.040891 -0.060203
43.219735 97.585173 10.996839 0.176697
47.182583 97.585173 10.945100 0.096759
51.145431 97.585173 10.961780 0.105332
55.108279 97.585173 11.209795 0.060276
59.071127 97.585173 11.178696 -0.170047
63.033975 97.585173 11.017589 -0.027780
66.996822 97.585173 10.937551 0.050190
-131.145575 93.622325 -10.458945 -9.106367
-127.182727 93.622325 11.528437 0.828818
-123.219879 93.622325 11.110065 0.727891
-119.257031 93.622325 10.896088 0.603806
-115.294183 93.622325 11.537702 0.586104
-111.331335 93.622325 0.000000 0.000000
-107.368487 93.622325 0.000000 0.000000
-103.405639 93.622325 0.000000 0.000000
-99.442791 93.622325 0.000000 0.000000
-95.479943 93.622325 0.000000 0.000000
-91.517095 93.622325 0.000000 0.000000
-87.554247 93.622325 11.286897 0.400091
-83.591400 93.622325 11.554824 0.459252
-79.628552 93.622325 11.379452 0.097850
-75.665704 93.622325 11.553524 0.090104
-71.702856 93.622325 11.347923 0.170980
-67.740008 93.622325 11.531538 0.168366
-63.777160 93.622325 11.486214 0.280418
-59.814312 93.622325 11.256388 0.282725
-55.851464 93.622325 11.271626 0.337632
-51.888616 93.622325 11.643971 0.114805
-47.925768 93.622325 11.582992 0.128991
-43.962920 93.622325 11.412479 0.027991
-40.000072 93.622325 11.373128 0.079939
-36.037224 93.622325 11.356832 -0.137366
-32.074376 93.622325 11.315414 -0.066123
-28.111528 93.622325 11.148090 -0.010870
-24.148680 93.622325 11.159946 -0.142374
-20.185832 93.622325 11.196261 -0.054379
-16.222984 93.622325 11.418749 -0.092466
-12.260136 93.622325 0.000000 0.000000
-8.297289 93.622325 0.000000 0.000000
-4.334441 93.622325 0.000000 0.000000
-0.371593 93.622325 11.026579 -0.112581
3.591255 93.622325 11.247803 0.100133
7.554103 93.622325 11.249369 -0.257655
11.516951 93.622325 11.141870 0.026141
15.479799 93.622325 11.076092 0.045132
19.442647 93.622325 11.174242 0.101189
23.405495 93.622325 11.040503 0.016903
27.368343 93.622325 11.061930 -0.169001
31.331191 93.622325 10.810096 0.166053
35.294039 93.622325 11.137209 0.135894
39.256887 93.622325 11.131937 -0.013701
43.219735 93.622325 10.856722 0.013006
47.182583 93.622325 10.888494 0.056355
51.145431 93.622325 11.096201 -0.100521
55.108279 93.622325 11.029551 -0.068546
59.071127 93.622325 11.025238 0.027973
63.033975 93.622325 10.958653 0.127064
66.996822 93.622325 10.950208 0.037413
-131.145575 89.659477 11.074739 0.715239
-127.182727 89.659477 11.384612 0.006326
-123.219879 89.659477 10.821619 0.339212
-119.257031 89.659477 10.940212 0.585500
-115.294183 89.659477 11.325887 0.661084
-111.331335 89.659477 0.000000 0.000000
-107.368487 89.659477 0.000000 0.000000
-103.405639 89.659477 0.000000 0.000000
-99.442791 89.659477 0.000000 0.000000
-95.479943 89.659477 0.000000 0.000000
-91.517095 89.659477 0.000000 0.000000
-87.554247 89.659477 11.596376 0.526366
-83.591400 89.659477 11.525530 0.294675
-79.628552 89.659477 11.502261 0.254315
-75.665704 89.659477 11.571717 0.082090
-71.702856 89.659477 11.606565 0.271846
-67.740008 89.659477 11.576651 0.139189
-63.777160 89.659477 11.491314 0.141898
-59.814312 89.659477 11.499152 0.220604
-55.851464 89.659477 11.469889 0.227417
-51.888616 89.659477 11.636637 0.215322
-47.925768 89.659477 11.539618 -0.018855
-43.962920 89.659477 11.352493 -0.170992
-40.000072 89.659477 11.580473 0.062089
-36.037224 89.659477 11.285655 0.061367
-32.074376 89.659477 11.463685 -0.087335
-28.111528 89.659477 11.347620 0.136327
-24.148680 89.659477 11.060011 0.030406
-20.185832 89.659477 11.191571 -0.143876
-16.222984 89.659477 11.260314 -0.071161
-12.260136 89.659477 0.000000 0.000000
-8.297289 89.659477 0.000000 0.000000
-4.334441 89.659477 0.000000 0.000000
-0.371593 89.659477 11.175572 -0.071658
3.591255 89.659477 11.085424 0.045954
7.554103 89.659477 11.041093 -0.185795
11.516951 89.659477 11.020934 -0.237583
15.479799 89.659477 10.904285 -0.197992
19.442647 89.659477 11.059970 -0.039177
23.405495 89.659477 11.093171 -0.004957
27.368343 89.659477 11.021280 -0.159735
31.331191 89.659477 11.014062 0.192342
35.294039 89.659477 11.094964 -0.024899
39.256887 89.659477 10.895430 -0.096966
43.219735 89.659477 10.767261 0.074319
47.182583 89.659477 11.031652 0.131581
51.145431 89.659477 10.872123 0.110690
55.108279 89.659477 11.019642 -0.049232
59.071127 89.659477 10.910870 0.145345
63.033975 89.659477 11.287107 0.056888
66.996822 89.659477 11.144767 0.013668
-131.145575 85.696629 -2.779196 -15.012344
-127.182727 85.696629 11.148956 0.164758
-123.219879 85.696629 10.797083 0.571168
-119.257031 85.696629 11.359893 0.674731
-115.294183 85.696629 11.165912 0.511357
-111.331335 85.696629 0.000000 0.000000
-107.368487 85.696629 0.000000 0.000000
-103.405639 85.696629 0.000000 0.000000
-99.442791 85.696629 0.000000 0.000000
-95.479943 85.696629 0.000000 0.000000
-91.517095 85.696629 0.000000 0.000000
-87.554247 85.696629 11.535559 0.282936
-83.591400 85.696629 11.420771 0.383147
-79.628552 85.696629 11.376856 0.283166
-75.665704 85.696629 11.564605 0.222340
-71.702856 85.696629 11.586518 0.109485
-67.740008 85.696629 11.570524 0.338215
-63.777160 85.696629 11.444837 -0.043917
-59.814312 85.696629 11.479482 0.189898
-55.851464 85.696629 11.574036 0.141048
-51.888616 85.696629 11.572476 0.260624
-47.925768 85.696629 11.488766 -0.084041
-43.962920 85.696629 11.494536 -0.078903
-40.000072 85.696629 11.363342 -0.088337
-36.037224 85.696629 11.345548 -0.251180
-32.074376 85.696629 11.419546 -0.005957
-28.111528 85.696629 11.363721 -0.017968
-24.148680 85.696629 11.275426 -0.189306
-20.185832 85.696629 11.410421 -0.111633
-16.222984 85.696629 11.140804 -0.149911
-12.260136 85.696629 0.000000 0.000000
-8.297289 85.696629 0.000000 0.000000
-4.334441 85.696629 0.000000 0.000000
-0.371593 85.696629 10.955045 -0.009259
3.591255 85.696629 11.190029 -0.046815
7.554103 85.696629 11.090872 -0.183323
11.516951 85.696629 11.243235 0.030561
15.479799 85.696629 10.944170 -0.051900
19.442647 85.696629 10.991322 0.062914
23.405495 85.696629 11.015569 0.055160
27.368343 85.696629 11.009403 0.032611
31.331191 85.696629 10.984141 -0.325509
35.294039 85.696629 11.064595 -0.021119
39.256887 85.696629 10.971258 0.050546
43.219735 85.696629 11.006528 0.017179
47.182583 85.696629 11.074739 -0.112408
51.145431 85.696629 10.974891 0.162903
55.108279 85.696629 10.857451 -0.144758
59.071127 85.696629 10.981370 -0.121839
63.033975 85.696629 10.931271 -0.227923
66.996822 85.696629 10.873764 0.115960
-131.145575 81.733781 4.082727 -5.944322
-127.182727 81.733781 11.617283 0.590281
-123.219879 81.733781 11.387664 0.492427
-119.257031 81.733781 11.226546 0.796823
-115.294183 81.733781 11.114562 0.510600
-111.331335 81.733781 0.000000 0.000000
-107.368487 81.733781 0.000000 0.000000
-103.405639 81.733781 0.000000 0.000000
-99.442791 81.733781 0.000000 0.000000
-95.479943 81.733781 0.000000 0.000000
-91.517095 81.733781 0.000000 0.000000
-87.554247 81.733781 11.691756 0.475579
-83.591400 81.733781 11.572170 0.577489
-79.628552 81.733781 11.504922 0.360784
-75.665704 81.733781 11.696211 0.284878
-71.702856 81.733781 11.815045 0.170598
-67.740008 81.733781 11.551927 0.103352
-63.777160 81.733781 11.480916 0.202122
-59.814312 81.733781 11.637856 -0.082915
-55.851464 81.733781 11.797118 0.032266
-51.888616 81.733781 11.464478 -0.068024
-47.925768 81.733781 11.505250 -0.121242
-43.962920 81.733781 11.448122 0.027420
-40.000072 81.733781 11.486592 0.145559
-36.037224 81.733781 11.295549 0.046290
-32.074376 81.733781 11.239925 -0.192109
-28.111528 81.733781 11.367616 -0.100787
-24.148680 81.733781 11.255414 -0.279324
-20.185832 81.733781 11.140465 -0.205119
-16.222984 81.733781 11.243392 -0.263832
-12.260136 81.733781 0.000000 0.000000
-8.297289 81.733781 0.000000 0.000000
-4.334441 81.733781 0.000000 0.000000
-0.371593 81.733781 11.031179 -0.045586
3.591255 81.733781 11.089862 -0.045955
7.554103 81.733781 10.947132 -0.136045
11.516951 81.733781 10.811604 -0.120714
15.479799 81.733781 11.060922 -0.098570
19.442647 81.733781 10.999497 -0.015828
23.405495 81.733781 10.928288 0.030596
27.368343 81.733781 11.044947 -0.128729
31.331191 81.733781 11.055716 0.019870
35.294039 81.733781 10.836816 0.186058
39.256887 81.733781 10.997624 0.025604
43.219735 81.733781 10.981131 0.115464
47.182583 81.733781 11.205059 0.084405
51.145431 81.733781 10.943789 -0.168928
55.108279 81.733781 10.838483 -0.017790
59.071127 81.733781 10.935657 0.138543
63.033975 81.733781 10.894729 -0.137522
66.996822 81.733781 10.957395 -0.080213
-131.145575 77.770933 -2.415993 -17.609518
-127.182727 77.770933 11.363443 0.120772
-123.219879 77.770933 11.412359 0.836323
-119.257031 77.770933 11.375427 0.735987
-115.294183 77.770933 11.488221 0.591614
-111.331335 77.770933 0.000000 0.000000
-107.368487 77.770933 0.000000 0.000000
-103.405639 77.770933 0.000000 0.000000
-99.442791 77.770933 0.000000 0.000000
-95.479943 77.770933 0.000000 0.000000
-91.517095 77.770933 11.584004 0.505413
-87.554247 77.770933 11.608623 0.313007
-83.591400 77.770933 11.680430 0.415527
-79.628552 77.770933 11.656319 0.395475
-75.665704 77.770933 11.533893 0.392110
-71.702856 77.770933 11.738453 0.267463
-67.740008 77.770933 11.722123 0.152935
-63.777160 77.770933 11.604547 0.130924
-59.814312 77.770933 11.586653 0.043984
-55.851464 77.770933 11.607427 0.002323
-51.888616 77.770933 11.648035 0.036298
-47.925768 77.770933 11.709735 -0.226614
-43.962920 77.770933 11.531975 -0.215214
-40.000072 77.770933 11.467922 -0.056545
-36.037224 77.770933 11.461926 -0.145240
-32.074376 77.770933 11.439547 -0.217072
-28.111528 77.770933 11.382518 -0.336678
-24.148680 77.770933 11.372104 -0.381871
-20.185832 77.770933 11.188930 -0.203527
-16.222984 77.770933 11.226674 -0.178142
-12.260136 77.770933 0.000000 0.000000
-8.297289 77.770933 0.000000 0.000000
-4.334441 77.770933 0.000000 0.000000
-0.371593 77.770933 11.012204 -0.350819
3.591255 77.770933 11.105046 -0.229305
7.554103 77.770933 11.060054 -0.084548
11.516951 77.770933 11.055371 0.005627
15.479799 77.770933 11.032599 -0.243548
19.442647 77.770933 10.987340 -0.008147
23.405495 77.770933 10.835977 -0.156783
27.368343 77.770933 11.034219 0.002614
31.331191 77.770933 10.934647 0.176819
35.294039 77.770933 10.903642 -0.167786
39.256887 77.770933 10.727897 0.321102
43.219735 77.770933 10.848122 0.083151
47.182583 77.770933 10.868951 0.088580
51.145431 77.770933 10.943837 0.152971
55.108279 77.770933 10.993298 -0.063425
59.071127 77.770933 10.886633 -0.039182
63.033975 77.770933 11.011958 0.249753
66.996822 77.770933 11.059500 0.057190
-131.145575 73.808085 -7.918815 9.717701
-127.182727 73.808085 11.704253 1.030860
-123.219879 73.808085 11.409508 0.675588
-119.257031 73.808085 11.062195 0.556265
-115.294183 73.808085 11.358520 0.734538
-111.331335 73.808085 0.000000 0.000000
-107.368487 73.808085 0.000000 0.000000
-103.405639 73.808085 0.000000 0.000000
-99.442791 73.808085 0.000000 0.000000
-95.479943 73.808085 0.000000 0.000000
-91.517095 73.808085 11.656102 0.570106
-87.554247 73.808085 11.749889 0.487471
-83.591400 73.808085 11.785811 0.308972
-79.628552 73.808085 11.661004 0.295100
-75.665704 73.808085 11.768470 0.494240
-71.702856 73.808085 11.619061 0.090914
-67.740008 73.808085 11.712437 0.114642
-63.777160 73.808085 11.711547 0.129696
-59.814312 73.808085 11.717114 0.062736
-55.851464 73.808085 11.508886 -0.164427
-51.888616 73.808085 11.645547 -0.034062
-47.925768 73.808085 11.516390 -0.251453
-43.962920 73.808085 11.531405 -0.047520
-40.000072 73.808085 11.547792 -0.068804
-36.037224 73.808085 11.635221 -0.144546
-32.074376 73.808085 11.486501 -0.132399
-28.111528 73.808085 11.399042 -0.139853
-24.148680 73.808085 11.381522 -0.376118
-20.185832 73.808085 11.254202 -0.196817
-16.222984 73.808085 11.292382 -0.243021
-12.260136 73.808085 0.000000 0.000000
-8.297289 73.808085 0.000000 0.000000
-4.334441 73.808085 0.000000 0.000000
-0.371593 73.808085 11.107022 -0.154869
3.591255 73.808085 11.028258 -0.149969
7.554103 73.808085 11.092117 -0.026921
11.516951 73.808085 11.001934 -0.255910
15.479799 73.808085 11.056890 -0.160322
19.442647 73.808085 11.002363 -0.076624
23.405495 73.808085 10.801865 0.013343
27.368343 73.808085 10.949354 -0.203742
31.331191 73.808085 11.020657 -0.321762
35.294039 73.808085 11.056345 -0.019995
39.256887 73.808085 10.917021 -0.057724
43.219735 73.808085 10.998227 -0.057140
47.182583 73.808085 10.978236 0.215065
51.145431 73.808085 10.984105 -0.017848
55.108279 73.808085 10.892636 -0.069205
59.071127 73.808085 10.989849 0.079818
63.033975 73.808085 10.965469 0.307230
66.996822 73.808085 11.091170 -0.053888
-131.145575 69.845237 11.200887 0.734750
-127.182727 69.845237 -1.915036 -11.072732
-123.219879 69.845237 11.403974 0.614021
-119.257031 69.845237 10.990083 0.999318
-115.294183 69.845237 11.172396 0.726134
-111.331335 69.845237 0.000000 0.000000
-107.368487 69.845237 0.000000 0.000000
-103.405639 69.845237 0.000000 0.000000
-99.442791 69.845237 0.000000 0.000000
-95.479943 69.845237 0.000000 0.000000
-91.517095 69.845237 11.718587 0.699021
-87.554247 69.845237 11.675488 0.591472
-83.591400 69.845237 11.829791 0.216443
-79.628552 69.845237 11.663398 0.253820
-75.665704 69.845237 11.967438 0.371761
-71.702856 69.845237 11.542045 0.237430
-67.740008 69.845237 11.854479 0.113975
-63.777160 69.845237 11.828396 0.172484
-59.814312 69.845237 11.736059 -0.021302
-55.851464 69.845237 11.797376 -0.120998
-51.888616 69.845237 11.570493 -0.160730
-47.925768 69.845237 11.737165 -0.215765
-43.962920 69.845237 11.563546 -0.163893
-40.000072 69.845237 11.600365 0.096500
-36.037224 69.845237 11.450147 -0.251543
-32.074376 69.845237 11.345010 -0.092199
-28.111528 69.845237 11.411981 -0.119206
-24.148680 69.845237 11.388221 -0.381510
-20.185832 69.845237 11.179421 -0.405813
-16.222984 69.845237 11.178686 -0.310346
-12.260136 69.845237 0.000000 0.000000
-8.297289 69.845237 0.000000 0.000000
-4.334441 69.845237 0.000000 0.000000
-0.371593 69.845237 11.095447 -0.397744
3.591255 69.845237 10.968638 -0.309035
7.554103 69.845237 10.979480 -0.202432
11.516951 69.845237 11.000129 -0.155421
15.479799 69.845237 11.102501 -0.093062
19.442647 69.845237 10.907317 -0.090425
23.405495 69.845237 11.007634 -0.146518
27.368343 69.845237 10.886744 -0.225965
31.331191 69.845237 10.873487 -0.158600
35.294039 69.845237 10.866201 0.158194
39.256887 69.845237 10.927831 0.200819
43.219735 69.845237 10.958704 -0.055427
47.182583 69.845237 10.922820 0.122933
51.145431 69.845237 11.028670 0.087920
55.108279 69.845237 11.061488 -0.095947
59.071127 69.845237 10.937072 -0.023400
63.033975 69.845237 10.968463 0.197970
66.996822 69.845237 10.920156 -0.139908
-131.145575 65.882389 10.455173 0.972390
-127.182727 65.882389 10.770674 0.030521
-123.219879 65.882389 11.283457 0.848324
-119.257031 65.882389 11.305103 0.848424
-115.294183 65.882389 11.139401 0.882461
-111.331335 65.882389 0.000000 0.000000
-107.368487 65.882389 0.000000 0.000000
-103.405639 65.882389 0.000000 0.000000
-99.442791 65.882389 0.000000 0.000000
-95.479943 65.882389 0.000000 0.000000
-91.517095 65.882389 11.598936 0.694385
-87.554247 65.882389 11.837819 0.474886
-83.591400 65.882389 11.755902 0.413808
-79.628552 65.882389 11.932484 0.226918
-75.665704 65.882389 11.866752 0.229399
-71.702856 65.882389 11.850674 0.236499
-67.740008 65.882389 11.803502 -0.093068
-63.777160 65.882389 11.786539 0.083403
-59.814312 65.882389 11.729932 -0.149017
-55.851464 65.882389 11.780847 -0.018243
-51.888616 65.882389 11.682318 -0.252283
-47.925768 65.882389 11.617239 -0.159804
-43.962920 65.882389 11.672333 -0.168822
-40.000072 65.882389 11.424285 -0.249870
-36.037224 65.882389 11.476385 -0.258069
-32.074376 65.882389 11.484020 -0.422826
-28.111528 65.882389 11.593986 -0.374453
-24.148680 65.882389 11.342207 -0.442597
-20.185832 65.882389 11.173068 -0.339239
-16.222984 65.882389 11.169664 -0.308084
-12.260136 65.882389 0.000000 0.000000
-8.297289 65.882389 0.000000 0.000000
-4.334441 65.882389 11.067827 -0.338762
-0.371593 65.882389 11.135760 -0.282289
3.591255 65.882389 10.881826 -0.341126
7.554103 65.882389 10.924090 -0.166617
11.516951 65.882389 11.175753 -0.299899
15.479799 65.882389 10.953421 -0.168426
19.442647 65.882389 10.843788 -0.155782
23.405495 65.882389 10.935473 -0.252715
27.368343 65.882389 11.056776 -0.138367
31.331191 65.882389 10.838743 -0.033484
35.294039 65.882389 10.908136 -0.045063
39.256887 65.882389 11.071397 -0.177010
43.219735 65.882389 10.829126 -0.049992
47.182583 65.882389 10.869023 -0.157954
51.145431 65.882389 10.882543 0.038304
55.108279 65.882389 11.087888 -0.100603
59.071127 65.882389 10.820874 -0.096520
63.033975 65.882389 10.960745 0.134635
66.996822 65.882389 11.031146 0.080997
-131.145575 61.919541 9.613466 15.546359
-127.182727 61.919541 11.026287 0.898753
-123.219879 61.919541 11.294648 0.605065
-119.257031 61.919541 11.173644 0.883433
-115.294183 61.919541 11.133425 0.924416
-111.331335 61.919541 0.000000 0.000000
-107.368487 61.919541 0.000000 0.000000
-103.405639 61.919541 0.000000 0.000000
-99.442791 61.919541 0.000000 0.000000
-95.479943 61.919541 0.000000 0.000000
-91.517095 61.919541 11.853016 0.840880
-87.554247 61.919541 11.752083 0.661677
-83.591400 61.919541 11.857952 0.360263
-79.628552 61.919541 12.086932 0.423896
-75.665704 61.919541 11.946155 0.250748
-71.702856 61.919541 11.939119 0.098044
-67.740008 61.919541 11.978835 0.035282
-63.777160 61.919541 11.976642 -0.002509
-59.814312 61.919541 11.889962 0.003592
-55.851464 61.919541 11.876019 -0.187738
-51.888616 61.919541 11.680817 -0.146814
-47.925768 61.919541 11.709908 -0.109821
-43.962920 61.919541 11.713483 -0.286136
-40.000072 61.919541 11.729335 -0.301773
-36.037224 61.919541 11.577798 -0.491524
-32.074376 61.919541 11.551237 -0.326645
-28.111528 61.919541 11.490224 -0.496587
-24.148680 61.919541 11.630510 -0.381607
-20.185832 61.919541 11.071479 -0.584718
-16.222984 61.919541 11.427088 -0.378966
-12.260136 61.919541 0.000000 0.000000
-8.297289 61.919541 0.000000 0.000000
-4.334441 61.919541 10.976128 -0.312660
-0.371593 61.919541 11.055990 -0.167174
3.591255 61.919541 11.034781 -0.075445
7.554103 61.919541 11.049736 -0.289265
11.516951 61.919541 10.916197 0.098980
15.479799 61.919541 10.906375 -0.060125
19.442647 61.919541 10.828069 -0.244488
23.405495 61.919541 10.927054 -0.096191
27.368343 61.919541 11.064422 -0.177437
31.331191 61.919541 10.884692 0.018608
35.294039 61.919541 10.900416 -0.049052
39.256887 61.919541 10.740239 0.052506
43.219735 61.919541 10.997653 0.120412
47.182583 61.919541 10.769220 -0.369507
51.145431 61.919541 10.990430 -0.174911
55.108279 61.919541 10.828484 -0.087245
59.071127 61.919541 10.920584 -0.237301
63.033975 61.919541 10.811947 -0.083998
66.996822 61.919541 10.918692 -0.132464
-131.145575 57.956694 3.490486 -0.259777
-127.182727 57.956694 17.162256 6.887453
-123.219879 57.956694 10.906351 1.571865
-119.257031 57.956694 11.231634 0.972374
-115.294183 57.956694 11.166052 0.882832
-111.331335 57.956694 0.000000 0.000000
-107.368487 57.956694 0.000000 0.000000
-103.405639 57.956694 0.000000 0.000000
-99.442791 57.956694 0.000000 0.000000
-95.479943 57.956694 11.952186 1.005301
-91.517095 57.956694 12.052707 1.014570
-87.554247 57.956694 11.895624 0.589290
-83.591400 57.956694 12.352620 0.466481
-79.628552 57.956694 11.978308 0.351383
-75.665704 57.956694 12.015538 0.502252
-71.702856 57.956694 12.083652 0.159903
-67.740008 57.956694 12.192966 0.349529
-63.777160 57.956694 11.969835 -0.196698
-59.814312 57.956694 11.945149 -0.066923
-55.851464 57.956694 11.795607 0.271694
-51.888616 57.956694 11.919731 -0.416140
-47.925768 57.956694 11.778407 -0.352762
-43.962920 57.956694 11.711986 -0.362356
-40.000072 57.956694 11.593404 -0.289723
-36.037224 57.956694 11.540208 -0.291104
-32.074376 57.956694 11.809424 -0.624646
-28.111528 57.956694 11.427847 -0.299792
-24.148680 57.956694 11.283180 -0.315819
-20.185832 57.956694 11.322327 -0.637609
-16.222984 57.956694 11.078982 -0.466112
-12.260136 57.956694 0.000000 0.000000
-8.297289 57.956694 0.000000 0.000000
-4.334441 57.956694 10.926999 -0.434306
-0.371593 57.956694 10.810194 -0.268212
3.591255 57.956694 10.865962 -0.398155
7.554103 57.956694 10.827439 -0.305157
11.516951 57.956694 10.865384 -0.171947
15.479799 57.956694 10.851974 -0.294164
19.442647 57.956694 10.861338 -0.202506
23.405495 57.956694 10.879576 -0.208392
27.368343 57.956694 10.902270 -0.050771
31.331191 57.956694 10.956238 -0.194073
35.294039 57.956694 10.908728 0.071546
39.256887 57.956694 10.950849 -0.147903
43.219735 57.956694 10.910279 -0.084932
47.182583 57.956694 10.791860 -0.197773
51.145431 57.956694 10.846929 -0.047036
55.108279 57.956694 10.981172 0.099995
59.071127 57.956694 10.902441 -0.122839
63.033975 57.956694 10.878339 -0.015406
66.996822 57.956694 10.925382 -0.072881
-131.145575 53.993846 11.295568 0.358465
-127.182727 53.993846 -6.569421 -2.317347
-123.219879 53.993846 10.791800 0.761727
-119.257031 53.993846 10.986106 1.378724
-115.294183 53.993846 10.852964 1.252611
-111.331335 53.993846 0.000000 0.000000
-107.368487 53.993846 0.000000 0.000000
-103.405639 53.993846 0.000000 0.000000
-99.442791 53.993846 0.000000 0.000000
-95.479943 53.993846 12.005782 1.128523
-91.517095 53.993846 12.164064 1.036993
-87.554247 53.993846 12.288425 0.698255
-83.591400 53.993846 12.233962 0.574366
-79.628552 53.993846 12.210089 0.483519
-75.665704 53.993846 12.213130 0.308535
-71.702856 53.993846 12.089335 0.225603
-67.740008 53.993846 12.089598 0.124335
-63.777160 53.993846 12.069051 -0.111152
-59.814312 53.993846 12.010024 0.064338
-55.851464 53.993846 11.901532 -0.273009
-51.888616 53.993846 11.803507 -0.398198
-47.925768 53.993846 11.716194 -0.200724
-43.962920 53.993846 11.924162 -0.419375
-40.000072 53.993846 11.771338 -0.354791
-36.037224 53.993846 11.501299 -0.513938
-32.074376 53.993846 11.430446 -0.442832
-28.111528 53.993846 11.188891 -0.525961
-24.148680 53.993846 11.312260 -0.476597
-20.185832 53.993846 11.308864 -0.537705
-16.222984 53.993846 11.249822 -0.664389
-12.260136 53.993846 10.892453 -0.583115
-8.297289 53.993846 0.000000 0.000000
-4.334441 53.993846 10.875567 -0.385952
-0.371593 53.993846 11.029273 -0.261194
3.591255 53.993846 10.781291 -0.263166
7.554103 53.993846 10.952458 -0.361514
11.516951 53.993846 10.665725 0.017210
15.479799 53.993846 10.920275 -0.281430
19.442647 53.993846 10.886182 -0.219167
23.405495 53.993846 10.898128 -0.433051
27.368343 53.993846 10.788878 -0.180694
31.331191 53.993846 10.727540 -0.224986
35.294039 53.993846 10.978752 -0.308483
39.256887 53.993846 10.707726 -0.011496
43.219735 53.993846 10.815921 0.297918
47.182583 53.993846 10.934688 -0.095139
51.145431 53.993846 10.772110 0.234910
55.108279 53.993846 11.093697 -0.034250
59.071127 53.993846 11.020454 -0.047043
63.033975 53.993846 10.890870 0.039263
66.996822 53.993846 10.855758 -0.158276
-131.145575 50.030998 10.363481 1.200398
-127.182727 50.030998 10.711895 0.790191
-123.219879 50.030998 10.460116 0.925273
-119.257031 50.030998 10.654285 0.954010
-115.294183 50.030998 10.841146 1.379621
-111.331335 50.030998 0.000000 0.000000
-107.368487 50.030998 0.000000 0.000000
-103.405639 50.030998 0.000000 0.000000
-99.442791 50.030998 0.000000 0.000000
-95.479943 50.030998 12.205786 1.317696
-91.517095 50.030998 12.221151 1.080077
-87.554247 50.030998 12.237758 0.687434
-83.591400 50.030998 12.333061 0.194312
-79.628552 50.030998 12.453794 0.451411
-75.665704 50.030998 12.473094 0.310697
-71.702856 50.030998 12.642642 0.021746
-67.740008 50.030998 12.200748 0.040093
-63.777160 50.030998 12.160457 -0.026340
-59.814312 50.030998 12.032244 0.064164
-55.851464 50.030998 11.999961 -0.473792
-51.888616 50.030998 11.872401 -0.313006
-47.925768 50.030998 11.832623 -0.490901
-43.962920 50.030998 11.832021 -0.555658
-40.000072 50.030998 11.834484 -0.539042
-36.037224 50.030998 11.576024 -0.599699
-32.074376 50.030998 11.660013 -0.598610
-28.111528 50.030998 11.462290 -0.465173
-24.148680 50.030998 11.180118 -0.543827
-20.185832 50.030998 11.399720 -0.678619
-16.222984 50.030998 11.368372 -0.430187
-12.260136 50.030998 10.914991 -0.689314
-8.297289 50.030998 0.000000 0.000000
-4.334441 50.030998 10.736772 -0.460051
-0.371593 50.030998 10.629352 -0.452819
3.591255 50.030998 10.626922 -0.215531
7.554103 50.030998 10.809896 -0.342977
11.516951 50.030998 10.745380 -0.113317
15.479799 50.030998 11.025713 -0.093323
19.442647 50.030998 10.906908 -0.444018
23.405495 50.030998 10.738875 -0.305556
27.368343 50.030998 10.836003 -0.131949
31.331191 50.030998 10.653637 0.147132
35.294039 50.030998 11.119530 -0.190079
39.256887 50.030998 10.862578 -0.100282
43.219735 50.030998 10.896322 -0.233421
47.182583 50.030998 10.731686 -0.167244
51.145431 50.030998 10.556271 0.120002
55.108279 50.030998 10.863090 -0.038986
59.071127 50.030998 11.117046 0.202843
63.033975 50.030998 10.909277 0.166550
66.996822 50.030998 10.811243 0.368875
-131.145575 46.068150 -0.211379 -9.059384
-127.182727 46.068150 12.923987 7.151655
-123.219879 46.068150 14.091638 5.940804
-119.257031 46.068150 10.696834 0.920277
-115.294183 46.068150 10.479647 1.721201
-111.331335 46.068150 10.845391 1.255078
-107.368487 46.068150 0.000000 0.000000
-103.405639 46.068150 0.000000 0.000000
-99.442791 46.068150 0.000000 0.000000
-95.479943 46.068150 12.438952 1.592590
-91.517095 46.068150 12.611145 1.064260
-87.554247 46.068150 12.662483 0.912643
-83.591400 46.068150 12.556165 0.511611
-79.628552 46.068150 12.843420 0.230917
-75.665704 46.068150 12.611194 0.061603
-71.702856 46.068150 12.460187 0.042459
-67.740008 46.068150 12.249546 -0.124646
-63.777160 46.068150 12.155263 -0.353847
-59.814312 46.068150 12.079376 -0.440781
-55.851464 46.068150 11.948228 -0.277715
-51.888616 46.068150 12.007488 -0.549334
-47.925768 46.068150 12.014560 -0.692852
-43.962920 46.068150 11.772123 -0.571457
-40.000072 46.068150 11.741362 -0.725502
-36.037224 46.068150 11.543587 -0.735329
-32.074376 46.068150 11.733285 -0.590964
-28.111528 46.068150 11.853978 -0.646181
-24.148680 46.068150 11.540179 -0.909186
-20.185832 46.068150 11.290957 -0.656253
-16.222984 46.068150 11.495297 -0.754044
-12.260136 46.068150 11.319454 -0.815228
-8.297289 46.068150 0.000000 0.000000
-4.334441 46.068150 10.864461 -0.738843
-0.371593 46.068150 10.704546 -0.637587
3.591255 46.068150 10.618626 -0.416775
7.554103 46.068150 10.649133 0.038407
11.516951 46.068150 10.740938 -0.011535
15.479799 46.068150 10.704370 -0.196137
19.442647 46.068150 10.588640 -0.007889
23.405495 46.068150 10.708793 -0.086883
27.368343 46.068150 10.612157 0.044099
31.331191 46.068150 10.871641 -0.020874
35.294039 46.068150 11.079717 -0.298784
39.256887 46.068150 11.151918 0.001100
43.219735 46.068150 10.923066 -0.417250
47.182583 46.068150 10.661611 0.152202
51.145431 46.068150 10.720683 0.335599
55.108279 46.068150 10.867645 -0.007455
59.071127 46.068150 11.130580 -0.296169
63.033975 46.068150 11.237910 -0.312482
66.996822 46.068150 11.089931 -0.161088
-131.145575 42.105302 -6.736565 -3.802807
-127.182727 42.105302 10.229493 0.705965
-123.219879 42.105302 -16.339594 -2.457734
-119.257031 42.105302 10.318267 1.298898
-115.294183 42.105302 10.056758 1.664835
-111.331335 42.105302 10.424778 2.008788
-107.368487 42.105302 0.000000 0.000000
-103.405639 42.105302 0.000000 0.000000
-99.442791 42.105302 12.066081 2.008427
-95.479943 42.105302 12.540696 1.539466
-91.517095 42.105302 12.838942 0.919504
-87.554247 42.105302 13.122863 0.694535
-83.591400 42.105302 13.099154 0.610246
-79.628552 42.105302 13.011513 0.376672
-75.665704 42.105302 12.659152 0.031886
-71.702856 42.105302 12.559202 -0.035868
-67.740008 42.105302 12.542460 -0.507166
-63.777160 42.105302 12.383305 -0.379215
-59.814312 42.105302 12.182185 -0.426334
-55.851464 42.105302 12.280846 -0.573746
-51.888616 42.105302 12.037233 -0.444278
-47.925768 42.105302 12.092258 -0.587021
-43.962920 42.105302 11.808978 -0.558044
-40.000072 42.105302 11.539307 -0.856621
-36.037224 42.105302 11.579567 -0.793425
-32.074376 42.105302 11.410860 -0.815682
-28.111528 42.105302 11.551744 -0.513365
-24.148680 42.105302 11.458421 -0.717665
-20.185832 42.105302 11.419518 -0.969536
-16.222984 42.105302 11.479689 -0.656518
-12.260136 42.105302 10.850216 -0.720111
-8.297289 42.105302 0.000000 0.000000
-4.334441 42.105302 10.830785 -0.853849
-0.371593 42.105302 10.537498 -0.982630
3.591255 42.105302 10.093644 -0.571032
7.554103 42.105302 10.263615 0.405710
11.516951 42.105302 10.967277 -0.206571
15.479799 42.105302 10.992777 -0.384842
19.442647 42.105302 10.644505 -0.555662
23.405495 42.105302 10.562043 -0.481941
27.368343 42.105302 10.421721 -0.217206
31.331191 42.105302 10.855056 -0.110080
35.294039 42.105302 11.032199 -0.433865
39.256887 42.105302 11.287822 -0.326110
43.219735 42.105302 10.677491 -0.729912
47.182583 42.105302 10.222135 -0.427601
51.145431 42.105302 9.428963 -0.117781
55.108279 42.105302 9.936943 -0.010553
59.071127 42.105302 10.213436 1.460540
63.033975 42.105302 11.207183 -0.690776
66.996822 42.105302 10.769606 -1.011129
-131.145575 38.142454 12.704506 -10.272373
-127.182727 38.142454 -9.323489 8.877053
-123.219879 38.142454 10.699095 1.385230
-119.257031 38.142454 10.327744 1.668494
-115.294183 38.142454 9.652655 1.706995
-111.331335 38.142454 9.434588 2.330314
-107.368487 38.142454 0.000000 0.000000
-103.405639 38.142454 0.000000 0.000000
-99.442791 38.142454 0.000000 0.000000
-95.479943 38.142454 0.000000 0.000000
-91.517095 38.142454 0.000000 0.000000
-87.554247 38.142454 0.000000 0.000000
-83.591400 38.142454 0.000000 0.000000
-79.628552 38.142454 0.000000 0.000000
-75.665704 38.142454 0.000000 0.000000
-71.702856 38.142454 0.000000 0.000000
-67.740008 38.142454 0.000000 0.000000
-63.777160 38.142454 0.000000 0.000000
-59.814312 38.142454 0.000000 0.000000
-55.851464 38.142454 0.000000 0.000000
-51.888616 38.142454 0.000000 0.000000
-47.925768 38.142454 0.000000 0.000000
-43.962920 38.142454 0.000000 0.000000
-40.000072 38.142454 0.000000 0.000000
-36.037224 38.142454 0.000000 0.000000
-32.074376 38.142454 0.000000 0.000000
-28.111528 38.142454 0.000000 0.000000
-24.148680 38.142454 11.643432 -0.953037
-20.185832 38.142454 11.116652 -0.885464
-16.222984 38.142454 11.832852 -0.848603
-12.260136 38.142454 10.423076 -2.076605
-8.297289 38.142454 0.000000 0.000000
-4.334441 38.142454 11.828065 -1.069111
-0.371593 38.142454 10.380448 -1.711208
3.591255 38.142454 9.457049 -0.810235
7.554103 38.142454 5.557324 3.113898
11.516951 38.142454 8.197020 2.119570
15.479799 38.142454 11.005098 -0.641642
19.442647 38.142454 10.851087 -1.068086
23.405495 38.142454 10.515094 -1.109622
27.368343 38.142454 10.446815 -0.895824
31.331191 38.142454 9.068950 -0.549121
35.294039 38.142454 10.010510 1.400324
39.256887 38.142454 10.470941 2.328778
43.219735 38.142454 10.372338 -1.252154
47.182583 38.142454 9.071500 -0.846310
51.145431 38.142454 8.722796 -1.391461
55.108279 38.142454 -5.293107 1.526624
59.071127 38.142454 9.277115 2.133930
63.033975 38.142454 10.494981 -0.936371
66.996822 38.142454 10.382627 -1.059984
-131.145575 34.179606 -14.965418 -11.854980
-127.182727 34.179606 4.608346 -8.684493
-123.219879 34.179606 9.760940 0.602447
-119.257031 34.179606 9.464338 0.421931
-115.294183 34.179606 0.000000 0.000000
-111.331335 34.179606 0.000000 0.000000
-107.368487 34.179606 0.000000 0.000000
-103.405639 34.179606 0.000000 0.000000
-99.442791 34.179606 0.000000 0.000000
-95.479943 34.179606 0.000000 0.000000
-91.517095 34.179606 0.000000 0.000000
-87.554247 34.179606 0.000000 0.000000
-83.591400 34.179606 0.000000 0.000000
-79.628552 34.179606 0.000000 0.000000
-75.665704 34.179606 0.000000 0.000000
-71.702856 34.179606 0.000000 0.000000
-67.740008 34.179606 0.000000 0.000000
-63.777160 34.179606 0.000000 0.000000
-59.814312 34.179606 0.000000 0.000000
-55.851464 34.179606 0.000000 0.000000
-51.888616 34.179606 0.000000 0.000000
-47.925768 34.179606 0.000000 0.000000
-43.962920 34.179606 0.000000 0.000000
-40.000072 34.179606 0.000000 0.000000
-36.037224 34.179606 0.000000 0.000000
-32.074376 34.179606 0.000000 0.000000
-28.111528 34.179606 0.000000 0.000000
-24.148680 34.179606 0.000000 0.000000
-20.185832 34.179606 0.000000 0.000000
-16.222984 34.179606 0.000000 0.000000
-12.260136 34.179606 0.000000 0.000000
-8.297289 34.179606 0.000000 0.000000
-4.334441 34.179606 0.000000 0.000000
-0.371593 34.179606 9.667476 -2.600408
3.591255 34.179606 8.307656 -2.264131
7.554103 34.179606 5.062010 -0.829082
11.516951 34.179606 8.227950 3.655182
15.479799 34.179606 9.233064 1.961715
19.442647 34.179606 10.784602 -1.407881
23.405495 34.179606 10.422168 -1.516526
27.368343 34.179606 10.163978 -2.253938
31.331191 34.179606 10.022990 1.906302
35.294039 34.179606 9.464092 1.887202
39.256887 34.179606 8.790818 0.581416
43.219735 34.179606 9.982694 -0.735529
47.182583 34.179606 10.271862 -1.849495
51.145431 34.179606 10.417421 -1.530727
55.108279 34.179606 11.598835 1.453057
59.071127 34.179606 9.718529 2.077811
63.033975 34.179606 10.176397 1.351805
66.996822 34.179606 11.005810 -0.581331
-131.145575 30.216758 4.141547 16.238997
-127.182727 30.216758 14.624778 -7.490098
-123.219879 30.216758 0.000000 0.000000
-119.257031 30.216758 0.000000 0.000000
-115.294183 30.216758 0.000000 0.000000
-111.331335 30.216758 0.000000 0.000000
-107.368487 30.216758 0.000000 0.000000
-103.405639 30.216758 0.000000 0.000000
-99.442791 30.216758 0.000000 0.000000
-95.479943 30.216758 0.000000 0.000000
-91.517095 30.216758 0.000000 0.000000
-87.554247 30.216758 0.000000 0.000000
-83.591400 30.216758 0.000000 0.000000
-79.628552 30.216758 0.000000 0.000000
-75.665704 30.216758 0.000000 0.000000
-71.702856 30.216758 0.000000 0.000000
-67.740008 30.216758 0.000000 0.000000
-63.777160 30.216758 0.000000 0.000000
-59.814312 30.216758 0.000000 0.000000
-55.851464 30.216758 0.000000 0.000000
-51.888616 30.216758 0.000000 0.000000
-47.925768 30.216758 0.000000 0.000000
-43.962920 30.216758 0.000000 0.000000
-40.000072 30.216758 0.000000 0.000000
-36.037224 30.216758 0.000000 0.000000
-32.074376 30.216758 0.000000 0.000000
-28.111528 30.216758 0.000000 0.000000
-24.148680 30.216758 0.000000 0.000000
-20.185832 30.216758 0.000000 0.000000
-16.222984 30.216758 0.000000 0.000000
-12.260136 30.216758 0.000000 0.000000
-8.297289 30.216758 0.000000 0.000000
-4.334441 30.216758 0.000000 0.000000
-0.371593 30.216758 0.000000 0.000000
3.591255 30.216758 0.000000 0.000000
7.554103 30.216758 -13.135905 16.231848
11.516951 30.216758 10.994551 1.624420
15.479799 30.216758 9.811694 1.141683
19.442647 30.216758 9.686603 0.558648
23.405495 30.216758 10.134278 -1.752266
27.368343 30.216758 11.841587 -1.152300
31.331191 30.216758 12.374797 0.589111
35.294039 30.216758 10.555707 1.595652
39.256887 30.216758 10.229124 0.782196
43.219735 30.216758 10.094375 0.087340
47.182583 30.216758 10.891880 -1.483148
51.145431 30.216758 10.613418 0.235706
55.108279 30.216758 11.211586 0.650653
59.071127 30.216758 10.743635 1.703931
63.033975 30.216758 10.296145 0.965257
66.996822 30.216758 10.497309 0.815394
-131.145575 26.253910 14.194217 -12.415846
-127.182727 26.253910 -11.196833 7.128926
-123.219879 26.253910 0.000000 0.000000
-119.257031 26.253910 0.000000 0.000000
-115.294183 26.253910 0.000000 0.000000
-111.331335 26.253910 0.000000 0.000000
-107.368487 26.253910 0.000000 0.000000
-103.405639 26.253910 0.000000 0.000000
-99.442791 26.253910 0.000000 0.000000
-95.479943 26.253910 0.000000 0.000000
-91.517095 26.253910 0.000000 0.000000
-87.554247 26.253910 0.000000 0.000000
-83.591400 26.253910 0.000000 0.000000
-79.628552 26.253910 0.000000 0.000000
-75.665704 26.253910 0.000000 0.000000
-71.702856 26.253910 0.000000 0.000000
-67.740008 26.253910 0.000000 0.000000
-63.777160 26.253910 0.000000 0.000000
-59.814312 26.253910 0.000000 0.000000
-55.851464 26.253910 0.000000 0.000000
-51.888616 26.253910 0.000000 0.000000
-47.925768 26.253910 0.000000 0.000000
-43.962920 26.253910 0.000000 0.000000
-40.000072 26.253910 0.000000 0.000000
-36.037224 26.253910 0.000000 0.000000
-32.074376 26.253910 0.000000 0.000000
-28.111528 26.253910 0.000000 0.000000
-24.148680 26.253910 0.000000 0.000000
-20.185832 26.253910 0.000000 0.000000
-16.222984 26.253910 0.000000 0.000000
-12.260136 26.253910 0.000000 0.000000
-8.297289 26.253910 0.000000 0.000000
-4.334441 26.253910 0.000000 0.000000
-0.371593 26.253910 0.000000 0.000000
3.591255 26.253910 0.000000 0.000000
7.554103 26.253910 0.000000 0.000000
11.516951 26.253910 10.935896 0.872638
15.479799 26.253910 10.478348 0.877643
19.442647 26.253910 10.364666 0.336667
23.405495 26.253910 9.845908 -0.192828
27.368343 26.253910 10.923379 -0.245807
31.331191 26.253910 11.602768 0.360021
35.294039 26.253910 10.739275 0.534026
39.256887 26.253910 10.416236 0.465739
43.219735 26.253910 10.617830 0.442700
47.182583 26.253910 10.308300 -0.302762
51.145431 26.253910 11.603238 -0.667856
55.108279 26.253910 11.577108 -0.088415
59.071127 26.253910 10.812566 0.554548
63.033975 26.253910 10.579517 0.373000
66.996822 26.253910 10.065818 0.242421
-131.145575 22.291062 13.055673 9.471083
-127.182727 22.291062 10.268139 0.042755
-123.219879 22.291062 0.000000 0.000000
-119.257031 22.291062 0.000000 0.000000
-115.294183 22.291062 0.000000 0.000000
-111.331335 22.291062 0.000000 0.000000
-107.368487 22.291062 0.000000 0.000000
-103.405639 22.291062 0.000000 0.000000
-99.442791 22.291062 0.000000 0.000000
-95.479943 22.291062 0.000000 0.000000
-91.517095 22.291062 0.000000 0.000000
-87.554247 22.291062 0.000000 0.000000
-83.591400 22.291062 0.000000 0.000000
-79.628552 22.291062 0.000000 0.000000
-75.665704 22.291062 0.000000 0.000000
-71.702856 22.291062 0.000000 0.000000
-67.740008 22.291062 0.000000 0.000000
-63.777160 22.291062 0.000000 0.000000
-59.814312 22.291062 0.000000 0.000000
-55.851464 22.291062 0.000000 0.000000
-51.888616 22.291062 0.000000 0.000000
-47.925768 22.291062 0.000000 0.000000
-43.962920 22.291062 0.000000 0.000000
-40.000072 22.291062 0.000000 0.000000
-36.037224 22.291062 0.000000 0.000000
-32.074376 22.291062 0.000000 0.000000
-28.111528 22.291062 0.000000 0.000000
-24.148680 22.291062 0.000000 0.000000
-20.185832 22.291062 0.000000 0.000000
-16.222984 22.291062 0.000000 0.000000
-12.260136 22.291062 0.000000 0.000000
-8.297289 22.291062 0.000000 0.000000
-4.334441 22.291062 10.473751 0.883723
-0.371593 22.291062 10.638216 0.708323
3.591255 22.291062 10.332417 0.145934
7.554103 22.291062 10.983640 0.342066
11.516951 22.291062 10.791776 0.500542
15.479799 22.291062 10.500551 0.494153
19.442647 22.291062 10.555328 0.295796
23.405495 22.291062 10.394847 0.279228
27.368343 22.291062 11.229239 -0.374449
31.331191 22.291062 10.959386 -0.032619
35.294039 22.291062 10.680829 0.587923
39.256887 22.291062 10.658795 0.305298
43.219735 22.291062 10.556331 -0.090965
47.182583 22.291062 10.572195 0.444960
51.145431 22.291062 5.238428 15.613499
55.108279 22.291062 10.895235 0.308653
59.071127 22.291062 10.979697 -0.406077
63.033975 22.291062 10.656793 0.439758
66.996822 22.291062 10.431124 0.078829
-131.145575 18.328214 3.101155 0.003896
-127.182727 18.328214 9.818817 -17.638952
-123.219879 18.328214 10.063733 -1.757991
-119.257031 18.328214 -11.872684 -3.810228
-115.294183 18.328214 10.397019 -0.894887
-111.331335 18.328214 7.525635 -6.721687
-107.368487 18.328214 0.000000 0.000000
-103.405639 18.328214 0.000000 0.000000
-99.442791 18.328214 0.000000 0.000000
-95.479943 18.328214 0.000000 0.000000
-91.517095 18.328214 0.000000 0.000000
-87.554247 18.328214 0.000000 0.000000
-83.591400 18.328214 0.000000 0.000000
-79.628552 18.328214 0.000000 0.000000
-75.665704 18.328214 0.000000 0.000000
-71.702856 18.328214 0.000000 0.000000
-67.740008 18.328214 0.000000 0.000000
-63.777160 18.328214 0.000000 0.000000
-59.814312 18.328214 0.000000 0.000000
-55.851464 18.328214 0.000000 0.000000
-51.888616 18.328214 11.750759 0.575900
-47.925768 18.328214 11.880926 0.571533
-43.962920 18.328214 11.679710 0.687660
-40.000072 18.328214 11.592645 0.675610
-36.037224 18.328214 11.605127 0.625795
-32.074376 18.328214 11.221869 1.019089
-28.111528 18.328214 11.262377 0.856867
-24.148680 18.328214 11.482119 0.711023
-20.185832 18.328214 11.500974 1.138757
-16.222984 18.328214 10.951314 1.052596
-12.260136 18.328214 11.001746 0.782824
-8.297289 18.328214 10.697400 1.009053
-4.334441 18.328214 10.675078 0.811621
-0.371593 18.328214 10.696542 0.802583
3.591255 18.328214 10.716525 0.547762
7.554103 18.328214 10.752922 0.453328
11.516951 18.328214 10.677135 0.294520
15.479799 18.328214 10.691697 0.502080
19.442647 18.328214 10.758611 0.342921
23.405495 18.328214 10.822653 -0.047989
27.368343 18.328214 11.242575 0.469691
31.331191 18.328214 10.817712 -0.468798
35.294039 18.328214 10.865201 0.368934
39.256887 18.328214 10.739300 -0.146005
43.219735 18.328214 10.907576 0.371270
47.182583 18.328214 10.518613 0.208935
51.145431 18.328214 11.138016 0.395128
55.108279 18.328214 10.595538 0.402124
59.071127 18.328214 10.861089 0.364226
63.033975 18.328214 10.504932 0.209075
66.996822 18.328214 11.014212 0.619708
-131.145575 14.365366 -16.163193 -13.516631
-127.182727 14.365366 11.018037 -1.002236
-123.219879 14.365366 10.832749 0.866299
-119.257031 14.365366 10.625893 -0.125107
-115.294183 14.365366 8.745684 -13.492712
-111.331335 14.365366 10.627209 -0.625175
-107.368487 14.365366 11.443465 -0.624479
-103.405639 14.365366 11.081370 -1.182156
-99.442791 14.365366 10.938581 -0.854417
-95.479943 14.365366 11.467935 -0.899263
-91.517095 14.365366 11.552336 -0.563110
-87.554247 14.365366 12.265827 -0.486777
-83.591400 14.365366 11.994205 -0.580264
-79.628552 14.365366 12.127595 -0.123237
-75.665704 14.365366 12.272248 -0.458271
-71.702856 14.365366 12.011405 -0.145211
-67.740008 14.365366 11.923053 0.575001
-63.777160 14.365366 12.116062 0.341799
-59.814312 14.365366 11.973501 0.586282
-55.851464 14.365366 11.991783 0.569132
-51.888616 14.365366 11.793372 0.643833
-47.925768 14.365366 11.315432 0.646760
-43.962920 14.365366 11.603060 0.567381
-40.000072 14.365366 11.634017 0.623534
-36.037224 14.365366 11.521403 0.615026
-32.074376 14.365366 11.208815 0.553375
-28.111528 14.365366 11.325808 0.746626
-24.148680 14.365366 11.278181 0.656366
-20.185832 14.365366 11.644058 0.585187
-16.222984 14.365366 10.955542 0.716819
-12.260136 14.365366 10.853998 0.642645
-8.297289 14.365366 10.917789 0.695723
-4.334441 14.365366 10.883712 0.524915
-0.371593 14.365366 10.921899 0.633124
3.591255 14.365366 10.941186 0.307743
7.554103 14.365366 10.769500 0.520890
11.516951 14.365366 10.768777 0.719570
15.479799 14.365366 10.916117 0.118703
19.442647 14.365366 10.761336 0.563296
23.405495 14.365366 11.094525 0.350340
27.368343 14.365366 11.184148 0.112927
31.331191 14.365366 11.012959 0.239293
35.294039 14.365366 11.134995 0.231096
39.256887 14.365366 10.695356 0.484203
43.219735 14.365366 10.722197 0.608122
47.182583 14.365366 10.811007 0.095131
51.145431 14.365366 10.787114 -0.127253
55.108279 14.365366 10.897320 0.081554
59.071127 14.365366 11.198877 -0.168142
63.033975 14.365366 10.827950 0.076561
66.996822 14.365366 10.818083 0.335450
-131.145575 10.402518 4.797354 -4.381344
-127.182727 10.402518 -16.411896 -2.255623
-123.219879 10.402518 3.955951 14.279468
-119.257031 10.402518 11.525891 -0.699405
-115.294183 10.402518 -4.955900 -17.351997
-111.331335 10.402518 10.677272 -0.908380
-107.368487 10.402518 10.895418 -1.080764
-103.405639 10.402518 11.330430 -0.525945
-99.442791 10.402518 11.172208 -0.601733
-95.479943 10.402518 11.461919 -0.898787
-91.517095 10.402518 11.716770 -0.567296
-87.554247 10.402518 11.837834 -0.452938
-83.591400 10.402518 11.836875 -0.217568
-79.628552 10.402518 11.883108 -0.693588
-75.665704 10.402518 11.809896 0.432290
-71.702856 10.402518 11.768836 0.085809
-67.740008 10.402518 11.844234 0.161003
-63.777160 10.402518 11.852713 0.315456
-59.814312 10.402518 11.833549 0.218973
-55.851464 10.402518 12.003222 0.539782
-51.888616 10.402518 11.760619 0.287555
-47.925768 10.402518 11.636435 0.396154
-43.962920 10.402518 11.772560 0.515345
-40.000072 10.402518 11.588734 0.674014
-36.037224 10.402518 11.803806 0.633144
-32.074376 10.402518 11.310148 0.660056
-28.111528 10.402518 11.062881 0.846655
-24.148680 10.402518 11.224876 0.642318
-20.185832 10.402518 10.949528 0.692444
-16.222984 10.402518 11.243356 0.551552
-12.260136 10.402518 11.135396 0.580227
-8.297289 10.402518 10.947727 0.440065
-4.334441 10.402518 10.930658 0.486918
-0.371593 10.402518 10.793754 0.930665
3.591255 10.402518 10.961617 0.388046
7.554103 10.402518 10.809119 0.596579
11.516951 10.402518 10.585396 0.565433
15.479799 10.402518 10.774296 0.114930
19.442647 10.402518 10.972724 0.450659
23.405495 10.402518 11.077201 0.300570
27.368343 10.402518 10.632516 0.433438
31.331191 10.402518 10.616672 0.849880
35.294039 10.402518 10.940680 0.493980
39.256887 10.402518 10.680034 -0.063619
43.219735 10.402518 10.789493 0.492202
47.182583 10.402518 11.018133 0.383096
51.145431 10.402518 10.841412 -0.034395
55.108279 10.402518 10.870831 0.183369
59.071127 10.402518 11.086468 0.464315
63.033975 10.402518 10.778326 0.331830
66.996822 10.402518 10.639243 -0.229920
-131.145575 6.439670 8.081820 -16.710657
-127.182727 6.439670 0.110544 2.139581
-123.219879 6.439670 17.397429 -2.628304
-119.257031 6.439670 -7.826381 -1.463968
-115.294183 6.439670 18.269106 -2.994422
-111.331335 6.439670 10.359138 -0.175873
-107.368487 6.439670 11.116290 -0.243917
-103.405639 6.439670 10.695563 -0.651207
-99.442791 6.439670 11.394017 -0.385705
-95.479943 6.439670 11.872513 -0.423696
-91.517095 6.439670 11.709426 -0.753825
-87.554247 6.439670 11.678394 -0.264602
-83.591400 6.439670 11.741022 -0.386073
-79.628552 6.439670 11.815947 -0.320727
-75.665704 6.439670 11.708346 0.159590
-71.702856 6.439670 11.811440 -0.129302
-67.740008 6.439670 11.863117 -0.270519
-63.777160 6.439670 11.864997 0.345610
-59.814312 6.439670 11.910996 0.706572
-55.851464 6.439670 11.669377 0.310819
-51.888616 6.439670 11.837014 0.434864
-47.925768 6.439670 11.470159 0.525489
-43.962920 6.439670 11.844769 0.525225
-40.000072 6.439670 11.792119 0.514469
-36.037224 6.439670 11.600818 0.585867
-32.074376 6.439670 10.903353 0.581464
-28.111528 6.439670 11.262394 0.755146
-24.148680 6.439670 11.069001 0.366158
-20.185832 6.439670 11.025612 0.579762
-16.222984 6.439670 11.074280 0.690119
-12.260136 6.439670 11.152883 0.779921
-8.297289 6.439670 10.853145 0.683526
-4.334441 6.439670 10.875722 0.599418
-0.371593 6.439670 10.878842 0.523617
3.591255 6.439670 11.122441 0.488877
7.554103 6.439670 10.546928 0.331777
11.516951 6.439670 11.191586 0.155834
15.479799 6.439670 11.060563 0.185435
19.442647 6.439670 11.069565 0.470977
23.405495 6.439670 10.965785 0.430389
27.368343 6.439670 10.635208 0.435309
31.331191 6.439670 10.431010 0.064545
35.294039 6.439670 10.610561 0.335486
39.256887 6.439670 11.083029 0.212613
43.219735 6.439670 11.605178 0.519561
47.182583 6.439670 11.001792 0.010752
51.145431 6.439670 11.161021 0.325038
55.108279 6.439670 10.692126 0.387753
59.071127 6.439670 10.645349 0.679074
63.033975 6.439670 10.990064 0.078275
66.996822 6.439670 10.574881 0.333057
-131.145575 2.476822 8.102080 14.578518
-127.182727 2.476822 -10.076628 6.751677
-123.219879 2.476822 10.427147 -1.970605
-119.257031 2.476822 5.435713 15.243464
-115.294183 2.476822 9.800920 8.440440
-111.331335 2.476822 -9.000985 -1.417629
-107.368487 2.476822 11.802235 -0.761814
-103.405639 2.476822 -9.672718 -9.161159
-99.442791 2.476822 10.694995 -0.215312
-95.479943 2.476822 11.089756 -0.334722
-91.517095 2.476822 11.793849 -0.484895
-87.554247 2.476822 11.756139 -0.193249
-83.591400 2.476822 11.473524 0.057277
-79.628552 2.476822 11.858372 -0.092123
-75.665704 2.476822 11.866884 -0.041457
-71.702856 2.476822 11.755512 0.157944
-67.740008 2.476822 11.726799 0.274241
-63.777160 2.476822 11.572314 0.075719
-59.814312 2.476822 11.757354 0.362794
-55.851464 2.476822 11.582961 0.618199
-51.888616 2.476822 11.829905 0.426697
-47.925768 2.476822 11.446773 0.623438
-43.962920 2.476822 11.169950 0.319404
-40.000072 2.476822 11.262244 0.386321
-36.037224 2.476822 11.256997 0.649538
-32.074376 2.476822 11.683673 0.709570
-28.111528 2.476822 11.073139 0.832225
-24.148680 2.476822 11.352433 0.226411
-20.185832 2.476822 11.166042 0.448137
-16.222984 2.476822 10.939651 0.316178
-12.260136 2.476822 10.814875 0.754957
-8.297289 2.476822 10.907183 0.317130
-4.334441 2.476822 11.265809 0.085455
-0.371593 2.476822 10.958318 0.425403
3.591255 2.476822 10.877889 0.624238
7.554103 2.476822 10.863090 0.845251
11.516951 2.476822 10.826562 0.495589
15.479799 2.476822 10.829544 0.192996
19.442647 2.476822 10.708294 0.563092
23.405495 2.476822 10.657865 0.201059
27.368343 2.476822 10.864818 -0.235262
31.331191 2.476822 10.695188 0.357991
35.294039 2.476822 10.710307 0.476895
39.256887 2.476822 10.888173 0.272686
43.219735 2.476822 10.768488 0.171125
47.182583 2.476822 10.815073 0.331040
51.145431 2.476822 11.047808 -0.306860
55.108279 2.476822 11.450896 0.176773
59.071127 2.476822 10.864456 0.295234
63.033975 2.476822 10.235044 0.181262
66.996822 2.476822 11.057159 -0.042270
-131.145575 -1.486026 -9.048608 -0.275267
-127.182727 -1.486026 -3.394316 -16.611498
-123.219879 -1.486026 12.115069 -9.912238
-119.257031 -1.486026 -0.191717 12.573648
-115.294183 -1.486026 -15.139054 9.652118
-111.331335 -1.486026 10.908564 -1.039409
-107.368487 -1.486026 11.600102 -0.248608
-103.405639 -1.486026 10.853335 -0.451243
-99.442791 -1.486026 10.688728 -0.352725
-95.479943 -1.486026 11.574320 -0.497857
-91.517095 -1.486026 11.744702 -0.381013
-87.554247 -1.486026 11.373906 0.288531
-83.591400 -1.486026 11.587584 -0.445262
-79.628552 -1.486026 11.596952 -0.153705
-75.665704 -1.486026 11.541740 -0.312809
-71.702856 -1.486026 11.744169 0.378316
-67.740008 -1.486026 11.587697 -0.036669
-63.777160 -1.486026 11.629717 0.301739
-59.814312 -1.486026 11.130715 0.440747
-55.851464 -1.486026 11.567477 0.332332
-51.888616 -1.486026 11.516658 0.047852
-47.925768 -1.486026 11.485390 0.467838
-43.962920 -1.486026 11.665815 0.280722
-40.000072 -1.486026 11.828873 0.758700
-36.037224 -1.486026 11.491196 0.689971
-32.074376 -1.486026 10.981997 0.571735
-28.111528 -1.486026 11.283136 0.751463
-24.148680 -1.486026 11.329341 0.734963
-20.185832 -1.486026 5.385296 2.534042
-16.222984 -1.486026 10.915818 0.566027
-12.260136 -1.486026 10.909381 0.398272
-8.297289 -1.486026 11.003637 0.244610
-4.334441 -1.486026 10.483272 0.388885
-0.371593 -1.486026 10.675754 0.472675
3.591255 -1.486026 10.878197 0.396958
7.554103 -1.486026 11.219213 0.318101
11.516951 -1.486026 11.089729 0.378763
15.479799 -1.486026 11.036757 0.233355
19.442647 -1.486026 10.821815 0.079673
23.405495 -1.486026 10.688067 0.542004
27.368343 -1.486026 11.169571 -0.113114
31.331191 -1.486026 11.520555 0.260843
35.294039 -1.486026 11.497115 0.052336
39.256887 -1.486026 10.733462 -0.088394
43.219735 -1.486026 10.756993 -0.023056
47.182583 -1.486026 11.073052 0.192526
51.145431 -1.486026 11.433859 0.090002
55.108279 -1.486026 11.005296 -0.207426
59.071127 -1.486026 10.959408 0.240299
63.033975 -1.486026 10.917199 0.242362
66.996822 -1.486026 10.536133 0.217575
-131.145575 -5.448874 -0.792305 -4.905894
-127.182727 -5.448874 -12.577458 2.327158
-123.219879 -5.448874 -13.017058 6.884596
-119.257031 -5.448874 5.314960 -11.348319
-115.294183 -5.448874 11.766829 -0.065219
-111.331335 -5.448874 11.878516 0.513760
-107.368487 -5.448874 10.991675 -0.400682
-103.405639 -5.448874 11.542953 -0.284189
-99.442791 -5.448874 11.568943 -0.587232
-95.479943 -5.448874 11.076606 -0.309528
-91.517095 -5.448874 11.278694 -0.259020
-87.554247 -5.448874 11.390233 -0.003403
-83.591400 -5.448874 11.155198 -0.189206
-79.628552 -5.448874 11.445806 0.301437
-75.665704 -5.448874 11.829824 -0.491042
-71.702856 -5.448874 11.502174 0.206115
-67.740008 -5.448874 11.951752 -0.048730
-63.777160 -5.448874 11.489330 0.106658
-59.814312 -5.448874 11.454857 0.106609
-55.851464 -5.448874 11.396478 0.274853
-51.888616 -5.448874 11.442916 0.319620
-47.925768 -5.448874 11.194083 0.220386
-43.962920 -5.448874 11.548779 0.496031
-40.000072 -5.448874 11.417791 0.102192
-36.037224 -5.448874 11.053741 0.421721
-32.074376 -5.448874 11.412123 0.428036
-28.111528 -5.448874 10.940070 0.636682
-24.148680 -5.448874 10.940147 0.461278
-20.185832 -5.448874 11.235129 0.359843
-16.222984 -5.448874 11.507344 0.273318
-12.260136 -5.448874 11.170674 0.534449
-8.297289 -5.448874 11.106878 0.358339
-4.334441 -5.448874 11.285197 0.511361
-0.371593 -5.448874 10.856591 0.333866
3.591255 -5.448874 11.096957 0.608136
7.554103 -5.448874 10.875560 0.132428
11.516951 -5.448874 11.155169 0.183548
15.479799 -5.448874 10.988967 0.542491
19.442647 -5.448874 10.867987 0.380412
23.405495 -5.448874 10.990784 -0.174534
27.368343 -5.448874 10.898595 0.345101
31.331191 -5.448874 10.866473 0.009228
35.294039 -5.448874 10.670060 0.405592
39.256887 -5.448874 10.847825 0.561233
43.219735 -5.448874 11.178744 0.107069
47.182583 -5.448874 10.764338 0.390723
51.145431 -5.448874 10.915069 0.646912
55.108279 -5.448874 11.057256 0.454140
59.071127 -5.448874 10.037122 0.198681
63.033975 -5.448874 10.544138 -0.179392
66.996822 -5.448874 10.959280 -0.295460
-131.145575 -9.411722 13.008565 3.733200
-127.182727 -9.411722 -16.694941 4.715430
-123.219879 -9.411722 15.637739 7.855592
-119.257031 -9.411722 11.653935 -0.361370
-115.294183 -9.411722 9.009178 -1.539541
-111.331335 -9.411722 11.710933 1.001096
-107.368487 -9.411722 10.751341 0.289161
-103.405639 -9.411722 16.180811 -7.976012
-99.442791 -9.411722 11.746148 0.260447
-95.479943 -9.411722 11.799658 -0.484199
-91.517095 -9.411722 11.334200 -0.087958
-87.554247 -9.411722 11.127187 -0.405260
-83.591400 -9.411722 11.273379 -0.091011
-79.628552 -9.411722 11.201051 -0.092595
-75.665704 -9.411722 11.687881 0.347624
-71.702856 -9.411722 11.739506 -0.024416
-67.740008 -9.411722 11.685822 0.503809
-63.777160 -9.411722 11.374989 0.096554
-59.814312 -9.411722 11.273951 0.138555
-55.851464 -9.411722 11.308059 -0.159893
-51.888616 -9.411722 11.417112 0.413803
-47.925768 -9.411722 11.451436 0.389345
-43.962920 -9.411722 11.364185 0.048850
-40.000072 -9.411722 11.096227 0.552811
-36.037224 -9.411722 11.336617 0.223058
-32.074376 -9.411722 10.888708 0.248190
-28.111528 -9.411722 11.343686 0.309397
-24.148680 -9.411722 11.153950 0.400813
-20.185832 -9.411722 11.109402 0.285447
-16.222984 -9.411722 11.158110 0.443796
-12.260136 -9.411722 11.004701 0.421188
-8.297289 -9.411722 11.382026 0.432399
-4.334441 -9.411722 10.790269 0.413226
-0.371593 -9.411722 11.099011 0.508210
3.591255 -9.411722 11.009726 0.504160
7.554103 -9.411722 11.043195 0.225944
11.516951 -9.411722 10.797519 -0.026838
15.479799 -9.411722 10.953223 -0.163622
19.442647 -9.411722 10.703361 0.138409
23.405495 -9.411722 10.813899 0.388153
27.368343 -9.411722 10.709321 0.168436
31.331191 -9.411722 10.763699 -0.085274
35.294039 -9.411722 10.664185 0.525048
39.256887 -9.411722 10.815673 0.698978
43.219735 -9.411722 10.917797 0.589195
47.182583 -9.411722 10.692360 0.104081
51.145431 -9.411722 11.068768 0.224390
55.108279 -9.411722 10.300487 0.158403
59.071127 -9.411722 10.584536 0.663785
63.033975 -9.411722 10.896493 -0.255011
66.996822 -9.411722 10.874100 -0.077956
-131.145575 -13.374570 3.327334 -17.520794
-127.182727 -13.374570 -11.021835 9.907481
-123.219879 -13.374570 2.695988 11.416834
-119.257031 -13.374570 3.821971 -11.468040
-115.294183 -13.374570 10.185451 0.178331
-111.331335 -13.374570 10.812963 -0.548242
-107.368487 -13.374570 -12.003010 15.181363
-103.405639 -13.374570 9.922431 0.850762
-99.442791 -13.374570 11.175833 0.451287
-95.479943 -13.374570 11.729616 -0.073157
-91.517095 -13.374570 11.161819 -0.548049
-87.554247 -13.374570 11.072899 -0.038549
-83.591400 -13.374570 10.901817 -0.068804
-79.628552 -13.374570 11.926024 -0.785619
-75.665704 -13.374570 11.302599 0.159236
-71.702856 -13.374570 11.389194 0.151987
-67.740008 -13.374570 11.567617 0.538591
-63.777160 -13.374570 11.313161 0.064980
-59.814312 -13.374570 11.690841 0.405660
-55.851464 -13.374570 11.258733 0.383469
-51.888616 -13.374570 11.118086 0.212410
-47.925768 -13.374570 11.287354 0.051608
-43.962920 -13.374570 11.471602 0.230413
-40.000072 -13.374570 10.857033 0.312082
-36.037224 -13.374570 11.115765 0.157835
-32.074376 -13.374570 11.405109 0.022005
-28.111528 -13.374570 11.694401 0.302202
-24.148680 -13.374570 11.493254 0.392858
-20.185832 -13.374570 11.179687 0.162826
-16.222984 -13.374570 10.723233 0.378608
-12.260136 -13.374570 11.391194 0.280019
-8.297289 -13.374570 10.640026 0.353116
-4.334441 -13.374570 11.334149 0.675505
-0.371593 -13.374570 11.378199 0.288344
3.591255 -13.374570 10.955264 0.613690
7.554103 -13.374570 10.918036 -0.095327
11.516951 -13.374570 10.954573 0.267815
15.479799 -13.374570 10.860749 0.403321
19.442647 -13.374570 10.852381 0.320585
23.405495 -13.374570 10.997730 0.177307
27.368343 -13.374570 10.765506 0.338758
31.331191 -13.374570 10.751871 0.194832
35.294039 -13.374570 10.812223 0.196995
39.256887 -13.374570 11.293023 -0.316478
43.219735 -13.374570 10.797890 -0.174934
47.182583 -13.374570 11.115743 0.120069
51.145431 -13.374570 10.867808 -0.020570
55.108279 -13.374570 10.948909 0.519669
59.071127 -13.374570 11.110112 0.048084
63.033975 -13.374570 10.825648 0.103147
66.996822 -13.374570 10.339727 -0.251424
-131.145575 -17.337417 8.005398 -11.617854
-127.182727 -17.337417 -4.406060 -11.609341
-123.219879 -17.337417 9.817103 10.949419
-119.257031 -17.337417 4.503476 -10.009616
-115.294183 -17.337417 12.274068 11.571871
-111.331335 -17.337417 10.231589 -0.402678
-107.368487 -17.337417 10.802272 0.478254
-103.405639 -17.337417 11.348729 -0.286253
-99.442791 -17.337417 10.901504 -0.102506
-95.479943 -17.337417 11.119987 0.021655
-91.517095 -17.337417 11.475025 -0.210275
-87.554247 -17.337417 10.670017 0.117441
-83.591400 -17.337417 11.268909 -0.267231
-79.628552 -17.337417 11.772507 0.341113
-75.665704 -17.337417 11.327099 -0.329552
-71.702856 -17.337417 11.563662 0.488342
-67.740008 -17.337417 11.530829 -0.169821
-63.777160 -17.337417 11.454560 0.225127
-59.814312 -17.337417 11.290121 -0.112258
-55.851464 -17.337417 11.462564 0.337717
-51.888616 -17.337417 11.491983 0.287779
-47.925768 -17.337417 11.419390 0.373347
-43.962920 -17.337417 11.371621 0.311293
-40.000072 -17.337417 10.916042 0.320633
-36.037224 -17.337417 11.176833 0.172542
-32.074376 -17.337417 11.657469 0.325328
-28.111528 -17.337417 10.936233 0.700141
-24.148680 -17.337417 11.331842 0.552162
-20.185832 -17.337417 10.663025 0.392439
-16.222984 -17.337417 11.142461 0.232258
-12.260136 -17.337417 11.343725 0.638788
-8.297289 -17.337417 11.131178 0.771120
-4.334441 -17.337417 10.991664 0.449474
-0.371593 -17.337417 11.153010 0.284764
3.591255 -17.337417 10.304858 0.743669
7.554103 -17.337417 11.652651 0.272844
11.516951 -17.337417 11.107652 0.559003
15.479799 -17.337417 10.776330 0.212771
19.442647 -17.337417 11.018807 0.111299
23.405495 -17.337417 11.229169 -0.068465
27.368343 -17.337417 10.810997 0.041719
31.331191 -17.337417 10.856610 0.047879
35.294039 -17.337417 11.157028 0.154567
39.256887 -17.337417 10.891509 -0.169823
43.219735 -17.337417 10.307430 0.540211
47.182583 -17.337417 10.987720 0.256566
51.145431 -17.337417 11.481277 -0.366083
55.108279 -17.337417 10.884793 0.323918
59.071127 -17.337417 10.716176 0.408539
63.033975 -17.337417 10.434029 -0.546115
66.996822 -17.337417 10.949846 0.726378
-131.145575 -21.300265 -15.055901 -9.346386
-127.182727 -21.300265 17.847673 -13.624026
-123.219879 -21.300265 -13.352582 11.078994
-119.257031 -21.300265 13.996298 -17.777386
-115.294183 -21.300265 -2.625517 -11.790545
-111.331335 -21.300265 11.653448 -0.693413
-107.368487 -21.300265 11.982487 0.098192
-103.405639 -21.300265 11.475079 -0.486153
-99.442791 -21.300265 11.208611 -0.059108
-95.479943 -21.300265 10.386397 0.600086
-91.517095 -21.300265 11.546236 -0.517518
-87.554247 -21.300265 10.986255 0.265523
-83.591400 -21.300265 11.980757 0.202971
-79.628552 -21.300265 11.174143 0.020722
-75.665704 -21.300265 11.569837 0.165692
-71.702856 -21.300265 10.946518 0.084548
-67.740008 -21.300265 11.649934 -0.154464
-63.777160 -21.300265 11.602561 0.378901
-59.814312 -21.300265 11.252020 0.413817
-55.851464 -21.300265 11.308962 -0.191889
-51.888616 -21.300265 11.281069 -0.206659
-47.925768 -21.300265 11.414070 0.437165
-43.962920 -21.300265 11.034648 0.323893
-40.000072 -21.300265 11.163326 0.050058
-36.037224 -21.300265 11.273849 0.189982
-32.074376 -21.300265 11.790688 0.176988
-28.111528 -21.300265 11.303823 0.016728
-24.148680 -21.300265 11.167912 0.290395
-20.185832 -21.300265 10.525629 0.321691
-16.222984 -21.300265 11.280825 0.417320
-12.260136 -21.300265 11.548769 0.507780
-8.297289 -21.300265 11.324183 0.167702
-4.334441 -21.300265 10.841874 -0.196577
-0.371593 -21.300265 11.177242 0.308311
3.591255 -21.300265 11.383704 0.184773
7.554103 -21.300265 10.545369 0.215925
11.516951 -21.300265 10.854015 0.295699
15.479799 -21.300265 10.789495 0.591356
19.442647 -21.300265 10.947844 0.464327
23.405495 -21.300265 10.769403 0.573531
27.368343 -21.300265 10.703919 0.323542
31.331191 -21.300265 10.013618 0.792323
35.294039 -21.300265 10.761999 0.259766
39.256887 -21.300265 10.658974 0.271198
43.219735 -21.300265 10.332796 0.667069
47.182583 -21.300265 10.537780 -0.113267
51.145431 -21.300265 11.726813 -0.633905
55.108279 -21.300265 10.787278 0.400689
59.071127 -21.300265 10.783887 0.191786
63.033975 -21.300265 11.410993 0.401211
66.996822 -21.300265 10.577705 -0.204202
-131.145575 -25.263113 18.014303 13.433968
-127.182727 -25.263113 3.506769 -8.193903
-123.219879 -25.263113 3.543243 5.786997
-119.257031 -25.263113 -12.273931 -8.709287
-115.294183 -25.263113 15.580583 12.318390
-111.331335 -25.263113 11.806530 -0.306654
-107.368487 -25.263113 11.117644 -0.540212
-103.405639 -25.263113 10.703659 0.320615
-99.442791 -25.263113 11.124897 0.190004
-95.479943 -25.263113 10.368650 0.546736
-91.517095 -25.263113 11.362101 -0.306431
-87.554247 -25.263113 11.250379 0.272105
-83.591400 -25.263113 11.531126 -0.260441
-79.628552 -25.263113 10.921166 0.255405
-75.665704 -25.263113 11.416430 -0.053543
-71.702856 -25.263113 11.267359 -0.230207
-67.740008 -25.263113 11.271637 0.499514
-63.777160 -25.263113 10.960265 0.133325
-59.814312 -25.263113 10.927655 -0.040691
-55.851464 -25.263113 11.323344 0.130474
-51.888616 -25.263113 11.720305 0.180746
-47.925768 -25.263113 11.289868 0.182679
-43.962920 -25.263113 11.478730 0.270112
-40.000072 -25.263113 10.595584 0.095324
-36.037224 -25.263113 11.480058 0.135527
-32.074376 -25.263113 11.522114 0.624976
-28.111528 -25.263113 11.109356 0.225209
-24.148680 -25.263113 11.048114 -0.039698
-20.185832 -25.263113 10.555545 0.203858
-16.222984 -25.263113 11.255561 0.331566
-12.260136 -25.263113 11.198843 0.485960
-8.297289 -25.263113 11.138412 0.480086
-4.334441 -25.263113 11.292782 -0.123222
-0.371593 -25.263113 10.708275 -0.344854
3.591255 -25.263113 11.326188 0.215637
7.554103 -25.263113 10.841207 -0.029380
11.516951 -25.263113 10.851458 0.081595
15.479799 -25.263113 11.221354 0.875157
19.442647 -25.263113 10.685397 0.398762
23.405495 -25.263113 11.178402 -0.021977
27.368343 -25.263113 11.091541 0.359449
31.331191 -25.263113 10.382298 0.093867
35.294039 -25.263113 10.504145 0.184293
39.256887 -25.263113 11.191427 0.413396
43.219735 -25.263113 10.639511 0.709477
47.182583 -25.263113 10.388214 0.889821
51.145431 -25.263113 10.970060 -0.435188
55.108279 -25.263113 10.467663 0.658437
59.071127 -25.263113 10.020537 -0.403196
63.033975 -25.263113 10.983379 0.086246
66.996822 -25.263113 11.382388 -0.627611
-131.145575 -29.225961 9.298776 3.801715
-127.182727 -29.225961 -9.015010 12.228546
-123.219879 -29.225961 -15.681797 5.365272
-119.257031 -29.225961 7.783154 -0.183293
-115.294183 -29.225961 11.156399 -0.507917
-111.331335 -29.225961 -2.595796 12.995632
-107.368487 -29.225961 10.623857 0.861491
-103.405639 -29.225961 10.734151 -0.311491
-99.442791 -29.225961 11.658790 -0.005487
-95.479943 -29.225961 10.968964 1.245370
-91.517095 -29.225961 11.098175 -0.360106
-87.554247 -29.225961 11.433926 -0.175352
-83.591400 -29.225961 10.935350 0.217466
-79.628552 -29.225961 10.221862 -0.417435
-75.665704 -29.225961 10.739830 0.496672
-71.702856 -29.225961 11.231261 0.672327
-67.740008 -29.225961 11.214283 -0.022404
-63.777160 -29.225961 11.054778 0.374610
-59.814312 -29.225961 11.263390 0.181804
-55.851464 -29.225961 11.127122 0.230182
-51.888616 -29.225961 11.358189 0.744603
-47.925768 -29.225961 10.308414 0.389797
-43.962920 -29.225961 11.244276 0.381621
-40.000072 -29.225961 10.594500 0.497095
-36.037224 -29.225961 11.194242 0.364865
-32.074376 -29.225961 11.305305 0.371963
-28.111528 -29.225961 11.256216 0.086571
-24.148680 -29.225961 11.260716 0.401642
-20.185832 -29.225961 11.233741 0.065157
-16.222984 -29.225961 11.433950 0.926740
-12.260136 -29.225961 10.762343 0.528761
-8.297289 -29.225961 10.895565 0.432551
-4.334441 -29.225961 11.480321 0.579269
-0.371593 -29.225961 11.003173 -0.143400
3.591255 -29.225961 10.502259 0.587562
7.554103 -29.225961 10.718578 -0.036607
11.516951 -29.225961 10.923654 0.226330
15.479799 -29.225961 11.483080 0.220081
19.442647 -29.225961 11.012561 0.241304
23.405495 -29.225961 10.747706 0.047220
27.368343 -29.225961 11.010613 0.570332
31.331191 -29.225961 10.949636 0.286314
35.294039 -29.225961 11.016217 -0.205797
39.256887 -29.225961 11.340427 -0.348427
43.219735 -29.225961 9.847332 1.261963
47.182583 -29.225961 10.426600 0.894019
51.145431 -29.225961 11.069712 -0.066031
55.108279 -29.225961 10.920077 0.075349
59.071127 -29.225961 10.640928 0.577162
63.033975 -29.225961 10.737078 -0.496394
66.996822 -29.225961 10.857633 0.719495
-131.145575 -33.188809 -11.281404 -17.615372
-127.182727 -33.188809 7.346916 16.020416
-123.219879 -33.188809 -5.049399 -7.578677
-119.257031 -33.188809 -14.986802 -16.786404
-115.294183 -33.188809 3.800843 1.581904
-111.331335 -33.188809 9.622226 1.394141
-107.368487 -33.188809 11.526255 -0.550701
-103.405639 -33.188809 -14.185320 10.560416
-99.442791 -33.188809 11.119973 0.344068
-95.479943 -33.188809 11.427979 -0.140224
-91.517095 -33.188809 11.388042 0.159355
-87.554247 -33.188809 11.286270 -0.701076
-83.591400 -33.188809 10.701249 0.033175
-79.628552 -33.188809 10.418453 0.637339
-75.665704 -33.188809 11.400985 -0.228185
-71.702856 -33.188809 11.073450 0.292891
-67.740008 -33.188809 11.211502 -0.015369
-63.777160 -33.188809 10.957836 0.099725
-59.814312 -33.188809 11.632488 0.090004
-55.851464 -33.188809 11.127151 0.344153
-51.888616 -33.188809 11.372585 -0.071223
-47.925768 -33.188809 11.503312 -0.182062
-43.962920 -33.188809 10.915430 0.263308
-40.000072 -33.188809 10.979111 0.259614
-36.037224 -33.188809 11.079437 0.492863
-32.074376 -33.188809 11.451593 0.500796
-28.111528 -33.188809 10.536073 0.158722
-24.148680 -33.188809 11.418036 0.098186
-20.185832 -33.188809 11.430127 -0.453390
-16.222984 -33.188809 11.197457 -0.411309
-12.260136 -33.188809 11.083588 0.524727
-8.297289 -33.188809 10.393220 -0.200273
-4.334441 -33.188809 11.036475 0.341672
-0.371593 -33.188809 11.044887 0.145850
3.591255 -33.188809 10.600017 0.498773
7.554103 -33.188809 10.684727 0.825999
11.516951 -33.188809 11.203309 0.255571
15.479799 -33.188809 11.001242 0.535824
19.442647 -33.188809 11.127138 0.280422
23.405495 -33.188809 10.934635 0.610298
27.368343 -33.188809 10.875030 -0.525195
31.331191 -33.188809 10.581884 0.009037
35.294039 -33.188809 10.949545 0.341216
39.256887 -33.188809 11.639809 -0.115247
43.219735 -33.188809 10.963189 -0.204756
47.182583 -33.188809 11.216754 0.404520
51.145431 -33.188809 11.018820 0.359032
55.108279 -33.188809 11.426286 -0.216917
59.071127 -33.188809 10.139113 0.660923
63.033975 -33.188809 11.719622 -0.518458
66.996822 -33.188809 11.701756 -14.649661
-131.145575 -37.151657 0.226183 13.980258
-127.182727 -37.151657 8.794934 -5.115547
-123.219879 -37.151657 -5.085068 9.084608
-119.257031 -37.151657 -12.901610 -5.134392
-115.294183 -37.151657 -3.044459 -14.123320
-111.331335 -37.151657 12.560539 0.428036
-107.368487 -37.151657 11.160205 0.352248
-103.405639 -37.151657 11.553667 0.143929
-99.442791 -37.151657 12.501891 -0.321398
-95.479943 -37.151657 10.938776 -0.284495
-91.517095 -37.151657 10.965561 -0.086854
-87.554247 -37.151657 10.847632 -0.210080
-83.591400 -37.151657 11.427582 0.114329
-79.628552 -37.151657 10.807222 0.050890
-75.665704 -37.151657 10.931244 0.760242
-71.702856 -37.151657 11.055465 0.306525
-67.740008 -37.151657 11.522003 0.046713
-63.777160 -37.151657 12.034492 0.343680
-59.814312 -37.151657 11.640838 -0.171924
-55.851464 -37.151657 10.495933 0.347249
-51.888616 -37.151657 11.179816 0.114450
-47.925768 -37.151657 11.401197 -0.417946
-43.962920 -37.151657 11.715634 0.077557
-40.000072 -37.151657 11.123641 0.260371
-36.037224 -37.151657 10.842731 0.141874
-32.074376 -37.151657 10.813672 -0.227869
-28.111528 -37.151657 10.943774 0.531168
-24.148680 -37.151657 10.772028 -0.127492
-20.185832 -37.151657 10.678785 0.083445
-16.222984 -37.151657 10.868648 0.486579
-12.260136 -37.151657 10.390993 0.395541
-8.297289 -37.151657 11.051156 0.324084
-4.334441 -37.151657 10.893302 0.657393
-0.371593 -37.151657 10.668243 0.461157
3.591255 -37.151657 11.080093 0.506300
7.554103 -37.151657 11.077743 0.580395
11.516951 -37.151657 10.833166 -0.018977
15.479799 -37.151657 10.418957 0.494006
19.442647 -37.151657 11.147765 0.381617
23.405495 -37.151657 11.474353 0.832793
27.368343 -37.151657 11.304106 0.681034
31.331191 -37.151657 10.709914 0.439852
35.294039 -37.151657 11.338158 -0.160359
39.256887 -37.151657 10.697062 0.175606
43.219735 -37.151657 10.887110 0.082912
47.182583 -37.151657 10.414701 0.546627
51.145431 -37.151657 11.802213 0.684159
55.108279 -37.151657 10.624873 1.131205
59.071127 -37.151657 7.337597 -18.342653
63.033975 -37.151657 10.847582 -0.171532
66.996822 -37.151657 10.548001 0.560072
-131.145575 -41.114505 15.076279 6.490074
-127.182727 -41.114505 -3.023741 -9.873184
-123.219879 -41.114505 9.642992 1.252838
-119.257031 -41.114505 -7.930966 -11.411892
-115.294183 -41.114505 17.498335 12.737306
-111.331335 -41.114505 1.239636 -8.995496
-107.368487 -41.114505 10.222100 0.341278
-103.405639 -41.114505 10.693652 -0.161995
-99.442791 -41.114505 10.686677 -0.121767
-95.479943 -41.114505 11.962933 -0.078322
-91.517095 -41.114505 10.607847 1.232215
-87.554247 -41.114505 10.424650 -0.155062
-83.591400 -41.114505 10.507784 0.460398
-79.628552 -41.114505 9.493767 -0.262743
-75.665704 -41.114505 11.383976 0.167145
-71.702856 -41.114505 10.716564 0.050981
-67.740008 -41.114505 10.845331 0.083100
-63.777160 -41.114505 11.549760 0.516044
-59.814312 -41.114505 10.720372 0.219969
-55.851464 -41.114505 10.764877 -0.077576
-51.888616 -41.114505 10.811229 0.132255
-47.925768 -41.114505 11.536103 0.153897
-43.962920 -41.114505 11.577306 0.231352
-40.000072 -41.114505 11.248502 0.764075
-36.037224 -41.114505 11.367420 -0.185643
-32.074376 -41.114505 10.904259 -0.085160
-28.111528 -41.114505 10.821455 0.123340
-24.148680 -41.114505 10.973936 0.419100
-20.185832 -41.114505 11.428265 0.183677
-16.222984 -41.114505 10.593557 0.749017
-12.260136 -41.114505 10.650680 0.260513
-8.297289 -41.114505 11.477626 0.242007
-4.334441 -41.114505 11.457874 -0.778410
-0.371593 -41.114505 10.908436 0.304583
3.591255 -41.114505 10.576719 0.250065
7.554103 -41.114505 10.742977 1.166278
11.516951 -41.114505 10.867905 -0.010178
15.479799 -41.114505 11.164367 -0.005417
19.442647 -41.114505 11.299227 0.319718
23.405495 -41.114505 11.641565 0.151174
27.368343 -41.114505 10.972080 -0.055667
31.331191 -41.114505 11.474091 0.099063
35.294039 -41.114505 10.879641 0.019915
39.256887 -41.114505 11.812830 0.647219
43.219735 -41.114505 11.161793 -0.052437
47.182583 -41.114505 10.638481 0.129952
51.145431 -41.114505 10.602251 -0.307462
55.108279 -41.114505 11.797306 1.251449
59.071127 -41.114505 11.378999 -0.169142
63.033975 -41.114505 10.279937 0.161498
66.996822 -41.114505 10.822156 -0.439647
-131.145575 -45.077353 17.960060 16.630507
-127.182727 -45.077353 0.220178 1.559616
-123.219879 -45.077353 -2.986495 -7.329533
-119.257031 -45.077353 -16.136383 -17.809591
-115.294183 -45.077353 -16.307592 -6.444425
-111.331335 -45.077353 5.369528 0.173742
-107.368487 -45.077353 10.504981 -0.578765
-103.405639 -45.077353 10.029735 -1.875188
-99.442791 -45.077353 10.941217 0.229390
-95.479943 -45.077353 11.007620 -0.162545
-91.517095 -45.077353 11.444680 0.055080
-87.554247 -45.077353 10.161445 0.514105
-83.591400 -45.077353 11.521124 0.147364
-79.628552 -45.077353 11.477532 -0.039718
-75.665704 -45.077353 10.499695 0.596428
-71.702856 -45.077353 10.897180 0.251576
-67.740008 -45.077353 10.655640 -0.684068
-63.777160 -45.077353 10.372910 0.395430
-59.814312 -45.077353 11.309890 -0.019566
-55.851464 -45.077353 11.169573 0.516196
-51.888616 -45.077353 10.800817 0.143327
-47.925768 -45.077353 11.864766 -0.127250
-43.962920 -45.077353 10.899549 0.302312
-40.000072 -45.077353 11.411566 0.113624
-36.037224 -45.077353 10.854090 -0.314528
-32.074376 -45.077353 11.278868 0.333036
-28.111528 -45.077353 10.944664 0.595138
-24.148680 -45.077353 11.434418 0.518346
-20.185832 -45.077353 11.247511 0.437663
-16.222984 -45.077353 10.786328 0.388733
-12.260136 -45.077353 11.001507 0.893389
-8.297289 -45.077353 11.219882 -0.119219
-4.334441 -45.077353 11.463718 0.101371
-0.371593 -45.077353 11.493331 0.498658
3.591255 -45.077353 10.565989 0.175163
7.554103 -45.077353 10.975221 0.475456
11.516951 -45.077353 10.890019 0.654860
15.479799 -45.077353 9.383597 0.397267
19.442647 -45.077353 10.788951 -0.040238
23.405495 -45.077353 10.689595 0.450222
27.368343 -45.077353 10.010624 0.348586
31.331191 -45.077353 10.301992 0.252111
35.294039 -45.077353 11.126524 0.500897
39.256887 -45.077353 11.491032 0.641076
43.219735 -45.077353 10.129077 0.468066
47.182583 -45.077353 11.764132 -0.575670
51.145431 -45.077353 10.615312 0.483957
55.108279 -45.077353 10.490556 0.313370
59.071127 -45.077353 10.781539 0.313673
63.033975 -45.077353 10.669593 -0.087847
66.996822 -45.077353 11.975944 0.021751
-131.145575 -49.040201 9.358044 11.852135
-127.182727 -49.040201 -2.765073 1.496601
-123.219879 -49.040201 -1.108614 -12.723200
-119.257031 -49.040201 5.135178 -2.871158
-115.294183 -49.040201 2.460455 2.504247
-111.331335 -49.040201 -0.278498 5.134987
-107.368487 -49.040201 9.521752 0.459876
-103.405639 -49.040201 11.194864 0.325949
-99.442791 -49.040201 10.793091 0.666631
-95.479943 -49.040201 -11.546922 -1.108422
-91.517095 -49.040201 11.433796 0.558366
-87.554247 -49.040201 10.135609 -1.037076
-83.591400 -49.040201 10.700381 0.892107
-79.628552 -49.040201 10.904262 0.337322
-75.665704 -49.040201 10.737340 0.156065
-71.702856 -49.040201 11.837603 0.142196
-67.740008 -49.040201 11.519644 -0.058822
-63.777160 -49.040201 10.996378 0.476437
-59.814312 -49.040201 11.378743 0.612249
-55.851464 -49.040201 10.995316 0.282308
-51.888616 -49.040201 10.527061 0.759252
-47.925768 -49.040201 11.215818 0.388867
-43.962920 -49.040201 11.497939 -0.094328
-40.000072 -49.040201 10.686130 0.506119
-36.037224 -49.040201 10.972085 0.067505
-32.074376 -49.040201 11.017224 -0.172658
-28.111528 -49.040201 10.827271 -0.245549
-24.148680 -49.040201 11.315434 0.076277
-20.185832 -49.040201 10.488075 0.184217
-16.222984 -49.040201 11.063151 0.470934
-12.260136 -49.040201 11.739768 -0.194555
-8.297289 -49.040201 11.633272 -0.259860
-4.334441 -49.040201 11.028994 -0.151481
-0.371593 -49.040201 10.669410 0.349245
3.591255 -49.040201 11.214748 -1.504944
7.554103 -49.040201 11.449826 -0.190791
11.516951 -49.040201 10.118513 0.306532
15.479799 -49.040201 9.674135 0.268698
19.442647 -49.040201 11.293715 0.099362
23.405495 -49.040201 10.727641 -0.075255
27.368343 -49.040201 9.993993 -0.754729
31.331191 -49.040201 9.542160 0.663656
35.294039 -49.040201 11.610761 -0.176399
39.256887 -49.040201 12.432081 -0.008607
43.219735 -49.040201 11.678532 -0.353153
47.182583 -49.040201 12.101078 2.678375
51.145431 -49.040201 9.615388 0.568602
55.108279 -49.040201 9.656849 0.052041
59.071127 -49.040201 10.842750 -0.130645
63.033975 -49.040201 10.417754 1.139982
66.996822 -49.040201 13.933913 2.306903
-131.145575 -53.003049 0.000000 0.000000
-127.182727 -53.003049 0.000000 0.000000
-123.219879 -53.003049 0.000000 0.000000
-119.257031 -53.003049 0.000000 0.000000
-115.294183 -53.003049 0.000000 0.000000
-111.331335 -53.003049 0.000000 0.000000
-107.368487 -53.003049 0.000000 0.000000
-103.405639 -53.003049 0.000000 0.000000
-99.442791 -53.003049 0.000000 0.000000
-95.479943 -53.003049 0.000000 0.000000
-91.517095 -53.003049 0.000000 0.000000
-87.554247 -53.003049 0.000000 0.000000
-83.591400 -53.003049 0.000000 0.000000
-79.628552 -53.003049 0.000000 0.000000
-75.665704 -53.003049 0.000000 0.000000
-71.702856 -53.003049 0.000000 0.000000
-67.740008 -53.003049 0.000000 0.000000
-63.777160 -53.003049 0.000000 0.000000
-59.814312 -53.003049 0.000000 0.000000
-55.851464 -53.003049 0.000000 0.000000
-51.888616 -53.003049 0.000000 0.000000
-47.925768 -53.003049 0.000000 0.000000
-43.962920 -53.003049 0.000000 0.000000
-40.000072 -53.003049 0.000000 0.000000
-36.037224 -53.003049 0.000000 0.000000
-32.074376 -53.003049 0.000000 0.000000
-28.111528 -53.003049 0.000000 0.000000
-24.148680 -53.003049 0.000000 0.000000
-20.185832 -53.003049 0.000000 0.000000
-16.222984 -53.003049 0.000000 0.000000
-12.260136 -53.003049 0.000000 0.000000
-8.297289 -53.003049 0.000000 0.000000
-4.334441 -53.003049 0.000000 0.000000
-0.371593 -53.003049 0.000000 0.000000
3.591255 -53.003049 0.000000 0.000000
7.554103 -53.003049 0.000000 0.000000
11.516951 -53.003049 0.000000 0.000000
15.479799 -53.003049 0.000000 0.000000
19.442647 -53.003049 0.000000 0.000000
23.405495 -53.003049 0.000000 0.000000
27.368343 -53.003049 0.000000 0.000000
31.331191 -53.003049 0.000000 0.000000
35.294039 -53.003049 0.000000 0.000000
39.256887 -53.003049 0.000000 0.000000
43.219735 -53.003049 0.000000 0.000000
47.182583 -53.003049 0.000000 0.000000
51.145431 -53.003049 0.000000 0.000000
55.108279 -53.003049 0.000000 0.000000
59.071127 -53.003049 0.000000 0.000000
63.033975 -53.003049 0.000000 0.000000
66.996822 -53.003049 0.000000 0.000000
