TITLE = "B00008"
VARIABLES = "position", "position(2)", "Vx", "Vy"
ZONE T="Frame 0", I=51, J=39
-131.145575 97.585173 11.517537 0.485621
-127.182727 97.585173 11.518904 0.015379
-123.219879 97.585173 11.478623 0.483339
-119.257031 97.585173 11.105032 0.274724
-115.294183 97.585173 11.171154 0.599277
-111.331335 97.585173 0.000000 0.000000
-107.368487 97.585173 0.000000 0.000000
-103.405639 97.585173 0.000000 0.000000
-99.442791 97.585173 0.000000 0.000000
-95.479943 97.585173 0.000000 0.000000
-91.517095 97.585173 0.000000 0.000000
-87.554247 97.585173 11.213268 0.403501
-83.591400 97.585173 11.518250 0.261623
-79.628552 97.585173 11.416305 0.333301
-75.665704 97.585173 11.181784 0.528774
-71.702856 97.585173 11.542275 0.326865
-67.740008 97.585173 11.440645 0.388429
-63.777160 97.585173 11.581614 0.202131
-59.814312 97.585173 11.359743 0.203456
-55.851464 97.585173 11.849080 0.232100
-51.888616 97.585173 11.366360 0.092068
-47.925768 97.585173 11.539427 0.055414
-43.962920 97.585173 11.329122 0.136458
-40.000072 97.585173 11.299083 -0.189917
-36.037224 97.585173 11.211297 0.056472
-32.074376 97.585173 11.312184 0.020455
-28.111528 97.585173 11.477689 -0.101481
-24.148680 97.585173 11.258658 0.009552
-20.185832 97.585173 11.245625 0.045534
-16.222984 97.585173 11.142147 -0.207159
-12.260136 97.585173 0.000000 0.000000
-8.297289 97.585173 0.000000 0.000000
-4.334441 97.585173 0.000000 0.000000
-0.371593 97.585173 11.191571 -0.126575
3.591255 97.585173 11.080134 0.176289
7.554103 97.585173 11.065490 -0.325878
11.516951 97.585173 11.277318 -0.079508
15.479799 97.585173 11.177667 -0.370714
19.442647 97.585173 11.167175 -0.001121
23.405495 97.585173 11.101462 0.028275
27.368343 97.585173 11.068141 -0.020886
31.331191 97.585173 11.037446 -0.015765
35.294039 97.585173 11.209935 -0.134259
39.256887 97.585173 11.044120 0.082204
43.219735 97.585173 11.126423 -0.038512
47.182583 97.585173 10.996616 0.055592
51.145431 97.585173 10.955108 -0.022786
55.108279 97.585173 11.002510 -0.048198
59.071127 97.585173 10.898158 -0.088179
63.033975 97.585173 10.890906 0.232626
66.996822 97.585173 11.082749 0.107793
-131.145575 93.622325 -9.876036 -1.665235
-127.182727 93.622325 11.034397 0.333695
-123.219879 93.622325 11.208983 0.449389
-119.257031 93.622325 11.376883 0.469541
-115.294183 93.622325 11.054276 0.597897
-111.331335 93.622325 0.000000 0.000000
-107.368487 93.622325 0.000000 0.000000
-103.405639 93.622325 0.000000 0.000000
-99.442791 93.622325 0.000000 0.000000
-95.479943 93.622325 0.000000 0.000000
-91.517095 93.622325 0.000000 0.000000
-87.554247 93.622325 11.505177 0.351192
-83.591400 93.622325 11.471883 0.347951
-79.628552 93.622325 11.537350 0.249278
-75.665704 93.622325 11.477556 0.283529
-71.702856 93.622325 11.497597 0.187460
-67.740008 93.622325 11.356333 0.269940
-63.777160 93.622325 11.530654 0.132727
-59.814312 93.622325 11.384591 0.150840
-55.851464 93.622325 11.625376 -0.025530
-51.888616 93.622325 11.458633 0.019776
-47.925768 93.622325 11.271302 -0.066038
-43.962920 93.622325 11.514949 -0.003253
-40.000072 93.622325 11.454073 -0.090506
-36.037224 93.622325 11.540702 -0.156439
-32.074376 93.622325 11.269200 -0.064451
-28.111528 93.622325 11.182909 -0.056368
-24.148680 93.622325 11.299449 -0.134064
-20.185832 93.622325 11.314939 -0.202710
-16.222984 93.622325 11.361551 -0.076253
-12.260136 93.622325 0.000000 0.000000
-8.297289 93.622325 0.000000 0.000000
-4.334441 93.622325 0.000000 0.000000
-0.371593 93.622325 11.104579 -0.090565
3.591255 93.622325 11.051604 -0.290366
7.554103 93.622325 11.244862 -0.263522
11.516951 93.622325 10.862337 -0.016649
15.479799 93.622325 10.831905 0.073182
19.442647 93.622325 11.125331 -0.102763
23.405495 93.622325 11.059288 -0.114971
27.368343 93.622325 11.164680 0.121365
31.331191 93.622325 11.056760 0.153572
35.294039 93.622325 11.234809 0.162447
39.256887 93.622325 10.952982 0.024792
43.219735 93.622325 11.041842 -0.120508
47.182583 93.622325 10.889482 -0.005818
51.145431 93.622325 11.089529 0.088226
55.108279 93.622325 10.984236 -0.104956
59.071127 93.622325 10.890692 -0.045027
63.033975 93.622325 11.136666 0.000722
66.996822 93.622325 10.950427 0.104868
-131.145575 89.659477 11.137676 0.345019
-127.182727 89.659477 11.677656 0.598012
-123.219879 89.659477 11.436635 0.762940
-119.257031 89.659477 11.451436 0.454851
-115.294183 89.659477 11.236995 0.344338
-111.331335 89.659477 0.000000 0.000000
-107.368487 89.659477 0.000000 0.000000
-103.405639 89.659477 0.000000 0.000000
-99.442791 89.659477 0.000000 0.000000
-95.479943 89.659477 0.000000 0.000000
-91.517095 89.659477 0.000000 0.000000
-87.554247 89.659477 11.716908 0.522145
-83.591400 89.659477 11.736951 0.611726
-79.628552 89.659477 11.533493 0.115602
-75.665704 89.659477 11.556650 0.347437
-71.702856 89.659477 11.449552 0.445904
-67.740008 89.659477 11.596255 0.160220
-63.777160 89.659477 11.465775 0.182782
-59.814312 89.659477 11.430223 0.077280
-55.851464 89.659477 11.646511 0.153550
-51.888616 89.659477 11.672761 -0.026184
-47.925768 89.659477 11.638109 0.051184
-43.962920 89.659477 11.488988 0.121236
-40.000072 89.659477 11.482015 0.123924
-36.037224 89.659477 11.287152 -0.052118
-32.074376 89.659477 11.305537 -0.144383
-28.111528 89.659477 11.285836 0.029874
-24.148680 89.659477 11.248368 -0.098772
-20.185832 89.659477 11.376316 -0.160675
-16.222984 89.659477 11.175705 -0.017144
-12.260136 89.659477 0.000000 0.000000
-8.297289 89.659477 0.000000 0.000000
-4.334441 89.659477 0.000000 0.000000
-0.371593 89.659477 11.154982 -0.158701
3.591255 89.659477 11.165129 0.133766
7.554103 89.659477 11.073092 -0.156609
11.516951 89.659477 10.958901 -0.129897
15.479799 89.659477 11.144808 0.068597
19.442647 89.659477 11.026904 -0.021568
23.405495 89.659477 10.984414 -0.077274
27.368343 89.659477 11.178139 0.108711
31.331191 89.659477 11.132612 0.087642
35.294039 89.659477 11.018348 0.064188
39.256887 89.659477 10.900017 -0.070165
43.219735 89.659477 10.928629 -0.020891
47.182583 89.659477 10.916811 -0.126648
51.145431 89.659477 10.981020 0.298655
55.108279 89.659477 11.062339 -0.118656
59.071127 89.659477 11.107365 0.035745
63.033975 89.659477 11.070625 0.105070
66.996822 89.659477 11.085275 0.157367
-131.145575 85.696629 -11.134124 14.921190
-127.182727 85.696629 11.178170 0.757578
-123.219879 85.696629 11.380236 0.372698
-119.257031 85.696629 11.011312 0.384536
-115.294183 85.696629 11.271601 0.429542
-111.331335 85.696629 0.000000 0.000000
-107.368487 85.696629 0.000000 0.000000
-103.405639 85.696629 0.000000 0.000000
-99.442791 85.696629 0.000000 0.000000
-95.479943 85.696629 0.000000 0.000000
-91.517095 85.696629 0.000000 0.000000
-87.554247 85.696629 11.633561 0.478963
-83.591400 85.696629 11.550432 0.337496
-79.628552 85.696629 11.788133 0.368518
-75.665704 85.696629 11.815173 0.375467
-71.702856 85.696629 11.732673 0.029229
-67.740008 85.696629 11.219173 0.278684
-63.777160 85.696629 11.491405 0.214579
-59.814312 85.696629 11.587923 0.286699
-55.851464 85.696629 11.405533 0.139825
-51.888616 85.696629 11.549072 0.005663
-47.925768 85.696629 11.556511 0.083881
-43.962920 85.696629 11.490923 0.003558
-40.000072 85.696629 11.420084 -0.083817
-36.037224 85.696629 11.349850 -0.120475
-32.074376 85.696629 11.414738 -0.114903
-28.111528 85.696629 11.286655 -0.130648
-24.148680 85.696629 11.280987 -0.175105
-20.185832 85.696629 11.409023 0.022964
-16.222984 85.696629 11.393434 -0.127990
-12.260136 85.696629 0.000000 0.000000
-8.297289 85.696629 0.000000 0.000000
-4.334441 85.696629 0.000000 0.000000
-0.371593 85.696629 11.183022 -0.292784
3.591255 85.696629 11.198701 0.009455
7.554103 85.696629 11.174034 0.030768
11.516951 85.696629 10.973394 0.009990
15.479799 85.696629 11.167999 0.100954
19.442647 85.696629 11.141330 -0.100546
23.405495 85.696629 11.033257 -0.104300
27.368343 85.696629 11.268523 -0.188956
31.331191 85.696629 11.050539 -0.009601
35.294039 85.696629 10.997402 0.108769
39.256887 85.696629 11.182972 0.036005
43.219735 85.696629 11.071484 -0.035514
47.182583 85.696629 11.130692 0.000317
51.145431 85.696629 10.947703 0.179638
55.108279 85.696629 10.985148 -0.059402
59.071127 85.696629 11.094598 -0.065891
63.033975 85.696629 10.944080 -0.056701
66.996822 85.696629 10.824328 0.104749
-131.145575 81.733781 2.648321 15.260134
-127.182727 81.733781 10.626448 0.229919
-123.219879 81.733781 11.119871 0.636750
-119.257031 81.733781 11.006641 0.563327
-115.294183 81.733781 11.562611 0.538989
-111.331335 81.733781 0.000000 0.000000
-107.368487 81.733781 0.000000 0.000000
-103.405639 81.733781 0.000000 0.000000
-99.442791 81.733781 0.000000 0.000000
-95.479943 81.733781 0.000000 0.000000
-91.517095 81.733781 0.000000 0.000000
-87.554247 81.733781 11.553734 0.491431
-83.591400 81.733781 11.678472 0.432063
-79.628552 81.733781 11.495354 0.264035
-75.665704 81.733781 11.668121 0.401535
-71.702856 81.733781 11.541944 0.127811
-67.740008 81.733781 11.595641 0.082894
-63.777160 81.733781 11.499662 0.203587
-59.814312 81.733781 11.690187 0.195492
-55.851464 81.733781 11.543402 0.084051
-51.888616 81.733781 11.450205 0.035315
-47.925768 81.733781 11.453543 -0.070173
-43.962920 81.733781 11.389749 0.055261
-40.000072 81.733781 11.394178 -0.202812
-36.037224 81.733781 11.467098 -0.161386
-32.074376 81.733781 11.255578 -0.227964
-28.111528 81.733781 11.258499 0.014330
-24.148680 81.733781 11.466587 -0.253243
-20.185832 81.733781 11.151964 -0.261673
-16.222984 81.733781 11.358127 -0.218259
-12.260136 81.733781 0.000000 0.000000
-8.297289 81.733781 0.000000 0.000000
-4.334441 81.733781 0.000000 0.000000
-0.371593 81.733781 11.082819 -0.106023
3.591255 81.733781 10.995175 -0.109177
7.554103 81.733781 11.023417 -0.267109
11.516951 81.733781 11.108100 -0.197070
15.479799 81.733781 10.949226 -0.107538
19.442647 81.733781 10.897182 -0.060499
23.405495 81.733781 10.993932 0.127245
27.368343 81.733781 10.931129 0.042920
31.331191 81.733781 11.025323 -0.204516
35.294039 81.733781 11.027266 0.223884
39.256887 81.733781 11.073404 -0.261399
43.219735 81.733781 11.020975 0.063970
47.182583 81.733781 10.997506 0.054110
51.145431 81.733781 11.077143 0.061601
55.108279 81.733781 10.951218 -0.260547
59.071127 81.733781 10.806119 -0.007740
63.033975 81.733781 10.975476 0.087335
66.996822 81.733781 11.019500 -0.022153
-131.145575 77.770933 11.858208 0.705080
-127.182727 77.770933 10.912203 0.662857
-123.219879 77.770933 10.964614 0.586773
-119.257031 77.770933 11.139024 0.829408
-115.294183 77.770933 11.271304 0.706885
-111.331335 77.770933 0.000000 0.000000
-107.368487 77.770933 0.000000 0.000000
-103.405639 77.770933 0.000000 0.000000
-99.442791 77.770933 0.000000 0.000000
-95.479943 77.770933 0.000000 0.000000
-91.517095 77.770933 11.520897 0.467362
-87.554247 77.770933 11.533122 0.502907
-83.591400 77.770933 11.698103 0.480087
-79.628552 77.770933 11.851310 0.399599
-75.665704 77.770933 11.485377 0.278545
-71.702856 77.770933 11.551259 0.302435
-67.740008 77.770933 11.535930 0.281753
-63.777160 77.770933 11.815884 0.180337
-59.814312 77.770933 11.501087 0.004278
-55.851464 77.770933 11.590734 -0.065645
-51.888616 77.770933 11.611156 -0.071995
-47.925768 77.770933 11.551379 -0.132639
-43.962920 77.770933 11.653159 -0.170082
-40.000072 77.770933 11.424931 -0.124470
-36.037224 77.770933 11.481666 -0.291804
-32.074376 77.770933 11.310491 -0.085110
-28.111528 77.770933 11.429708 -0.153167
-24.148680 77.770933 11.368006 -0.133138
-20.185832 77.770933 11.119498 -0.254121
-16.222984 77.770933 11.262729 -0.321897
-12.260136 77.770933 0.000000 0.000000
-8.297289 77.770933 0.000000 0.000000
-4.334441 77.770933 0.000000 0.000000
-0.371593 77.770933 10.899660 -0.299504
3.591255 77.770933 10.988860 -0.228776
7.554103 77.770933 11.097919 0.007180
11.516951 77.770933 11.035634 -0.228751
15.479799 77.770933 11.091000 -0.203182
19.442647 77.770933 11.063761 -0.043843
23.405495 77.770933 11.077427 -0.130518
27.368343 77.770933 11.001418 0.109562
31.331191 77.770933 10.957742 -0.061160
35.294039 77.770933 11.054436 -0.231396
39.256887 77.770933 11.044055 0.041808
43.219735 77.770933 10.960887 0.199647
47.182583 77.770933 10.889043 -0.201525
51.145431 77.770933 10.958706 0.143457
55.108279 77.770933 11.006330 -0.012621
59.071127 77.770933 10.941565 -0.110555
63.033975 77.770933 10.835442 0.129435
66.996822 77.770933 10.999452 -0.036004
-131.145575 73.808085 12.604958 10.397223
-127.182727 73.808085 10.787955 0.787463
-123.219879 73.808085 11.107625 0.699882
-119.257031 73.808085 11.442641 0.692304
-115.294183 73.808085 11.133116 0.624251
-111.331335 73.808085 0.000000 0.000000
-107.368487 73.808085 0.000000 0.000000
-103.405639 73.808085 0.000000 0.000000
-99.442791 73.808085 0.000000 0.000000
-95.479943 73.808085 0.000000 0.000000
-91.517095 73.808085 11.721983 0.541617
-87.554247 73.808085 11.614703 0.596640
-83.591400 73.808085 11.843664 0.448914
-79.628552 73.808085 11.638690 0.327489
-75.665704 73.808085 11.857887 0.277466
-71.702856 73.808085 11.676826 0.193887
-67.740008 73.808085 11.721981 0.139936
-63.777160 73.808085 11.733239 0.115452
-59.814312 73.808085 11.800769 -0.061167
-55.851464 73.808085 11.742807 -0.179891
-51.888616 73.808085 11.634166 -0.096140
-47.925768 73.808085 11.749814 0.127857
-43.962920 73.808085 11.560632 -0.351285
-40.000072 73.808085 11.636169 -0.089590
-36.037224 73.808085 11.422923 -0.190809
-32.074376 73.808085 11.522902 -0.267064
-28.111528 73.808085 11.506599 -0.251550
-24.148680 73.808085 11.366451 -0.356218
-20.185832 73.808085 11.217933 -0.345786
-16.222984 73.808085 11.079661 -0.279784
-12.260136 73.808085 0.000000 0.000000
-8.297289 73.808085 0.000000 0.000000
-4.334441 73.808085 0.000000 0.000000
-0.371593 73.808085 11.008815 -0.087592
3.591255 73.808085 11.067408 -0.178821
7.554103 73.808085 10.999820 -0.192076
11.516951 73.808085 10.984219 -0.252751
15.479799 73.808085 10.969383 -0.233414
19.442647 73.808085 10.803383 -0.048475
23.405495 73.808085 10.989350 -0.131013
27.368343 73.808085 10.988830 -0.172796
31.331191 73.808085 10.913596 -0.090608
35.294039 73.808085 10.912367 -0.048399
39.256887 73.808085 10.928214 0.114095
43.219735 73.808085 10.825126 -0.134806
47.182583 73.808085 10.816358 0.103157
51.145431 73.808085 11.006785 -0.150019
55.108279 73.808085 10.967062 0.001490
59.071127 73.808085 10.986949 -0.079640
63.033975 73.808085 10.905182 0.143846
66.996822 73.808085 10.714775 -0.125978
-131.145575 69.845237 -8.861302 13.692155
-127.182727 69.845237 -9.905369 6.040831
-123.219879 69.845237 11.516443 0.740100
-119.257031 69.845237 11.012206 0.596748
-115.294183 69.845237 11.137765 0.759259
-111.331335 69.845237 0.000000 0.000000
-107.368487 69.845237 0.000000 0.000000
-103.405639 69.845237 0.000000 0.000000
-99.442791 69.845237 0.000000 0.000000
-95.479943 69.845237 0.000000 0.000000
-91.517095 69.845237 11.569704 0.532469
-87.554247 69.845237 11.702825 0.573566
-83.591400 69.845237 11.652863 0.465002
-79.628552 69.845237 11.827937 0.197598
-75.665704 69.845237 11.635829 -0.172512
-71.702856 69.845237 11.863048 0.250807
-67.740008 69.845237 11.805653 -0.069179
-63.777160 69.845237 11.763259 -0.033303
-59.814312 69.845237 11.648982 0.005986
-55.851464 69.845237 11.655005 0.174918
-51.888616 69.845237 11.692856 0.014958
-47.925768 69.845237 11.622725 -0.036415
-43.962920 69.845237 11.538166 -0.262232
-40.000072 69.845237 11.593580 -0.019868
-36.037224 69.845237 11.447375 -0.133424
-32.074376 69.845237 11.465779 -0.330757
-28.111528 69.845237 11.336512 -0.283497
-24.148680 69.845237 11.289461 -0.172993
-20.185832 69.845237 11.404774 -0.377792
-16.222984 69.845237 11.070589 -0.346577
-12.260136 69.845237 0.000000 0.000000
-8.297289 69.845237 0.000000 0.000000
-4.334441 69.845237 0.000000 0.000000
-0.371593 69.845237 11.053961 -0.120588
3.591255 69.845237 10.989100 -0.189386
7.554103 69.845237 10.934922 -0.283323
11.516951 69.845237 11.066090 -0.103868
15.479799 69.845237 10.967445 -0.271018
19.442647 69.845237 11.016620 -0.080403
23.405495 69.845237 11.002042 -0.004289
27.368343 69.845237 10.858334 -0.043539
31.331191 69.845237 11.020032 -0.110835
35.294039 69.845237 11.037970 0.006755
39.256887 69.845237 11.023581 0.154663
43.219735 69.845237 11.006203 0.045374
47.182583 69.845237 11.016754 -0.221026
51.145431 69.845237 10.964141 0.015769
55.108279 69.845237 11.093752 -0.133277
59.071127 69.845237 10.856249 -0.161360
63.033975 69.845237 10.874196 -0.004034
66.996822 69.845237 10.959255 -0.302453
-131.145575 65.882389 16.351540 5.829025
-127.182727 65.882389 11.157158 0.795321
-123.219879 65.882389 11.218105 0.651075
-119.257031 65.882389 11.119028 0.890990
-115.294183 65.882389 11.543970 0.777515
-111.331335 65.882389 0.000000 0.000000
-107.368487 65.882389 0.000000 0.000000
-103.405639 65.882389 0.000000 0.000000
-99.442791 65.882389 0.000000 0.000000
-95.479943 65.882389 0.000000 0.000000
-91.517095 65.882389 11.819538 0.527717
-87.554247 65.882389 12.038450 0.696240
-83.591400 65.882389 11.763049 0.496673
-79.628552 65.882389 11.749588 0.286857
-75.665704 65.882389 11.752316 0.356737
-71.702856 65.882389 11.875581 0.183894
-67.740008 65.882389 11.758014 0.041101
-63.777160 65.882389 12.018014 0.181983
-59.814312 65.882389 11.837814 -0.042905
-55.851464 65.882389 11.844657 -0.287672
-51.888616 65.882389 11.875723 -0.148092
-47.925768 65.882389 11.793319 -0.303282
-43.962920 65.882389 11.779704 -0.216813
-40.000072 65.882389 11.437806 -0.392982
-36.037224 65.882389 11.592378 -0.357369
-32.074376 65.882389 11.459951 -0.337478
-28.111528 65.882389 11.591129 -0.313537
-24.148680 65.882389 11.293069 -0.424800
-20.185832 65.882389 11.387574 -0.398243
-16.222984 65.882389 11.148385 -0.278897
-12.260136 65.882389 0.000000 0.000000
-8.297289 65.882389 0.000000 0.000000
-4.334441 65.882389 10.986204 -0.336032
-0.371593 65.882389 11.060884 -0.443366
3.591255 65.882389 10.978523 -0.273360
7.554103 65.882389 10.920014 -0.340101
11.516951 65.882389 10.985816 -0.204468
15.479799 65.882389 10.967527 -0.334575
19.442647 65.882389 10.800179 -0.245244
23.405495 65.882389 11.034739 -0.163789
27.368343 65.882389 10.810978 -0.004660
31.331191 65.882389 10.944654 -0.162243
35.294039 65.882389 10.930950 -0.046271
39.256887 65.882389 11.026870 -0.138645
43.219735 65.882389 10.996479 0.083735
47.182583 65.882389 10.954368 -0.188488
51.145431 65.882389 10.980695 0.350165
55.108279 65.882389 11.049649 0.089220
59.071127 65.882389 10.936850 -0.132721
63.033975 65.882389 10.850421 0.045469
66.996822 65.882389 11.015706 0.058741
-131.145575 61.919541 6.224703 -17.912924
-127.182727 61.919541 10.869170 0.957288
-123.219879 61.919541 11.116199 0.864992
-119.257031 61.919541 11.118929 0.970229
-115.294183 61.919541 11.138385 0.890946
-111.331335 61.919541 0.000000 0.000000
-107.368487 61.919541 0.000000 0.000000
-103.405639 61.919541 0.000000 0.000000
-99.442791 61.919541 0.000000 0.000000
-95.479943 61.919541 0.000000 0.000000
-91.517095 61.919541 11.868495 0.675649
-87.554247 61.919541 11.857526 0.804729
-83.591400 61.919541 12.031396 0.387079
-79.628552 61.919541 12.023777 0.327061
-75.665704 61.919541 12.143910 0.433958
-71.702856 61.919541 12.082973 0.195569
-67.740008 61.919541 11.938450 0.128468
-63.777160 61.919541 11.922496 -0.003283
-59.814312 61.919541 11.806674 0.005711
-55.851464 61.919541 12.040890 -0.212742
-51.888616 61.919541 11.744184 0.003136
-47.925768 61.919541 11.747840 -0.247446
-43.962920 61.919541 11.680400 -0.336600
-40.000072 61.919541 11.654316 -0.384571
-36.037224 61.919541 11.433272 -0.283670
-32.074376 61.919541 11.228853 -0.402197
-28.111528 61.919541 11.495886 -0.526101
-24.148680 61.919541 11.130520 -0.373632
-20.185832 61.919541 11.513013 -0.497715
-16.222984 61.919541 11.005190 -0.457715
-12.260136 61.919541 0.000000 0.000000
-8.297289 61.919541 0.000000 0.000000
-4.334441 61.919541 10.913735 -0.334091
-0.371593 61.919541 11.147652 -0.246980
3.591255 61.919541 10.940102 -0.423525
7.554103 61.919541 10.916860 -0.344064
11.516951 61.919541 10.835490 -0.310963
15.479799 61.919541 10.761040 -0.475772
19.442647 61.919541 10.963490 -0.276264
23.405495 61.919541 11.061033 -0.172572
27.368343 61.919541 11.016622 -0.129588
31.331191 61.919541 11.065998 -0.139848
35.294039 61.919541 10.968887 0.072195
39.256887 61.919541 10.860843 -0.249668
43.219735 61.919541 10.990215 -0.247555
47.182583 61.919541 10.722758 -0.005758
51.145431 61.919541 10.741197 0.056418
55.108279 61.919541 10.953534 0.132514
59.071127 61.919541 10.949800 -0.000678
63.033975 61.919541 10.984828 -0.231667
66.996822 61.919541 11.023175 0.003843
-131.145575 57.956694 4.789197 15.964368
-127.182727 57.956694 -15.391470 -14.559491
-123.219879 57.956694 11.634145 0.750526
-119.257031 57.956694 10.923842 1.647075
-115.294183 57.956694 11.061250 1.423071
-111.331335 57.956694 0.000000 0.000000
-107.368487 57.956694 0.000000 0.000000
-103.405639 57.956694 0.000000 0.000000
-99.442791 57.956694 0.000000 0.000000
-95.479943 57.956694 11.841866 0.684407
-91.517095 57.956694 11.989593 0.815243
-87.554247 57.956694 11.999170 0.914686
-83.591400 57.956694 12.043603 0.592388
-79.628552 57.956694 12.197097 0.346489
-75.665704 57.956694 12.051155 0.479297
-71.702856 57.956694 12.143519 0.152577
-67.740008 57.956694 11.941667 -0.002068
-63.777160 57.956694 11.916513 -0.403644
-59.814312 57.956694 11.770949 -0.187254
-55.851464 57.956694 11.841100 -0.225989
-51.888616 57.956694 11.922436 -0.257016
-47.925768 57.956694 11.837258 -0.444223
-43.962920 57.956694 11.893744 -0.346965
-40.000072 57.956694 11.650626 -0.366884
-36.037224 57.956694 11.246593 -0.349437
-32.074376 57.956694 11.474028 -0.454204
-28.111528 57.956694 11.658064 -0.369196
-24.148680 57.956694 11.457534 -0.431657
-20.185832 57.956694 11.227450 -0.452641
-16.222984 57.956694 11.188079 -0.503538
-12.260136 57.956694 0.000000 0.000000
-8.297289 57.956694 0.000000 0.000000
-4.334441 57.956694 10.924753 -0.361226
-0.371593 57.956694 10.799030 -0.292719
3.591255 57.956694 10.759206 -0.369169
7.554103 57.956694 10.798655 -0.423952
11.516951 57.956694 10.793851 -0.105895
15.479799 57.956694 10.804410 -0.423415
19.442647 57.956694 10.798093 -0.194212
23.405495 57.956694 10.810852 -0.199747
27.368343 57.956694 10.855008 0.104318
31.331191 57.956694 10.976434 -0.087236
35.294039 57.956694 10.851747 -0.195498
39.256887 57.956694 10.885726 -0.175544
43.219735 57.956694 10.913399 -0.044172
47.182583 57.956694 11.079879 0.063045
51.145431 57.956694 10.988858 0.003860
55.108279 57.956694 11.030741 0.228990
59.071127 57.956694 11.036925 0.038122
63.033975 57.956694 10.917604 0.069764
66.996822 57.956694 10.851038 0.141303
-131.145575 53.993846 12.954718 2.325150
-127.182727 53.993846 10.489948 0.559005
-123.219879 53.993846 10.992341 0.710894
-119.257031 53.993846 10.861349 0.924891
-115.294183 53.993846 10.996106 1.366067
-111.331335 53.993846 0.000000 0.000000
-107.368487 53.993846 0.000000 0.000000
-103.405639 53.993846 0.000000 0.000000
-99.442791 53.993846 0.000000 0.000000
-95.479943 53.993846 12.118386 0.980982
-91.517095 53.993846 12.168721 0.994969
-87.554247 53.993846 12.272345 0.797405
-83.591400 53.993846 12.164656 0.497064
-79.628552 53.993846 12.341962 0.407978
-75.665704 53.993846 12.168336 0.203862
-71.702856 53.993846 12.243880 0.209580
-67.740008 53.993846 12.223217 -0.084825
-63.777160 53.993846 12.161199 0.031862
-59.814312 53.993846 12.080049 -0.192348
-55.851464 53.993846 11.909789 -0.388757
-51.888616 53.993846 11.937415 -0.187307
-47.925768 53.993846 11.864634 -0.446520
-43.962920 53.993846 11.934952 -0.546164
-40.000072 53.993846 11.623157 -0.578542
-36.037224 53.993846 11.565863 -0.519610
-32.074376 53.993846 11.479123 -0.489334
-28.111528 53.993846 11.440788 -0.579683
-24.148680 53.993846 11.412427 -0.544129
-20.185832 53.993846 11.354865 -0.548067
-16.222984 53.993846 11.189116 -0.632975
-12.260136 53.993846 10.885170 -0.459059
-8.297289 53.993846 0.000000 0.000000
-4.334441 53.993846 10.949976 -0.296628
-0.371593 53.993846 11.062571 -0.390620
3.591255 53.993846 10.984047 -0.281321
7.554103 53.993846 10.771119 -0.322107
11.516951 53.993846 10.783371 -0.342684
15.479799 53.993846 10.742696 -0.208717
19.442647 53.993846 10.872880 -0.131869
23.405495 53.993846 10.877187 -0.239460
27.368343 53.993846 10.865509 -0.049616
31.331191 53.993846 10.906517 -0.270978
35.294039 53.993846 10.881877 -0.317389
39.256887 53.993846 10.924245 -0.133757
43.219735 53.993846 10.813361 0.009483
47.182583 53.993846 10.992349 0.042342
51.145431 53.993846 10.907127 0.022483
55.108279 53.993846 10.674772 0.229996
59.071127 53.993846 11.074450 0.012968
63.033975 53.993846 10.984187 0.331060
66.996822 53.993846 10.787275 0.227193
-131.145575 50.030998 4.775315 13.242909
-127.182727 50.030998 10.561409 1.119295
-123.219879 50.030998 11.112574 0.970939
-119.257031 50.030998 11.025634 0.907994
-115.294183 50.030998 10.710813 0.954354
-111.331335 50.030998 0.000000 0.000000
-107.368487 50.030998 0.000000 0.000000
-103.405639 50.030998 0.000000 0.000000
-99.442791 50.030998 0.000000 0.000000
-95.479943 50.030998 12.125443 1.186069
-91.517095 50.030998 12.396653 0.960753
-87.554247 50.030998 12.556485 0.811088
-83.591400 50.030998 12.843266 0.646385
-79.628552 50.030998 12.464880 0.447765
-75.665704 50.030998 12.300409 0.469711
-71.702856 50.030998 12.336640 0.108240
-67.740008 50.030998 12.330039 -0.046490
-63.777160 50.030998 12.384737 0.106750
-59.814312 50.030998 12.031321 -0.252129
-55.851464 50.030998 11.944398 -0.419313
-51.888616 50.030998 11.876101 -0.481566
-47.925768 50.030998 11.798675 -0.395458
-43.962920 50.030998 11.961058 -0.458693
-40.000072 50.030998 11.822936 -0.458272
-36.037224 50.030998 11.574578 -0.526980
-32.074376 50.030998 11.792577 -0.597856
-28.111528 50.030998 11.588442 -0.503974
-24.148680 50.030998 11.607791 -0.638677
-20.185832 50.030998 11.259010 -0.674554
-16.222984 50.030998 11.351368 -0.729200
-12.260136 50.030998 10.938084 -0.681997
-8.297289 50.030998 0.000000 0.000000
-4.334441 50.030998 10.719986 -0.741207
-0.371593 50.030998 10.848825 -0.394889
3.591255 50.030998 10.743286 -0.544267
7.554103 50.030998 10.756627 -0.500459
11.516951 50.030998 10.746032 -0.227922
15.479799 50.030998 10.769733 -0.356904
19.442647 50.030998 10.695958 -0.198422
23.405495 50.030998 10.828239 -0.350326
27.368343 50.030998 10.877160 -0.074373
31.331191 50.030998 10.950044 -0.066523
35.294039 50.030998 10.870363 -0.051761
39.256887 50.030998 10.926619 0.202880
43.219735 50.030998 10.740635 -0.219731
47.182583 50.030998 10.854953 0.037095
51.145431 50.030998 10.954623 -0.159570
55.108279 50.030998 10.872489 0.167521
59.071127 50.030998 10.893957 -0.331905
63.033975 50.030998 10.536738 0.068024
66.996822 50.030998 10.698942 0.260319
-131.145575 46.068150 4.357121 2.157307
-127.182727 46.068150 5.205138 -1.870701
-123.219879 46.068150 10.501288 0.831434
-119.257031 46.068150 10.494872 1.070718
-115.294183 46.068150 10.602246 1.477866
-111.331335 46.068150 10.610691 1.656652
-107.368487 46.068150 0.000000 0.000000
-103.405639 46.068150 0.000000 0.000000
-99.442791 46.068150 0.000000 0.000000
-95.479943 46.068150 12.305895 1.566940
-91.517095 46.068150 12.465497 0.946648
-87.554247 46.068150 12.288201 0.770031
-83.591400 46.068150 12.735766 0.593523
-79.628552 46.068150 12.735743 0.514169
-75.665704 46.068150 12.550674 0.127572
-71.702856 46.068150 12.464130 0.096332
-67.740008 46.068150 12.308863 -0.077527
-63.777160 46.068150 12.393406 -0.306827
-59.814312 46.068150 12.249503 -0.377985
-55.851464 46.068150 12.211802 -0.498071
-51.888616 46.068150 12.116846 -0.633488
-47.925768 46.068150 11.888208 -0.548830
-43.962920 46.068150 11.751181 -0.613071
-40.000072 46.068150 11.665740 -0.551258
-36.037224 46.068150 11.573040 -0.627658
-32.074376 46.068150 11.523982 -0.702699
-28.111528 46.068150 11.754816 -0.656153
-24.148680 46.068150 11.446785 -0.891700
-20.185832 46.068150 11.257029 -0.641413
-16.222984 46.068150 11.338447 -0.763958
-12.260136 46.068150 11.219410 -0.822453
-8.297289 46.068150 0.000000 0.000000
-4.334441 46.068150 10.943707 -0.852468
-0.371593 46.068150 10.496227 -0.512949
3.591255 46.068150 10.591528 -0.335761
7.554103 46.068150 10.737381 -0.234042
11.516951 46.068150 10.850879 -0.354403
15.479799 46.068150 10.667286 -0.293221
19.442647 46.068150 10.656862 -0.247304
23.405495 46.068150 10.709149 -0.146956
27.368343 46.068150 11.011078 -0.226483
31.331191 46.068150 11.062231 -0.234449
35.294039 46.068150 10.934739 -0.336643
39.256887 46.068150 10.613837 -0.173546
43.219735 46.068150 10.682134 -0.080465
47.182583 46.068150 10.658422 0.571006
51.145431 46.068150 11.121159 -0.208130
55.108279 46.068150 11.057270 -0.112035
59.071127 46.068150 10.866138 -0.261007
63.033975 46.068150 10.394727 0.172941
66.996822 46.068150 10.506155 0.317672
-131.145575 42.105302 -15.603564 -8.488704
-127.182727 42.105302 14.432103 -11.746816
-123.219879 42.105302 10.135571 0.828307
-119.257031 42.105302 10.452742 0.981103
-115.294183 42.105302 10.233920 1.646125
-111.331335 42.105302 10.501416 2.141222
-107.368487 42.105302 0.000000 0.000000
-103.405639 42.105302 0.000000 0.000000
-99.442791 42.105302 12.449521 2.004045
-95.479943 42.105302 12.938053 1.498595
-91.517095 42.105302 12.936636 1.382701
-87.554247 42.105302 12.861972 0.894204
-83.591400 42.105302 13.145818 0.649874
-79.628552 42.105302 13.020963 0.380701
-75.665704 42.105302 12.559060 0.245734
-71.702856 42.105302 12.477201 -0.296881
-67.740008 42.105302 12.589349 -0.268230
-63.777160 42.105302 12.388499 -0.380935
-59.814312 42.105302 12.324358 -0.446534
-55.851464 42.105302 12.206283 -0.472635
-51.888616 42.105302 12.119314 -0.652947
-47.925768 42.105302 12.010062 -0.889865
-43.962920 42.105302 11.766300 -0.697575
-40.000072 42.105302 11.851042 -0.869604
-36.037224 42.105302 11.504879 -0.630828
-32.074376 42.105302 11.722417 -0.759785
-28.111528 42.105302 11.675627 -0.821284
-24.148680 42.105302 11.552608 -0.790726
-20.185832 42.105302 11.212042 -0.801925
-16.222984 42.105302 11.374473 -1.036883
-12.260136 42.105302 10.965654 -0.880211
-8.297289 42.105302 0.000000 0.000000
-4.334441 42.105302 10.411857 -1.096368
-0.371593 42.105302 10.262409 -0.452122
3.591255 42.105302 10.197147 0.283195
7.554103 42.105302 11.395651 -0.063745
11.516951 42.105302 10.687839 -0.455675
15.479799 42.105302 10.633620 -0.730890
19.442647 42.105302 10.231616 -0.475462
23.405495 42.105302 10.632230 -0.257612
27.368343 42.105302 11.018188 -0.021363
31.331191 42.105302 11.046984 -0.167990
35.294039 42.105302 11.229294 -0.653012
39.256887 42.105302 10.476935 -0.529296
43.219735 42.105302 9.351958 0.184741
47.182583 42.105302 8.173676 1.755174
51.145431 42.105302 9.642156 0.384195
55.108279 42.105302 11.335576 0.046132
59.071127 42.105302 11.006867 -0.661467
63.033975 42.105302 10.474643 -0.574822
66.996822 42.105302 10.347903 -0.857407
-131.145575 38.142454 -15.369443 -11.400759
-127.182727 38.142454 -5.258182 -10.018038
-123.219879 38.142454 10.212592 1.004142
-119.257031 38.142454 10.024229 1.160350
-115.294183 38.142454 9.613935 1.304248
-111.331335 38.142454 9.335349 2.344674
-107.368487 38.142454 0.000000 0.000000
-103.405639 38.142454 0.000000 0.000000
-99.442791 38.142454 0.000000 0.000000
-95.479943 38.142454 0.000000 0.000000
-91.517095 38.142454 0.000000 0.000000
-87.554247 38.142454 0.000000 0.000000
-83.591400 38.142454 0.000000 0.000000
-79.628552 38.142454 0.000000 0.000000
-75.665704 38.142454 0.000000 0.000000
-71.702856 38.142454 0.000000 0.000000
-67.740008 38.142454 0.000000 0.000000
-63.777160 38.142454 0.000000 0.000000
-59.814312 38.142454 0.000000 0.000000
-55.851464 38.142454 0.000000 0.000000
-51.888616 38.142454 0.000000 0.000000
-47.925768 38.142454 0.000000 0.000000
-43.962920 38.142454 0.000000 0.000000
-40.000072 38.142454 0.000000 0.000000
-36.037224 38.142454 0.000000 0.000000
-32.074376 38.142454 0.000000 0.000000
-28.111528 38.142454 0.000000 0.000000
-24.148680 38.142454 11.014332 -1.033592
-20.185832 38.142454 11.397659 -0.393063
-16.222984 38.142454 11.501991 -1.600436
-12.260136 38.142454 10.790324 -1.061383
-8.297289 38.142454 0.000000 0.000000
-4.334441 38.142454 10.307522 -1.917045
-0.371593 38.142454 8.780351 -0.904457
3.591255 38.142454 4.499385 1.649089
7.554103 38.142454 9.138669 3.299307
11.516951 38.142454 10.833593 -1.154832
15.479799 38.142454 10.640995 -0.829873
19.442647 38.142454 10.469343 -1.472987
23.405495 38.142454 9.605778 -1.058985
27.368343 38.142454 9.153748 1.761197
31.331191 38.142454 10.222548 2.352974
35.294039 38.142454 10.625876 -1.170387
39.256887 38.142454 10.162565 -1.309447
43.219735 38.142454 7.746781 -0.107853
47.182583 38.142454 7.893828 1.387249
51.145431 38.142454 8.773093 1.855047
55.108279 38.142454 10.870067 -0.518106
59.071127 38.142454 10.361364 -0.933615
63.033975 38.142454 10.759312 -1.032335
66.996822 38.142454 11.169134 -1.427576
-131.145575 34.179606 -15.581354 -16.672947
-127.182727 34.179606 16.517523 16.339659
-123.219879 34.179606 -7.551475 0.342034
-119.257031 34.179606 9.666263 1.207915
-115.294183 34.179606 0.000000 0.000000
-111.331335 34.179606 0.000000 0.000000
-107.368487 34.179606 0.000000 0.000000
-103.405639 34.179606 0.000000 0.000000
-99.442791 34.179606 0.000000 0.000000
-95.479943 34.179606 0.000000 0.000000
-91.517095 34.179606 0.000000 0.000000
-87.554247 34.179606 0.000000 0.000000
-83.591400 34.179606 0.000000 0.000000
-79.628552 34.179606 0.000000 0.000000
-75.665704 34.179606 0.000000 0.000000
-71.702856 34.179606 0.000000 0.000000
-67.740008 34.179606 0.000000 0.000000
-63.777160 34.179606 0.000000 0.000000
-59.814312 34.179606 0.000000 0.000000
-55.851464 34.179606 0.000000 0.000000
-51.888616 34.179606 0.000000 0.000000
-47.925768 34.179606 0.000000 0.000000
-43.962920 34.179606 0.000000 0.000000
-40.000072 34.179606 0.000000 0.000000
-36.037224 34.179606 0.000000 0.000000
-32.074376 34.179606 0.000000 0.000000
-28.111528 34.179606 0.000000 0.000000
-24.148680 34.179606 0.000000 0.000000
-20.185832 34.179606 0.000000 0.000000
-16.222984 34.179606 0.000000 0.000000
-12.260136 34.179606 0.000000 0.000000
-8.297289 34.179606 0.000000 0.000000
-4.334441 34.179606 0.000000 0.000000
-0.371593 34.179606 7.194815 -2.602216
3.591255 34.179606 7.285874 4.712710
7.554103 34.179606 8.048219 2.390079
11.516951 34.179606 10.304068 -0.131832
15.479799 34.179606 10.902095 -1.660470
19.442647 34.179606 10.474867 -1.709562
23.405495 34.179606 8.968096 -2.553047
27.368343 34.179606 9.891112 2.882470
31.331191 34.179606 9.611078 2.025786
35.294039 34.179606 10.676091 -0.737666
39.256887 34.179606 10.751085 -1.782792
43.219735 34.179606 10.140379 -0.261231
47.182583 34.179606 11.529895 -1.421844
51.145431 34.179606 10.013921 1.783938
55.108279 34.179606 9.856106 0.840342
59.071127 34.179606 10.451240 0.173759
63.033975 34.179606 11.288892 -0.653564
66.996822 34.179606 11.787737 -0.236681
-131.145575 30.216758 15.415032 14.909737
-127.182727 30.216758 9.708635 -0.316349
-123.219879 30.216758 0.000000 0.000000
-119.257031 30.216758 0.000000 0.000000
-115.294183 30.216758 0.000000 0.000000
-111.331335 30.216758 0.000000 0.000000
-107.368487 30.216758 0.000000 0.000000
-103.405639 30.216758 0.000000 0.000000
-99.442791 30.216758 0.000000 0.000000
-95.479943 30.216758 0.000000 0.000000
-91.517095 30.216758 0.000000 0.000000
-87.554247 30.216758 0.000000 0.000000
-83.591400 30.216758 0.000000 0.000000
-79.628552 30.216758 0.000000 0.000000
-75.665704 30.216758 0.000000 0.000000
-71.702856 30.216758 0.000000 0.000000
-67.740008 30.216758 0.000000 0.000000
-63.777160 30.216758 0.000000 0.000000
-59.814312 30.216758 0.000000 0.000000
-55.851464 30.216758 0.000000 0.000000
-51.888616 30.216758 0.000000 0.000000
-47.925768 30.216758 0.000000 0.000000
-43.962920 30.216758 0.000000 0.000000
-40.000072 30.216758 0.000000 0.000000
-36.037224 30.216758 0.000000 0.000000
-32.074376 30.216758 0.000000 0.000000
-28.111528 30.216758 0.000000 0.000000
-24.148680 30.216758 0.000000 0.000000
-20.185832 30.216758 0.000000 0.000000
-16.222984 30.216758 0.000000 0.000000
-12.260136 30.216758 0.000000 0.000000
-8.297289 30.216758 0.000000 0.000000
-4.334441 30.216758 0.000000 0.000000
-0.371593 30.216758 0.000000 0.000000
3.591255 30.216758 0.000000 0.000000
7.554103 30.216758 9.620080 1.820192
11.516951 30.216758 9.440636 0.710768
15.479799 30.216758 9.503095 0.753400
19.442647 30.216758 10.307124 -0.923876
23.405495 30.216758 12.112139 -0.544147
27.368343 30.216758 11.100385 1.304441
31.331191 30.216758 10.231862 1.431501
35.294039 30.216758 9.804008 0.202976
39.256887 30.216758 9.952975 -1.958313
43.219735 30.216758 11.334807 -0.487514
47.182583 30.216758 10.394582 0.768695
51.145431 30.216758 10.963984 0.769850
55.108279 30.216758 10.631386 1.102081
59.071127 30.216758 10.664155 0.433641
63.033975 30.216758 10.392760 -0.363162
66.996822 30.216758 11.458862 -1.316401
-131.145575 26.253910 -0.260055 1.735678
-127.182727 26.253910 11.180470 12.832692
-123.219879 26.253910 0.000000 0.000000
-119.257031 26.253910 0.000000 0.000000
-115.294183 26.253910 0.000000 0.000000
-111.331335 26.253910 0.000000 0.000000
-107.368487 26.253910 0.000000 0.000000
-103.405639 26.253910 0.000000 0.000000
-99.442791 26.253910 0.000000 0.000000
-95.479943 26.253910 0.000000 0.000000
-91.517095 26.253910 0.000000 0.000000
-87.554247 26.253910 0.000000 0.000000
-83.591400 26.253910 0.000000 0.000000
-79.628552 26.253910 0.000000 0.000000
-75.665704 26.253910 0.000000 0.000000
-71.702856 26.253910 0.000000 0.000000
-67.740008 26.253910 0.000000 0.000000
-63.777160 26.253910 0.000000 0.000000
-59.814312 26.253910 0.000000 0.000000
-55.851464 26.253910 0.000000 0.000000
-51.888616 26.253910 0.000000 0.000000
-47.925768 26.253910 0.000000 0.000000
-43.962920 26.253910 0.000000 0.000000
-40.000072 26.253910 0.000000 0.000000
-36.037224 26.253910 0.000000 0.000000
-32.074376 26.253910 0.000000 0.000000
-28.111528 26.253910 0.000000 0.000000
-24.148680 26.253910 0.000000 0.000000
-20.185832 26.253910 0.000000 0.000000
-16.222984 26.253910 0.000000 0.000000
-12.260136 26.253910 0.000000 0.000000
-8.297289 26.253910 0.000000 0.000000
-4.334441 26.253910 0.000000 0.000000
-0.371593 26.253910 0.000000 0.000000
3.591255 26.253910 0.000000 0.000000
7.554103 26.253910 0.000000 0.000000
11.516951 26.253910 10.166627 0.551069
15.479799 26.253910 10.362417 0.267938
19.442647 26.253910 10.934001 -0.302832
23.405495 26.253910 11.466582 -0.259562
27.368343 26.253910 10.892906 0.671181
31.331191 26.253910 10.677836 0.619892
35.294039 26.253910 9.840055 -0.038770
39.256887 26.253910 10.628793 -0.461772
43.219735 26.253910 11.050281 -0.369773
47.182583 26.253910 11.381486 0.371255
51.145431 26.253910 10.904502 0.407775
55.108279 26.253910 10.331419 0.800562
59.071127 26.253910 10.422387 0.568571
63.033975 26.253910 10.458330 0.902058
66.996822 26.253910 10.797623 0.398214
-131.145575 22.291062 2.842456 16.570547
-127.182727 22.291062 2.314274 -15.573402
-123.219879 22.291062 0.000000 0.000000
-119.257031 22.291062 0.000000 0.000000
-115.294183 22.291062 0.000000 0.000000
-111.331335 22.291062 0.000000 0.000000
-107.368487 22.291062 0.000000 0.000000
-103.405639 22.291062 0.000000 0.000000
-99.442791 22.291062 0.000000 0.000000
-95.479943 22.291062 0.000000 0.000000
-91.517095 22.291062 0.000000 0.000000
-87.554247 22.291062 0.000000 0.000000
-83.591400 22.291062 0.000000 0.000000
-79.628552 22.291062 0.000000 0.000000
-75.665704 22.291062 0.000000 0.000000
-71.702856 22.291062 0.000000 0.000000
-67.740008 22.291062 0.000000 0.000000
-63.777160 22.291062 0.000000 0.000000
-59.814312 22.291062 0.000000 0.000000
-55.851464 22.291062 0.000000 0.000000
-51.888616 22.291062 0.000000 0.000000
-47.925768 22.291062 0.000000 0.000000
-43.962920 22.291062 0.000000 0.000000
-40.000072 22.291062 0.000000 0.000000
-36.037224 22.291062 0.000000 0.000000
-32.074376 22.291062 0.000000 0.000000
-28.111528 22.291062 0.000000 0.000000
-24.148680 22.291062 0.000000 0.000000
-20.185832 22.291062 0.000000 0.000000
-16.222984 22.291062 0.000000 0.000000
-12.260136 22.291062 0.000000 0.000000
-8.297289 22.291062 0.000000 0.000000
-4.334441 22.291062 10.628679 0.866213
-0.371593 22.291062 10.904047 0.925612
3.591255 22.291062 10.488825 0.779450
7.554103 22.291062 10.342306 0.696279
11.516951 22.291062 10.703194 0.742058
15.479799 22.291062 10.527965 0.120469
19.442647 22.291062 10.914974 0.034582
23.405495 22.291062 10.867153 0.100003
27.368343 22.291062 10.771578 0.702109
31.331191 22.291062 10.333841 0.351619
35.294039 22.291062 10.546150 0.184405
39.256887 22.291062 10.698407 0.107774
43.219735 22.291062 11.165321 -0.368515
47.182583 22.291062 11.123333 0.060478
51.145431 22.291062 11.024501 0.297121
55.108279 22.291062 10.911278 0.130640
59.071127 22.291062 10.653755 0.526580
63.033975 22.291062 10.713120 -0.387019
66.996822 22.291062 10.878705 -0.070984
-131.145575 18.328214 12.955180 15.680636
-127.182727 18.328214 9.982424 2.587917
-123.219879 18.328214 10.251822 1.843121
-119.257031 18.328214 5.909940 -2.080415
-115.294183 18.328214 10.598664 -1.464860
-111.331335 18.328214 -15.732676 -6.378394
-107.368487 18.328214 0.000000 0.000000
-103.405639 18.328214 0.000000 0.000000
-99.442791 18.328214 0.000000 0.000000
-95.479943 18.328214 0.000000 0.000000
-91.517095 18.328214 0.000000 0.000000
-87.554247 18.328214 0.000000 0.000000
-83.591400 18.328214 0.000000 0.000000
-79.628552 18.328214 0.000000 0.000000
-75.665704 18.328214 0.000000 0.000000
-71.702856 18.328214 0.000000 0.000000
-67.740008 18.328214 0.000000 0.000000
-63.777160 18.328214 0.000000 0.000000
-59.814312 18.328214 0.000000 0.000000
-55.851464 18.328214 0.000000 0.000000
-51.888616 18.328214 11.807094 0.578502
-47.925768 18.328214 12.308312 0.947173
-43.962920 18.328214 11.620575 0.832460
-40.000072 18.328214 11.619635 0.780325
-36.037224 18.328214 11.250975 0.831953
-32.074376 18.328214 11.299553 0.697744
-28.111528 18.328214 11.334580 0.678816
-24.148680 18.328214 11.438990 0.724903
-20.185832 18.328214 11.324244 0.852492
-16.222984 18.328214 11.078943 0.742893
-12.260136 18.328214 10.867199 0.722136
-8.297289 18.328214 11.118339 0.833862
-4.334441 18.328214 11.168730 0.843577
-0.371593 18.328214 10.835637 0.527664
3.591255 18.328214 10.963213 0.486960
7.554103 18.328214 10.828476 0.519254
11.516951 18.328214 10.750223 0.259542
15.479799 18.328214 10.791553 0.587454
19.442647 18.328214 10.902578 0.305943
23.405495 18.328214 10.788102 0.357788
27.368343 18.328214 10.960516 0.364916
31.331191 18.328214 10.939043 0.322031
35.294039 18.328214 10.678272 0.087323
39.256887 18.328214 10.666481 0.422716
43.219735 18.328214 10.764535 0.175794
47.182583 18.328214 10.934881 0.510377
51.145431 18.328214 10.900615 -0.296750
55.108279 18.328214 10.940162 0.000881
59.071127 18.328214 10.753098 0.476218
63.033975 18.328214 10.570667 0.030132
66.996822 18.328214 10.557384 0.387474
-131.145575 14.365366 4.315301 -4.223787
-127.182727 14.365366 12.475873 -9.800311
-123.219879 14.365366 -9.714349 15.095954
-119.257031 14.365366 13.839444 3.451982
-115.294183 14.365366 9.999529 0.615572
-111.331335 14.365366 10.820045 -0.567117
-107.368487 14.365366 10.639113 -0.182736
-103.405639 14.365366 11.501352 -1.103718
-99.442791 14.365366 11.226376 -0.847556
-95.479943 14.365366 11.763823 -0.831141
-91.517095 14.365366 12.035840 -0.706033
-87.554247 14.365366 11.713265 -0.486997
-83.591400 14.365366 12.069388 -0.533933
-79.628552 14.365366 11.902323 -0.199091
-75.665704 14.365366 11.994013 -0.014395
-71.702856 14.365366 12.042528 -0.010331
-67.740008 14.365366 11.784686 0.230455
-63.777160 14.365366 12.035556 0.349829
-59.814312 14.365366 11.932166 0.485613
-55.851464 14.365366 11.947374 0.087234
-51.888616 14.365366 11.811427 0.573775
-47.925768 14.365366 11.575655 0.549436
-43.962920 14.365366 11.329707 0.471116
-40.000072 14.365366 11.736110 0.679907
-36.037224 14.365366 11.596648 0.743320
-32.074376 14.365366 11.329775 0.466870
-28.111528 14.365366 11.236556 0.692815
-24.148680 14.365366 11.302804 0.718041
-20.185832 14.365366 11.163918 0.749623
-16.222984 14.365366 11.080766 0.579898
-12.260136 14.365366 10.999432 0.670529
-8.297289 14.365366 11.044983 0.617202
-4.334441 14.365366 10.650615 0.477899
-0.371593 14.365366 11.122937 0.600446
3.591255 14.365366 11.027815 0.363174
7.554103 14.365366 10.823711 0.430291
11.516951 14.365366 10.611899 0.370503
15.479799 14.365366 10.759006 0.147831
19.442647 14.365366 10.962854 0.297018
23.405495 14.365366 10.821469 0.613557
27.368343 14.365366 10.648508 -0.034822
31.331191 14.365366 11.054333 -0.250877
35.294039 14.365366 11.193121 0.388977
39.256887 14.365366 12.605090 -13.337668
43.219735 14.365366 11.031033 -0.098137
47.182583 14.365366 10.761409 0.323913
51.145431 14.365366 10.938899 -0.016951
55.108279 14.365366 9.829395 -0.256709
59.071127 14.365366 10.706472 -0.058160
63.033975 14.365366 11.019833 -0.004379
66.996822 14.365366 10.702811 -0.028202
-131.145575 10.402518 5.145470 8.382116
-127.182727 10.402518 10.306545 -1.463242
-123.219879 10.402518 -5.961545 -8.578059
-119.257031 10.402518 10.351378 0.079190
-115.294183 10.402518 -2.635525 2.400521
-111.331335 10.402518 10.448877 -0.540416
-107.368487 10.402518 11.288470 -0.813621
-103.405639 10.402518 11.657770 -0.974008
-99.442791 10.402518 11.578169 -0.734139
-95.479943 10.402518 11.531757 -0.536219
-91.517095 10.402518 11.798733 -0.297018
-87.554247 10.402518 11.638616 -0.512942
-83.591400 10.402518 11.860545 -0.242757
-79.628552 10.402518 12.070212 -0.368869
-75.665704 10.402518 11.837839 -0.230297
-71.702856 10.402518 12.023813 0.104206
-67.740008 10.402518 12.058432 0.243422
-63.777160 10.402518 12.048416 0.305605
-59.814312 10.402518 11.937076 0.301803
-55.851464 10.402518 11.590334 0.224315
-51.888616 10.402518 11.899370 0.706746
-47.925768 10.402518 11.335549 0.783874
-43.962920 10.402518 11.753126 0.477359
-40.000072 10.402518 11.473403 0.560368
-36.037224 10.402518 11.546954 0.593610
-32.074376 10.402518 11.470316 0.619447
-28.111528 10.402518 11.693511 0.391181
-24.148680 10.402518 11.346962 0.639845
-20.185832 10.402518 11.052976 0.619191
-16.222984 10.402518 10.989774 0.658921
-12.260136 10.402518 10.971437 0.772683
-8.297289 10.402518 10.952283 0.703737
-4.334441 10.402518 11.093542 0.588294
-0.371593 10.402518 11.043127 0.496259
3.591255 10.402518 10.914753 0.597045
7.554103 10.402518 10.532190 0.452807
11.516951 10.402518 10.909260 0.446422
15.479799 10.402518 10.764436 -0.102078
19.442647 10.402518 10.913996 0.094656
23.405495 10.402518 10.710027 0.398951
27.368343 10.402518 10.321256 0.339255
31.331191 10.402518 11.070392 -0.058832
35.294039 10.402518 10.845295 0.466081
39.256887 10.402518 10.441351 -0.124388
43.219735 10.402518 10.649964 0.203622
47.182583 10.402518 10.924338 -0.241706
51.145431 10.402518 11.014264 -0.023998
55.108279 10.402518 10.851219 0.329652
59.071127 10.402518 11.166262 0.121741
63.033975 10.402518 10.821192 0.258887
66.996822 10.402518 10.852591 0.282185
-131.145575 6.439670 13.088322 -9.496014
-127.182727 6.439670 10.481954 1.491516
-123.219879 6.439670 11.665422 7.841881
-119.257031 6.439670 -11.606945 10.587399
-115.294183 6.439670 10.863085 -1.143041
-111.331335 6.439670 10.904408 -1.018954
-107.368487 6.439670 11.563177 -0.761759
-103.405639 6.439670 10.958243 -0.678389
-99.442791 6.439670 11.349174 -0.224991
-95.479943 6.439670 11.615827 -0.637642
-91.517095 6.439670 11.919150 -0.228834
-87.554247 6.439670 11.270437 -0.458498
-83.591400 6.439670 11.229458 -0.081661
-79.628552 6.439670 11.441947 -0.274179
-75.665704 6.439670 11.767375 -0.132939
-71.702856 6.439670 11.842979 0.026472
-67.740008 6.439670 11.851316 0.397277
-63.777160 6.439670 11.713620 0.231626
-59.814312 6.439670 11.805449 0.444800
-55.851464 6.439670 11.699045 0.138829
-51.888616 6.439670 11.593452 0.377775
-47.925768 6.439670 11.562197 0.352166
-43.962920 6.439670 11.654420 0.551338
-40.000072 6.439670 11.443118 0.555274
-36.037224 6.439670 11.316691 0.447201
-32.074376 6.439670 11.255611 0.642234
-28.111528 6.439670 11.099842 0.513204
-24.148680 6.439670 11.340833 0.556885
-20.185832 6.439670 11.268304 0.523928
-16.222984 6.439670 11.193146 0.509739
-12.260136 6.439670 10.975657 0.581930
-8.297289 6.439670 10.731500 0.797877
-4.334441 6.439670 10.891528 0.196004
-0.371593 6.439670 11.287274 0.149837
3.591255 6.439670 10.901401 0.472390
7.554103 6.439670 10.625173 0.176156
11.516951 6.439670 10.853306 0.402493
15.479799 6.439670 10.934703 0.244110
19.442647 6.439670 11.002794 0.237768
23.405495 6.439670 11.084282 0.396940
27.368343 6.439670 10.827683 0.285885
31.331191 6.439670 10.850872 -0.068137
35.294039 6.439670 10.752414 -0.027630
39.256887 6.439670 10.432823 0.565745
43.219735 6.439670 10.528963 -0.236965
47.182583 6.439670 10.746875 0.283008
51.145431 6.439670 10.991693 -0.242846
55.108279 6.439670 11.043918 -0.509969
59.071127 6.439670 10.972631 0.016897
63.033975 6.439670 10.821441 0.570411
66.996822 6.439670 10.882005 0.221949
-131.145575 2.476822 -7.223320 -4.779764
-127.182727 2.476822 8.171172 -7.940664
-123.219879 2.476822 4.970619 4.057644
-119.257031 2.476822 -12.961978 -10.936990
-115.294183 2.476822 18.179150 13.794934
-111.331335 2.476822 11.803303 -0.906970
-107.368487 2.476822 11.117502 -0.436776
-103.405639 2.476822 11.083446 -0.310887
-99.442791 2.476822 11.338461 -0.333674
-95.479943 2.476822 11.468293 -0.751586
-91.517095 2.476822 11.371012 -0.686493
-87.554247 2.476822 11.659944 -0.649607
-83.591400 2.476822 11.876723 -0.182407
-79.628552 2.476822 11.727667 -0.106040
-75.665704 2.476822 11.799085 0.154978
-71.702856 2.476822 11.707971 -0.027251
-67.740008 2.476822 11.797723 0.245635
-63.777160 2.476822 11.732933 -0.081958
-59.814312 2.476822 11.736452 0.283432
-55.851464 2.476822 11.829637 0.256040
-51.888616 2.476822 11.772832 0.458992
-47.925768 2.476822 11.444859 0.305228
-43.962920 2.476822 11.500586 0.490575
-40.000072 2.476822 11.080100 0.703983
-36.037224 2.476822 11.306003 0.540271
-32.074376 2.476822 11.123145 0.453270
-28.111528 2.476822 10.966891 0.596680
-24.148680 2.476822 11.129358 0.603672
-20.185832 2.476822 11.218209 0.585488
-16.222984 2.476822 11.274406 0.533091
-12.260136 2.476822 11.148758 0.648690
-8.297289 2.476822 11.014729 0.415560
-4.334441 2.476822 10.955069 0.288138
-0.371593 2.476822 11.091852 0.368235
3.591255 2.476822 11.032761 0.327073
7.554103 2.476822 11.064643 0.371156
11.516951 2.476822 10.850053 0.541180
15.479799 2.476822 11.023956 0.238116
19.442647 2.476822 10.700830 0.175356
23.405495 2.476822 10.753922 0.216678
27.368343 2.476822 10.801418 0.376924
31.331191 2.476822 11.118047 0.558169
35.294039 2.476822 10.689017 0.235934
39.256887 2.476822 10.541836 0.437745
43.219735 2.476822 10.829638 0.468376
47.182583 2.476822 10.969085 -0.207440
51.145431 2.476822 11.026458 -0.335144
55.108279 2.476822 10.753031 0.339728
59.071127 2.476822 10.601376 0.068204
63.033975 2.476822 10.953526 -0.129143
66.996822 2.476822 11.256904 -0.464716
-131.145575 -1.486026 2.226893 -16.093439
-127.182727 -1.486026 -4.504882 3.312145
-123.219879 -1.486026 17.290869 0.649431
-119.257031 -1.486026 -4.114172 8.598918
-115.294183 -1.486026 -12.284439 -10.820216
-111.331335 -1.486026 12.178461 -0.475920
-107.368487 -1.486026 11.952757 -0.804148
-103.405639 -1.486026 11.144444 0.242028
-99.442791 -1.486026 11.088614 -0.311843
-95.479943 -1.486026 11.244956 -0.655864
-91.517095 -1.486026 11.627304 -0.478894
-87.554247 -1.486026 11.166054 0.179801
-83.591400 -1.486026 10.114018 -13.281705
-79.628552 -1.486026 12.077844 -0.104403
-75.665704 -1.486026 11.640416 -0.110320
-71.702856 -1.486026 11.662077 -0.068222
-67.740008 -1.486026 11.594460 -0.162585
-63.777160 -1.486026 11.496891 0.273492
-59.814312 -1.486026 11.331975 0.272384
-55.851464 -1.486026 10.878520 0.374490
-51.888616 -1.486026 11.440845 0.324153
-47.925768 -1.486026 11.366688 0.456878
-43.962920 -1.486026 11.088285 0.429294
-40.000072 -1.486026 11.343462 0.379630
-36.037224 -1.486026 11.380201 0.706497
-32.074376 -1.486026 11.141629 0.166119
-28.111528 -1.486026 11.392846 0.258260
-24.148680 -1.486026 10.871515 0.651075
-20.185832 -1.486026 11.434787 0.461555
-16.222984 -1.486026 11.316646 0.616958
-12.260136 -1.486026 11.417932 0.412957
-8.297289 -1.486026 11.409592 0.571628
-4.334441 -1.486026 10.997820 0.553010
-0.371593 -1.486026 10.690212 0.404642
3.591255 -1.486026 11.306279 0.439941
7.554103 -1.486026 11.187081 0.303377
11.516951 -1.486026 11.130780 0.256557
15.479799 -1.486026 11.075866 0.573682
19.442647 -1.486026 10.702886 0.486688
23.405495 -1.486026 10.800009 0.152850
27.368343 -1.486026 10.754975 0.332929
31.331191 -1.486026 10.851349 0.031407
35.294039 -1.486026 10.898604 0.372982
39.256887 -1.486026 11.034798 0.116906
43.219735 -1.486026 11.053515 0.290676
47.182583 -1.486026 10.857307 -0.472911
51.145431 -1.486026 9.889697 0.734568
55.108279 -1.486026 10.644565 0.352683
59.071127 -1.486026 11.088104 0.213705
63.033975 -1.486026 10.895560 0.220651
66.996822 -1.486026 10.938063 0.152407
-131.145575 -5.448874 -4.862330 15.116083
-127.182727 -5.448874 -7.127775 16.131948
-123.219879 -5.448874 7.796008 -8.601852
-119.257031 -5.448874 12.606932 -0.210714
-115.294183 -5.448874 9.728811 0.203527
-111.331335 -5.448874 11.509620 -0.819856
-107.368487 -5.448874 11.118556 0.326013
-103.405639 -5.448874 11.086302 -0.156725
-99.442791 -5.448874 11.160426 0.186054
-95.479943 -5.448874 11.142526 -0.184573
-91.517095 -5.448874 11.738708 -0.504609
-87.554247 -5.448874 11.242991 -0.182056
-83.591400 -5.448874 11.981241 -0.059006
-79.628552 -5.448874 11.833989 -0.681271
-75.665704 -5.448874 11.698255 -0.247335
-71.702856 -5.448874 11.643547 0.213393
-67.740008 -5.448874 11.718474 0.249120
-63.777160 -5.448874 11.424075 -0.106850
-59.814312 -5.448874 11.573493 0.360719
-55.851464 -5.448874 11.866521 -0.163048
-51.888616 -5.448874 11.179130 0.153170
-47.925768 -5.448874 11.449713 0.427853
-43.962920 -5.448874 11.432774 0.232084
-40.000072 -5.448874 11.233929 0.353311
-36.037224 -5.448874 11.227111 0.302018
-32.074376 -5.448874 10.984905 0.298687
-28.111528 -5.448874 11.089833 0.395707
-24.148680 -5.448874 11.392097 0.548501
-20.185832 -5.448874 11.196370 0.224883
-16.222984 -5.448874 11.310278 0.127890
-12.260136 -5.448874 10.993659 0.328831
-8.297289 -5.448874 11.096642 0.360214
-4.334441 -5.448874 11.173475 0.039009
-0.371593 -5.448874 10.652143 0.713347
3.591255 -5.448874 11.020292 0.577530
7.554103 -5.448874 10.987667 0.413751
11.516951 -5.448874 11.099915 0.478654
15.479799 -5.448874 10.735323 0.255107
19.442647 -5.448874 10.785552 0.021519
23.405495 -5.448874 10.940938 0.021458
27.368343 -5.448874 10.631771 0.249823
31.331191 -5.448874 11.337664 0.087659
35.294039 -5.448874 11.049977 0.292437
39.256887 -5.448874 11.104931 -0.041990
43.219735 -5.448874 11.031484 0.233557
47.182583 -5.448874 10.416689 0.407446
51.145431 -5.448874 10.976330 0.318635
55.108279 -5.448874 10.984088 0.300122
59.071127 -5.448874 10.897137 0.147190
63.033975 -5.448874 11.120065 0.038375
66.996822 -5.448874 -2.490670 7.751163
-131.145575 -9.411722 11.487238 -0.526799
-127.182727 -9.411722 -10.406469 -4.066880
-123.219879 -9.411722 10.947400 0.840993
-119.257031 -9.411722 11.974735 -0.241357
-115.294183 -9.411722 12.208102 0.031545
-111.331335 -9.411722 10.005738 1.159372
-107.368487 -9.411722 12.043295 -0.169934
-103.405639 -9.411722 10.605266 0.080577
-99.442791 -9.411722 -5.154596 12.322797
-95.479943 -9.411722 10.352647 -0.507747
-91.517095 -9.411722 11.094484 -0.198617
-87.554247 -9.411722 11.594770 0.033336
-83.591400 -9.411722 11.441576 0.110616
-79.628552 -9.411722 11.708479 0.168220
-75.665704 -9.411722 11.103080 0.500160
-71.702856 -9.411722 11.577583 -0.234667
-67.740008 -9.411722 10.814559 -0.147695
-63.777160 -9.411722 11.318162 -0.254095
-59.814312 -9.411722 11.063598 0.580298
-55.851464 -9.411722 11.225115 0.477964
-51.888616 -9.411722 11.675388 -0.078206
-47.925768 -9.411722 11.225020 0.605433
-43.962920 -9.411722 11.290670 0.147023
-40.000072 -9.411722 11.189327 0.249485
-36.037224 -9.411722 11.228530 0.447756
-32.074376 -9.411722 10.970841 0.208993
-28.111528 -9.411722 11.134111 0.175647
-24.148680 -9.411722 10.955917 0.219924
-20.185832 -9.411722 11.088574 0.676268
-16.222984 -9.411722 10.914245 0.302616
-12.260136 -9.411722 11.061575 0.310633
-8.297289 -9.411722 10.913803 0.415631
-4.334441 -9.411722 11.030719 0.429175
-0.371593 -9.411722 11.359445 -0.067543
3.591255 -9.411722 10.914471 0.437662
7.554103 -9.411722 10.606158 0.512188
11.516951 -9.411722 11.252826 0.192683
15.479799 -9.411722 10.901942 0.333216
19.442647 -9.411722 10.810582 0.320476
23.405495 -9.411722 10.950618 0.321918
27.368343 -9.411722 10.872118 0.461214
31.331191 -9.411722 10.633637 0.339047
35.294039 -9.411722 10.792975 0.469921
39.256887 -9.411722 11.118052 0.099296
43.219735 -9.411722 10.852429 0.679859
47.182583 -9.411722 11.080624 -0.089356
51.145431 -9.411722 10.515851 0.158064
55.108279 -9.411722 9.935807 0.423558
59.071127 -9.411722 10.936728 -0.185628
63.033975 -9.411722 10.912919 -0.100567
66.996822 -9.411722 11.124490 0.361213
-131.145575 -13.374570 -5.286086 -16.296530
-127.182727 -13.374570 -2.754069 -14.359779
-123.219879 -13.374570 10.181353 1.254660
-119.257031 -13.374570 -7.731086 -18.420607
-115.294183 -13.374570 11.183483 -0.220050
-111.331335 -13.374570 10.797844 -0.220453
-107.368487 -13.374570 11.005633 -0.571532
-103.405639 -13.374570 11.575378 0.534573
-99.442791 -13.374570 11.814758 -0.622953
-95.479943 -13.374570 11.301767 -0.380455
-91.517095 -13.374570 11.059481 -0.173870
-87.554247 -13.374570 10.678561 -0.574564
-83.591400 -13.374570 11.180185 -0.190061
-79.628552 -13.374570 10.624536 -0.527667
-75.665704 -13.374570 11.418160 0.351280
-71.702856 -13.374570 11.770061 0.444707
-67.740008 -13.374570 11.248548 0.282472
-63.777160 -13.374570 11.757185 0.378460
-59.814312 -13.374570 11.408978 0.401058
-55.851464 -13.374570 11.229191 0.351126
-51.888616 -13.374570 11.552691 0.164740
-47.925768 -13.374570 11.585423 0.055162
-43.962920 -13.374570 11.288562 0.582884
-40.000072 -13.374570 10.799891 0.258051
-36.037224 -13.374570 10.747993 0.539514
-32.074376 -13.374570 10.960596 0.468664
-28.111528 -13.374570 11.530384 0.389456
-24.148680 -13.374570 11.115435 0.729252
-20.185832 -13.374570 11.274652 0.290046
-16.222984 -13.374570 11.238901 0.361928
-12.260136 -13.374570 10.988670 0.377373
-8.297289 -13.374570 11.060830 0.334004
-4.334441 -13.374570 11.423234 0.425964
-0.371593 -13.374570 10.731112 0.668016
3.591255 -13.374570 10.535711 0.806463
7.554103 -13.374570 11.244238 0.402379
11.516951 -13.374570 10.905254 0.152277
15.479799 -13.374570 11.503732 0.631902
19.442647 -13.374570 10.797263 0.407797
23.405495 -13.374570 10.516935 0.662374
27.368343 -13.374570 11.022500 -0.139301
31.331191 -13.374570 11.002546 -0.230113
35.294039 -13.374570 11.042011 0.333174
39.256887 -13.374570 10.561443 0.540605
43.219735 -13.374570 11.215296 -0.218735
47.182583 -13.374570 11.012197 -0.368400
51.145431 -13.374570 10.843641 -0.026297
55.108279 -13.374570 11.273416 -0.306687
59.071127 -13.374570 10.823764 -0.957502
63.033975 -13.374570 11.125031 -0.996556
66.996822 -13.374570 10.895022 0.207179
-131.145575 -17.337417 13.533652 16.204170
-127.182727 -17.337417 -14.418097 -11.926880
-123.219879 -17.337417 12.155667 -10.180982
-119.257031 -17.337417 9.951935 -0.228570
-115.294183 -17.337417 10.653572 -1.005598
-111.331335 -17.337417 10.820407 -0.039651
-107.368487 -17.337417 12.470787 13.481226
-103.405639 -17.337417 11.657736 0.594756
-99.442791 -17.337417 10.689212 0.674648
-95.479943 -17.337417 10.632745 0.237357
-91.517095 -17.337417 11.169525 -0.679953
-87.554247 -17.337417 10.958928 0.189197
-83.591400 -17.337417 11.568470 0.288679
-79.628552 -17.337417 11.370069 -0.130365
-75.665704 -17.337417 11.630667 -0.363383
-71.702856 -17.337417 11.136693 0.447209
-67.740008 -17.337417 11.584961 -0.153901
-63.777160 -17.337417 11.286200 -0.192923
-59.814312 -17.337417 11.446351 -0.295238
-55.851464 -17.337417 11.422961 0.004855
-51.888616 -17.337417 11.388370 0.014695
-47.925768 -17.337417 11.460354 0.425892
-43.962920 -17.337417 11.017385 0.465634
-40.000072 -17.337417 11.141795 0.180331
-36.037224 -17.337417 11.427462 0.159807
-32.074376 -17.337417 10.964218 0.535188
-28.111528 -17.337417 10.869884 0.650849
-24.148680 -17.337417 11.492324 0.459957
-20.185832 -17.337417 11.690200 0.373362
-16.222984 -17.337417 11.082395 0.244723
-12.260136 -17.337417 11.349792 0.187979
-8.297289 -17.337417 10.886625 0.597394
-4.334441 -17.337417 11.022435 0.388127
-0.371593 -17.337417 10.848650 0.542915
3.591255 -17.337417 10.967019 -0.113990
7.554103 -17.337417 10.596763 0.190059
11.516951 -17.337417 10.387076 -0.014825
15.479799 -17.337417 11.002013 0.598860
19.442647 -17.337417 10.931837 0.186148
23.405495 -17.337417 11.131228 0.191249
27.368343 -17.337417 10.754180 0.444506
31.331191 -17.337417 10.911338 -0.240944
35.294039 -17.337417 10.605068 0.178484
39.256887 -17.337417 11.100170 0.052572
43.219735 -17.337417 10.520519 0.723570
47.182583 -17.337417 10.959359 0.344546
51.145431 -17.337417 10.867447 0.017595
55.108279 -17.337417 11.348280 -0.234687
59.071127 -17.337417 11.607740 -0.524665
63.033975 -17.337417 10.970376 0.176155
66.996822 -17.337417 10.316570 0.420171
-131.145575 -21.300265 -10.369656 -3.353579
-127.182727 -21.300265 2.394019 -4.630621
-123.219879 -21.300265 5.192836 12.675570
-119.257031 -21.300265 -12.226765 -17.420309
-115.294183 -21.300265 -5.635571 -12.470514
-111.331335 -21.300265 10.564131 0.647507
-107.368487 -21.300265 11.436597 -0.839852
-103.405639 -21.300265 11.214256 -0.653279
-99.442791 -21.300265 10.186289 0.216930
-95.479943 -21.300265 10.705279 -0.402715
-91.517095 -21.300265 11.465628 -0.382438
-87.554247 -21.300265 11.741089 -0.046428
-83.591400 -21.300265 11.053655 0.641879
-79.628552 -21.300265 11.092698 0.019484
-75.665704 -21.300265 11.201875 0.114009
-71.702856 -21.300265 11.085333 0.350207
-67.740008 -21.300265 11.474237 -0.064731
-63.777160 -21.300265 11.662186 0.037871
-59.814312 -21.300265 11.140681 0.163876
-55.851464 -21.300265 11.344060 -0.135067
-51.888616 -21.300265 10.976480 0.069356
-47.925768 -21.300265 11.588554 0.116498
-43.962920 -21.300265 11.229530 0.396694
-40.000072 -21.300265 11.514136 0.118172
-36.037224 -21.300265 11.306809 0.285083
-32.074376 -21.300265 11.520234 0.528867
-28.111528 -21.300265 11.249844 -0.225795
-24.148680 -21.300265 11.031336 0.135724
-20.185832 -21.300265 10.993447 0.464417
-16.222984 -21.300265 10.847006 0.391700
-12.260136 -21.300265 11.009242 0.889391
-8.297289 -21.300265 11.205348 0.410140
-4.334441 -21.300265 10.768868 0.362713
-0.371593 -21.300265 10.970237 0.427096
3.591255 -21.300265 10.812267 -0.035461
7.554103 -21.300265 11.615969 0.230624
11.516951 -21.300265 10.966484 0.257259
15.479799 -21.300265 10.843552 -0.071923
19.442647 -21.300265 10.896927 0.088666
23.405495 -21.300265 10.401391 0.740858
27.368343 -21.300265 10.940099 0.384784
31.331191 -21.300265 10.882820 -0.172125
35.294039 -21.300265 10.001347 0.565393
39.256887 -21.300265 11.051751 -0.212528
43.219735 -21.300265 10.865957 0.150288
47.182583 -21.300265 10.046611 -0.078561
51.145431 -21.300265 10.308906 0.072342
55.108279 -21.300265 11.071681 -0.116137
59.071127 -21.300265 10.977540 0.463870
63.033975 -21.300265 11.102125 -0.451393
66.996822 -21.300265 -8.660112 1.083714
-131.145575 -25.263113 -11.075667 -13.692304
-127.182727 -25.263113 -12.778895 12.413420
-123.219879 -25.263113 -8.157160 -8.465258
-119.257031 -25.263113 14.450418 3.523501
-115.294183 -25.263113 10.675653 0.471660
-111.331335 -25.263113 11.093615 0.215090
-107.368487 -25.263113 10.363825 0.401844
-103.405639 -25.263113 11.206696 -0.530637
-99.442791 -25.263113 10.643524 -0.685302
-95.479943 -25.263113 11.964924 0.194470
-91.517095 -25.263113 12.256946 0.079344
-87.554247 -25.263113 11.075856 0.624514
-83.591400 -25.263113 11.530716 0.420380
-79.628552 -25.263113 11.399122 0.079957
-75.665704 -25.263113 11.667070 0.318152
-71.702856 -25.263113 11.392720 -0.169453
-67.740008 -25.263113 11.141778 -0.105443
-63.777160 -25.263113 10.998865 0.334483
-59.814312 -25.263113 11.757947 0.020704
-55.851464 -25.263113 11.348572 0.368439
-51.888616 -25.263113 11.215233 0.462843
-47.925768 -25.263113 10.776135 -0.250842
-43.962920 -25.263113 11.908608 0.005619
-40.000072 -25.263113 11.570912 0.472713
-36.037224 -25.263113 11.210793 0.753208
-32.074376 -25.263113 11.382398 0.171360
-28.111528 -25.263113 11.168730 0.261615
-24.148680 -25.263113 11.341621 0.285147
-20.185832 -25.263113 11.311664 0.459234
-16.222984 -25.263113 10.943731 -0.207205
-12.260136 -25.263113 11.591830 0.730978
-8.297289 -25.263113 11.054581 0.787789
-4.334441 -25.263113 10.924799 0.731316
-0.371593 -25.263113 11.271962 0.202311
3.591255 -25.263113 11.421564 0.075800
7.554103 -25.263113 11.152041 0.451924
11.516951 -25.263113 11.114138 0.499813
15.479799 -25.263113 10.342612 0.960358
19.442647 -25.263113 11.228229 0.148139
23.405495 -25.263113 11.107560 0.218705
27.368343 -25.263113 10.956684 0.246173
31.331191 -25.263113 10.630338 0.288356
35.294039 -25.263113 10.715684 0.347620
39.256887 -25.263113 10.600585 0.466253
43.219735 -25.263113 11.070415 0.383867
47.182583 -25.263113 10.769189 0.046898
51.145431 -25.263113 10.518346 0.004976
55.108279 -25.263113 10.898199 0.013665
59.071127 -25.263113 10.789712 1.158099
63.033975 -25.263113 2.998876 -10.573895
66.996822 -25.263113 9.424400 0.645794
-131.145575 -29.225961 4.430409 -17.557314
-127.182727 -29.225961 -10.035998 6.050256
-123.219879 -29.225961 -2.260830 12.748780
-119.257031 -29.225961 -13.712998 8.691812
-115.294183 -29.225961 10.182727 -0.514395
-111.331335 -29.225961 11.487230 -0.158723
-107.368487 -29.225961 11.456411 0.340813
-103.405639 -29.225961 11.440819 -0.263802
-99.442791 -29.225961 11.576858 -0.802165
-95.479943 -29.225961 8.804759 -0.207830
-91.517095 -29.225961 11.742733 0.183440
-87.554247 -29.225961 12.302895 -0.873318
-83.591400 -29.225961 11.691475 0.810522
-79.628552 -29.225961 10.976612 -0.170339
-75.665704 -29.225961 10.103659 -0.398026
-71.702856 -29.225961 11.540094 0.109233
-67.740008 -29.225961 10.554719 0.388240
-63.777160 -29.225961 10.891236 -0.435219
-59.814312 -29.225961 11.145663 -0.303953
-55.851464 -29.225961 11.603147 0.006726
-51.888616 -29.225961 11.312787 0.759173
-47.925768 -29.225961 11.466254 -0.296920
-43.962920 -29.225961 11.220468 0.238750
-40.000072 -29.225961 10.859339 0.305549
-36.037224 -29.225961 11.253167 0.381559
-32.074376 -29.225961 11.087020 0.148306
-28.111528 -29.225961 11.128481 0.273245
-24.148680 -29.225961 11.475363 0.535591
-20.185832 -29.225961 11.439294 0.291400
-16.222984 -29.225961 11.713164 0.337993
-12.260136 -29.225961 11.137433 0.631094
-8.297289 -29.225961 11.199769 0.339364
-4.334441 -29.225961 11.045694 0.635968
-0.371593 -29.225961 10.712049 0.183006
3.591255 -29.225961 11.025889 0.390661
7.554103 -29.225961 11.042117 0.932522
11.516951 -29.225961 10.808006 0.157930
15.479799 -29.225961 11.289823 0.187955
19.442647 -29.225961 11.075383 0.280846
23.405495 -29.225961 11.306926 0.347289
27.368343 -29.225961 11.061872 0.464917
31.331191 -29.225961 11.124796 0.342418
35.294039 -29.225961 10.560069 0.306887
39.256887 -29.225961 10.957585 -0.669848
43.219735 -29.225961 10.295470 0.358523
47.182583 -29.225961 11.049006 0.392897
51.145431 -29.225961 10.839500 0.114897
55.108279 -29.225961 10.786972 0.767557
59.071127 -29.225961 10.472654 0.380021
63.033975 -29.225961 10.949805 0.290412
66.996822 -29.225961 11.394256 0.155480
-131.145575 -33.188809 12.570375 3.544863
-127.182727 -33.188809 -13.369276 2.608190
-123.219879 -33.188809 9.748173 8.137021
-119.257031 -33.188809 4.705422 -11.954174
-115.294183 -33.188809 12.713665 -0.333192
-111.331335 -33.188809 10.399641 0.834596
-107.368487 -33.188809 10.627192 -14.507394
-103.405639 -33.188809 10.902514 -1.296581
-99.442791 -33.188809 12.123780 -0.589638
-95.479943 -33.188809 11.017070 0.335445
-91.517095 -33.188809 10.570554 -0.313499
-87.554247 -33.188809 12.775772 -0.512025
-83.591400 -33.188809 11.100754 0.683481
-79.628552 -33.188809 9.902327 0.486419
-75.665704 -33.188809 11.474391 0.278192
-71.702856 -33.188809 11.626263 -0.692486
-67.740008 -33.188809 10.750678 0.520435
-63.777160 -33.188809 10.969967 -0.141138
-59.814312 -33.188809 10.843494 0.554100
-55.851464 -33.188809 11.166920 0.140944
-51.888616 -33.188809 11.195946 0.572326
-47.925768 -33.188809 11.524006 0.540435
-43.962920 -33.188809 11.145215 -0.254583
-40.000072 -33.188809 11.387069 0.274843
-36.037224 -33.188809 11.850398 0.396427
-32.074376 -33.188809 10.553586 0.421658
-28.111528 -33.188809 10.935391 0.614910
-24.148680 -33.188809 10.730392 0.123448
-20.185832 -33.188809 11.465134 0.341846
-16.222984 -33.188809 11.806581 0.590555
-12.260136 -33.188809 11.799410 0.207147
-8.297289 -33.188809 10.058144 0.471046
-4.334441 -33.188809 10.851388 0.074393
-0.371593 -33.188809 10.986734 -0.100458
3.591255 -33.188809 10.466740 0.352320
7.554103 -33.188809 11.054399 0.250808
11.516951 -33.188809 11.155476 0.091498
15.479799 -33.188809 10.882885 0.951640
19.442647 -33.188809 10.498177 0.564040
23.405495 -33.188809 10.808808 0.712101
27.368343 -33.188809 11.268020 0.560938
31.331191 -33.188809 10.772992 0.470188
35.294039 -33.188809 10.796619 0.201678
39.256887 -33.188809 10.887924 -0.185099
43.219735 -33.188809 10.848273 0.160755
47.182583 -33.188809 10.426084 0.209927
51.145431 -33.188809 10.903748 0.644422
55.108279 -33.188809 9.955159 -0.467507
59.071127 -33.188809 10.207089 0.701217
63.033975 -33.188809 11.605268 1.580347
66.996822 -33.188809 11.084234 -2.480590
-131.145575 -37.151657 3.772125 -2.161819
-127.182727 -37.151657 -15.448210 -10.208842
-123.219879 -37.151657 -0.746590 0.983257
-119.257031 -37.151657 8.057238 -1.819958
-115.294183 -37.151657 7.367908 1.263214
-111.331335 -37.151657 11.683345 -0.118401
-107.368487 -37.151657 10.004384 -0.115463
-103.405639 -37.151657 9.954638 -0.244594
-99.442791 -37.151657 11.880746 1.936292
-95.479943 -37.151657 11.337934 -0.553780
-91.517095 -37.151657 11.599389 -0.294922
-87.554247 -37.151657 11.021428 0.413843
-83.591400 -37.151657 10.982594 -0.006403
-79.628552 -37.151657 11.440339 0.275125
-75.665704 -37.151657 11.247190 0.286860
-71.702856 -37.151657 11.174541 0.230719
-67.740008 -37.151657 10.475815 0.603559
-63.777160 -37.151657 10.730743 0.362081
-59.814312 -37.151657 10.726233 -0.002047
-55.851464 -37.151657 10.544536 -0.266463
-51.888616 -37.151657 11.495578 0.831647
-47.925768 -37.151657 10.692451 0.061394
-43.962920 -37.151657 11.073043 -0.199907
-40.000072 -37.151657 10.829009 -0.116166
-36.037224 -37.151657 11.224247 -0.041796
-32.074376 -37.151657 11.371202 -0.239267
-28.111528 -37.151657 10.165215 -0.217245
-24.148680 -37.151657 10.461481 0.429307
-20.185832 -37.151657 11.081782 0.243607
-16.222984 -37.151657 11.325814 0.197062
-12.260136 -37.151657 11.032756 0.463818
-8.297289 -37.151657 10.772520 0.544441
-4.334441 -37.151657 10.873734 0.271645
-0.371593 -37.151657 10.960550 0.836592
3.591255 -37.151657 11.227077 -0.066408
7.554103 -37.151657 10.969500 0.475987
11.516951 -37.151657 11.518391 0.378197
15.479799 -37.151657 10.899291 0.035367
19.442647 -37.151657 11.152311 0.261418
23.405495 -37.151657 11.105201 0.226972
27.368343 -37.151657 11.083985 0.781838
31.331191 -37.151657 10.804502 0.906214
35.294039 -37.151657 11.127565 -0.061086
39.256887 -37.151657 10.631651 -0.387502
43.219735 -37.151657 10.551178 0.087113
47.182583 -37.151657 10.869074 0.171728
51.145431 -37.151657 11.766450 -0.380167
55.108279 -37.151657 11.023766 0.491879
59.071127 -37.151657 11.983424 0.583048
63.033975 -37.151657 10.939952 0.112248
66.996822 -37.151657 10.929527 0.502063
-131.145575 -41.114505 -10.177335 12.177556
-127.182727 -41.114505 -16.426889 -7.596366
-123.219879 -41.114505 7.042529 7.215974
-119.257031 -41.114505 9.603363 1.691117
-115.294183 -41.114505 -7.354895 4.194623
-111.331335 -41.114505 10.702625 16.939844
-107.368487 -41.114505 8.422478 -0.752466
-103.405639 -41.114505 11.183717 0.053354
-99.442791 -41.114505 11.179935 0.335373
-95.479943 -41.114505 10.543051 0.546555
-91.517095 -41.114505 11.149048 0.095220
-87.554247 -41.114505 10.581725 0.591035
-83.591400 -41.114505 10.974782 -0.108309
-79.628552 -41.114505 11.308165 -0.163616
-75.665704 -41.114505 10.957412 -0.273424
-71.702856 -41.114505 11.772025 -0.352601
-67.740008 -41.114505 11.779788 0.275847
-63.777160 -41.114505 11.081474 0.708848
-59.814312 -41.114505 11.251784 0.089467
-55.851464 -41.114505 11.324125 -0.137697
-51.888616 -41.114505 11.285906 0.564487
-47.925768 -41.114505 11.184367 0.001357
-43.962920 -41.114505 11.355716 -0.100313
-40.000072 -41.114505 10.274234 0.276503
-36.037224 -41.114505 11.025041 0.086225
-32.074376 -41.114505 10.841031 0.702092
-28.111528 -41.114505 10.918689 0.302391
-24.148680 -41.114505 10.914049 -0.151651
-20.185832 -41.114505 11.401231 0.216895
-16.222984 -41.114505 10.820582 0.714646
-12.260136 -41.114505 10.817133 0.227701
-8.297289 -41.114505 11.460180 0.246715
-4.334441 -41.114505 10.076230 0.155971
-0.371593 -41.114505 10.566763 -0.164494
3.591255 -41.114505 11.116734 0.327758
7.554103 -41.114505 10.970878 0.193104
11.516951 -41.114505 10.926683 0.401842
15.479799 -41.114505 10.727810 0.003786
19.442647 -41.114505 9.406164 0.201449
23.405495 -41.114505 11.090465 0.101687
27.368343 -41.114505 11.769270 -0.159468
31.331191 -41.114505 11.189171 0.369417
35.294039 -41.114505 10.891446 1.104085
39.256887 -41.114505 10.704178 0.839738
43.219735 -41.114505 11.907201 0.234350
47.182583 -41.114505 11.780080 -0.684520
51.145431 -41.114505 10.451136 0.285256
55.108279 -41.114505 9.621222 -0.098128
59.071127 -41.114505 11.386589 -0.497001
63.033975 -41.114505 11.370375 0.366812
66.996822 -41.114505 9.648972 0.659859
-131.145575 -45.077353 -4.924934 -1.481859
-127.182727 -45.077353 10.336440 1.424454
-123.219879 -45.077353 4.165249 2.413173
-119.257031 -45.077353 -3.564469 10.528977
-115.294183 -45.077353 -6.261787 -15.125010
-111.331335 -45.077353 14.531856 -0.259220
-107.368487 -45.077353 -8.486644 -12.633042
-103.405639 -45.077353 9.570420 -0.263596
-99.442791 -45.077353 -12.680305 7.420743
-95.479943 -45.077353 10.193079 0.201730
-91.517095 -45.077353 11.018668 -0.436053
-87.554247 -45.077353 10.658742 0.144077
-83.591400 -45.077353 12.030290 0.343550
-79.628552 -45.077353 11.196298 -0.229497
-75.665704 -45.077353 10.968234 -0.298086
-71.702856 -45.077353 11.747778 -0.066408
-67.740008 -45.077353 12.799898 0.625401
-63.777160 -45.077353 11.276055 -0.011868
-59.814312 -45.077353 11.674550 0.728914
-55.851464 -45.077353 11.071941 0.554603
-51.888616 -45.077353 11.544315 -0.803273
-47.925768 -45.077353 10.526904 0.243628
-43.962920 -45.077353 11.544843 0.294862
-40.000072 -45.077353 11.478705 0.461667
-36.037224 -45.077353 11.334009 0.263877
-32.074376 -45.077353 10.452428 0.002054
-28.111528 -45.077353 10.620120 0.191286
-24.148680 -45.077353 11.195683 0.339302
-20.185832 -45.077353 10.331908 0.464046
-16.222984 -45.077353 11.143152 -0.267538
-12.260136 -45.077353 9.709442 0.446719
-8.297289 -45.077353 11.003527 0.374659
-4.334441 -45.077353 11.172726 0.398880
-0.371593 -45.077353 11.589998 -0.021291
3.591255 -45.077353 11.814332 -0.331931
7.554103 -45.077353 10.732110 0.196774
11.516951 -45.077353 10.765826 0.126849
15.479799 -45.077353 11.178164 0.421885
19.442647 -45.077353 10.907207 0.459946
23.405495 -45.077353 10.952027 0.615689
27.368343 -45.077353 11.501859 0.211746
31.331191 -45.077353 10.120815 0.738807
35.294039 -45.077353 10.073394 -0.445920
39.256887 -45.077353 10.271906 -0.609122
43.219735 -45.077353 11.527400 -0.290074
47.182583 -45.077353 8.815586 0.082503
51.145431 -45.077353 10.953577 0.005339
55.108279 -45.077353 11.042153 -0.293582
59.071127 -45.077353 10.579511 0.568649
63.033975 -45.077353 11.689864 -1.605210
66.996822 -45.077353 10.634828 1.572108
-131.145575 -49.040201 17.400625 12.241299
-127.182727 -49.040201 -2.119345 -11.234719
-123.219879 -49.040201 -13.063106 -8.021153
-119.257031 -49.040201 16.431597 0.857113
-115.294183 -49.040201 0.075087 -8.744064
-111.331335 -49.040201 -2.944070 8.446592
-107.368487 -49.040201 11.276918 0.388998
-103.405639 -49.040201 10.658609 0.390813
-99.442791 -49.040201 10.534878 1.355971
-95.479943 -49.040201 11.701034 0.012537
-91.517095 -49.040201 11.189048 -0.463787
-87.554247 -49.040201 11.047730 -0.348955
-83.591400 -49.040201 9.701383 -0.201978
-79.628552 -49.040201 11.601067 -0.259931
-75.665704 -49.040201 10.813790 0.968842
-71.702856 -49.040201 11.450060 0.132739
-67.740008 -49.040201 11.570184 0.299281
-63.777160 -49.040201 10.822681 0.149263
-59.814312 -49.040201 11.488243 0.730369
-55.851464 -49.040201 11.671390 -0.031013
-51.888616 -49.040201 11.214057 -0.465061
-47.925768 -49.040201 10.921509 -0.135804
-43.962920 -49.040201 12.028829 -0.031222
-40.000072 -49.040201 11.262447 0.219344
-36.037224 -49.040201 11.270273 0.362018
-32.074376 -49.040201 11.173100 0.042101
-28.111528 -49.040201 10.035155 -0.429701
-24.148680 -49.040201 10.883677 0.128472
-20.185832 -49.040201 11.721798 -0.109466
-16.222984 -49.040201 10.532619 0.412081
-12.260136 -49.040201 11.429445 0.460842
-8.297289 -49.040201 10.935794 0.394396
-4.334441 -49.040201 10.516738 1.155584
-0.371593 -49.040201 11.115282 -0.522440
3.591255 -49.040201 11.738450 0.723460
7.554103 -49.040201 10.620082 0.254801
11.516951 -49.040201 11.282390 0.298731
15.479799 -49.040201 11.032004 -0.058294
19.442647 -49.040201 11.514551 -0.679379
23.405495 -49.040201 10.379429 -0.323600
27.368343 -49.040201 10.861267 0.615452
31.331191 -49.040201 10.651301 -0.019160
35.294039 -49.040201 10.771084 -0.134582
39.256887 -49.040201 11.656350 0.440421
43.219735 -49.040201 9.904648 -0.864735
47.182583 -49.040201 11.691658 1.171019
51.145431 -49.040201 10.443722 -0.104651
55.108279 -49.040201 7.504285 -0.785705
59.071127 -49.040201 10.673341 0.527183
63.033975 -49.040201 10.852846 0.269581
66.996822 -49.040201 10.327544 -0.386609
-131.145575 -53.003049 0.000000 0.000000
-127.182727 -53.003049 0.000000 0.000000
-123.219879 -53.003049 0.000000 0.000000
-119.257031 -53.003049 0.000000 0.000000
-115.294183 -53.003049 0.000000 0.000000
-111.331335 -53.003049 0.000000 0.000000
-107.368487 -53.003049 0.000000 0.000000
-103.405639 -53.003049 0.000000 0.000000
-99.442791 -53.003049 0.000000 0.000000
-95.479943 -53.003049 0.000000 0.000000
-91.517095 -53.003049 0.000000 0.000000
-87.554247 -53.003049 0.000000 0.000000
-83.591400 -53.003049 0.000000 0.000000
-79.628552 -53.003049 0.000000 0.000000
-75.665704 -53.003049 0.000000 0.000000
-71.702856 -53.003049 0.000000 0.000000
-67.740008 -53.003049 0.000000 0.000000
-63.777160 -53.003049 0.000000 0.000000
-59.814312 -53.003049 0.000000 0.000000
-55.851464 -53.003049 0.000000 0.000000
-51.888616 -53.003049 0.000000 0.000000
-47.925768 -53.003049 0.000000 0.000000
-43.962920 -53.003049 0.000000 0.000000
-40.000072 -53.003049 0.000000 0.000000
-36.037224 -53.003049 0.000000 0.000000
-32.074376 -53.003049 0.000000 0.000000
-28.111528 -53.003049 0.000000 0.000000
-24.148680 -53.003049 0.000000 0.000000
-20.185832 -53.003049 0.000000 0.000000
-16.222984 -53.003049 0.000000 0.000000
-12.260136 -53.003049 0.000000 0.000000
-8.297289 -53.003049 0.000000 0.000000
-4.334441 -53.003049 0.000000 0.000000
-0.371593 -53.003049 0.000000 0.000000
3.591255 -53.003049 0.000000 0.000000
7.554103 -53.003049 0.000000 0.000000
11.516951 -53.003049 0.000000 0.000000
15.479799 -53.003049 0.000000 0.000000
19.442647 -53.003049 0.000000 0.000000
23.405495 -53.003049 0.000000 0.000000
27.368343 -53.003049 0.000000 0.000000
31.331191 -53.003049 0.000000 0.000000
35.294039 -53.003049 0.000000 0.000000
39.256887 -53.003049 0.000000 0.000000
43.219735 -53.003049 0.000000 0.000000
47.182583 -53.003049 0.000000 0.000000
51.145431 -53.003049 0.000000 0.000000
55.108279 -53.003049 0.000000 0.000000
59.071127 -53.003049 0.000000 0.000000
63.033975 -53.003049 0.000000 0.000000
66.996822 -53.003049 0.000000 0.000000
