TITLE = "B00001"
VARIABLES = "position", "position(2)", "Vx", "Vy"
ZONE T="Frame 0", I=51, J=39
-131.145575 97.585173 10.652514 0.650613
-127.182727 97.585173 10.678725 0.920069
-123.219879 97.585173 10.197109 0.404588
-119.257031 97.585173 10.497861 0.553764
-115.294183 97.585173 10.391444 0.706715
-111.331335 97.585173 0.000000 0.000000
-107.368487 97.585173 0.000000 0.000000
-103.405639 97.585173 0.000000 0.000000
-99.442791 97.585173 0.000000 0.000000
-95.479943 97.585173 0.000000 0.000000
-91.517095 97.585173 0.000000 0.000000
-87.554247 97.585173 10.728518 0.742999
-83.591400 97.585173 10.734737 0.866402
-79.628552 97.585173 11.068184 0.835512
-75.665704 97.585173 10.944361 0.778134
-71.702856 97.585173 11.015800 0.817658
-67.740008 97.585173 10.967983 0.895483
-63.777160 97.585173 11.001876 1.006249
-59.814312 97.585173 11.187173 1.048951
-55.851464 97.585173 11.221143 0.890948
-51.888616 97.585173 11.861115 0.924335
-47.925768 97.585173 11.202061 0.869959
-43.962920 97.585173 11.566764 1.084886
-40.000072 97.585173 11.446387 0.859406
-36.037224 97.585173 11.268561 0.967494
-32.074376 97.585173 11.836135 0.781992
-28.111528 97.585173 11.833833 0.638785
-24.148680 97.585173 11.386290 0.825036
-20.185832 97.585173 11.698464 0.718312
-16.222984 97.585173 0.000000 0.000000
-12.260136 97.585173 0.000000 0.000000
-8.297289 97.585173 0.000000 0.000000
-4.334441 97.585173 11.619167 0.182402
-0.371593 97.585173 11.688532 0.171060
3.591255 97.585173 11.658009 0.422425
7.554103 97.585173 11.645824 0.190276
11.516951 97.585173 11.521109 0.071243
15.479799 97.585173 11.582747 -0.112364
19.442647 97.585173 11.493587 -0.103657
23.405495 97.585173 11.499831 -0.085044
27.368343 97.585173 11.679821 -0.046018
31.331191 97.585173 11.675584 -0.288955
35.294039 97.585173 11.452111 -0.141696
39.256887 97.585173 11.590601 -0.266242
43.219735 97.585173 11.402159 -0.116715
47.182583 97.585173 11.352983 0.092159
51.145431 97.585173 11.395575 -0.253470
55.108279 97.585173 11.430684 -0.240832
59.071127 97.585173 11.436324 -0.325922
63.033975 97.585173 11.261512 -0.367986
66.996822 97.585173 11.538463 -0.451374
-131.145575 93.622325 10.469649 0.741991
-127.182727 93.622325 10.358624 0.399133
-123.219879 93.622325 10.021672 0.563453
-119.257031 93.622325 10.424925 0.630745
-115.294183 93.622325 10.407525 0.556668
-111.331335 93.622325 0.000000 0.000000
-107.368487 93.622325 0.000000 0.000000
-103.405639 93.622325 0.000000 0.000000
-99.442791 93.622325 0.000000 0.000000
-95.479943 93.622325 0.000000 0.000000
-91.517095 93.622325 0.000000 0.000000
-87.554247 93.622325 10.907640 0.813270
-83.591400 93.622325 10.761975 1.192381
-79.628552 93.622325 10.904058 1.068176
-75.665704 93.622325 10.804677 1.415880
-71.702856 93.622325 10.990965 1.005868
-67.740008 93.622325 10.763144 1.046782
-63.777160 93.622325 11.117852 0.988401
-59.814312 93.622325 11.166999 0.921597
-55.851464 93.622325 11.228339 0.849626
-51.888616 93.622325 11.403740 0.910293
-47.925768 93.622325 11.182931 1.048493
-43.962920 93.622325 11.387370 0.831156
-40.000072 93.622325 11.571056 1.178157
-36.037224 93.622325 11.222478 0.902698
-32.074376 93.622325 11.291341 0.692757
-28.111528 93.622325 11.362453 0.600279
-24.148680 93.622325 11.602676 0.733079
-20.185832 93.622325 11.898575 0.585297
-16.222984 93.622325 0.000000 0.000000
-12.260136 93.622325 0.000000 0.000000
-8.297289 93.622325 0.000000 0.000000
-4.334441 93.622325 11.607133 0.291428
-0.371593 93.622325 11.838142 0.247504
3.591255 93.622325 11.814717 0.251597
7.554103 93.622325 11.517653 0.031196
11.516951 93.622325 11.455360 0.004017
15.479799 93.622325 11.469915 0.108343
19.442647 93.622325 11.597993 -0.289396
23.405495 93.622325 11.655574 0.011616
27.368343 93.622325 11.570785 -0.014836
31.331191 93.622325 11.582563 -0.116622
35.294039 93.622325 11.587183 -0.016493
39.256887 93.622325 11.325173 -0.135707
43.219735 93.622325 11.597218 -0.212124
47.182583 93.622325 11.469930 -0.036619
51.145431 93.622325 11.609533 0.146984
55.108279 93.622325 11.545291 -0.207357
59.071127 93.622325 11.481388 -0.173749
63.033975 93.622325 11.499323 -0.338868
66.996822 93.622325 11.497011 -0.245530
-131.145575 89.659477 10.920564 0.536823
-127.182727 89.659477 10.553877 0.815142
-123.219879 89.659477 10.214890 0.261159
-119.257031 89.659477 10.568054 0.817497
-115.294183 89.659477 9.793994 0.633987
-111.331335 89.659477 0.000000 0.000000
-107.368487 89.659477 0.000000 0.000000
-103.405639 89.659477 0.000000 0.000000
-99.442791 89.659477 0.000000 0.000000
-95.479943 89.659477 0.000000 0.000000
-91.517095 89.659477 0.000000 0.000000
-87.554247 89.659477 10.712623 0.840028
-83.591400 89.659477 10.799807 1.043688
-79.628552 89.659477 10.818035 1.003102
-75.665704 89.659477 10.820838 1.245082
-71.702856 89.659477 10.952046 0.939184
-67.740008 89.659477 10.909916 1.125063
-63.777160 89.659477 11.075868 1.175839
-59.814312 89.659477 11.032932 1.278242
-55.851464 89.659477 11.304093 1.083628
-51.888616 89.659477 11.337929 1.071325
-47.925768 89.659477 11.420086 1.081495
-43.962920 89.659477 11.711542 0.866922
-40.000072 89.659477 11.528091 0.921636
-36.037224 89.659477 11.593484 0.845286
-32.074376 89.659477 11.489906 0.884634
-28.111528 89.659477 11.516814 0.629438
-24.148680 89.659477 11.508154 0.656360
-20.185832 89.659477 11.865123 0.631836
-16.222984 89.659477 12.087838 0.629246
-12.260136 89.659477 0.000000 0.000000
-8.297289 89.659477 0.000000 0.000000
-4.334441 89.659477 11.966644 0.291779
-0.371593 89.659477 11.748469 0.148787
3.591255 89.659477 11.692289 0.086457
7.554103 89.659477 11.871288 -0.083268
11.516951 89.659477 11.889442 -0.353550
15.479799 89.659477 11.574241 -0.002455
19.442647 89.659477 11.618792 -0.191789
23.405495 89.659477 11.258051 -0.360507
27.368343 89.659477 11.582777 -0.066748
31.331191 89.659477 11.474302 -0.196585
35.294039 89.659477 11.700281 -0.346212
39.256887 89.659477 11.569634 -0.145506
43.219735 89.659477 11.760270 -0.068234
47.182583 89.659477 11.576976 -0.291161
51.145431 89.659477 11.689804 0.049445
55.108279 89.659477 11.628374 -0.297027
59.071127 89.659477 11.615803 -0.451552
63.033975 89.659477 11.549567 -0.509725
66.996822 89.659477 11.514481 -0.380813
-131.145575 85.696629 -16.390368 -4.223748
-127.182727 85.696629 10.601528 0.236112
-123.219879 85.696629 10.285842 0.646529
-119.257031 85.696629 10.505029 0.616785
-115.294183 85.696629 10.044394 0.765774
-111.331335 85.696629 0.000000 0.000000
-107.368487 85.696629 0.000000 0.000000
-103.405639 85.696629 0.000000 0.000000
-99.442791 85.696629 0.000000 0.000000
-95.479943 85.696629 0.000000 0.000000
-91.517095 85.696629 0.000000 0.000000
-87.554247 85.696629 10.637404 1.233226
-83.591400 85.696629 10.685448 0.986383
-79.628552 85.696629 10.863342 1.267285
-75.665704 85.696629 10.803289 1.210542
-71.702856 85.696629 10.861834 1.046120
-67.740008 85.696629 11.276199 1.239977
-63.777160 85.696629 10.987523 1.123676
-59.814312 85.696629 11.351895 1.174221
-55.851464 85.696629 11.244953 1.133277
-51.888616 85.696629 11.264619 0.989939
-47.925768 85.696629 11.327323 1.200739
-43.962920 85.696629 11.626015 1.093279
-40.000072 85.696629 11.576947 1.000962
-36.037224 85.696629 11.671966 0.888043
-32.074376 85.696629 11.708602 1.033741
-28.111528 85.696629 11.834792 0.885681
-24.148680 85.696629 11.721528 0.688563
-20.185832 85.696629 11.757799 0.338131
-16.222984 85.696629 11.980108 0.413725
-12.260136 85.696629 0.000000 0.000000
-8.297289 85.696629 0.000000 0.000000
-4.334441 85.696629 12.043295 0.410695
-0.371593 85.696629 11.958604 0.107838
3.591255 85.696629 11.949117 -0.272179
7.554103 85.696629 11.976351 0.307653
11.516951 85.696629 11.805985 -0.291956
15.479799 85.696629 11.795021 0.128363
19.442647 85.696629 11.629748 -0.248896
23.405495 85.696629 11.582563 -0.105701
27.368343 85.696629 11.672297 -0.123906
31.331191 85.696629 11.475428 -0.171548
35.294039 85.696629 11.619286 -0.134225
39.256887 85.696629 11.421590 0.172477
43.219735 85.696629 11.439660 -0.127879
47.182583 85.696629 11.670404 -0.169741
51.145431 85.696629 11.645878 -0.218342
55.108279 85.696629 11.728477 -0.301821
59.071127 85.696629 11.683123 -0.271717
63.033975 85.696629 11.788219 -0.528376
66.996822 85.696629 11.492220 -0.702798
-131.145575 81.733781 9.366986 0.227393
-127.182727 81.733781 10.320091 0.501565
-123.219879 81.733781 10.044355 0.591032
-119.257031 81.733781 9.908172 0.572778
-115.294183 81.733781 10.510760 0.588428
-111.331335 81.733781 0.000000 0.000000
-107.368487 81.733781 0.000000 0.000000
-103.405639 81.733781 0.000000 0.000000
-99.442791 81.733781 0.000000 0.000000
-95.479943 81.733781 0.000000 0.000000
-91.517095 81.733781 0.000000 0.000000
-87.554247 81.733781 10.570992 1.193579
-83.591400 81.733781 10.506750 1.265036
-79.628552 81.733781 10.802812 1.086992
-75.665704 81.733781 10.836816 1.332741
-71.702856 81.733781 11.002460 1.215658
-67.740008 81.733781 10.957113 1.207053
-63.777160 81.733781 11.083428 1.256364
-59.814312 81.733781 11.083810 1.150634
-55.851464 81.733781 11.452070 1.357253
-51.888616 81.733781 11.285857 1.389913
-47.925768 81.733781 11.642575 1.056291
-43.962920 81.733781 11.440923 1.021978
-40.000072 81.733781 11.713854 1.354474
-36.037224 81.733781 11.814380 0.922752
-32.074376 81.733781 11.784640 0.875135
-28.111528 81.733781 11.774754 0.819672
-24.148680 81.733781 12.046353 0.876998
-20.185832 81.733781 11.932756 0.692849
-16.222984 81.733781 11.929341 0.495179
-12.260136 81.733781 0.000000 0.000000
-8.297289 81.733781 0.000000 0.000000
-4.334441 81.733781 11.997859 0.260908
-0.371593 81.733781 12.056002 -0.048674
3.591255 81.733781 12.044242 -0.055311
7.554103 81.733781 12.012456 -0.121670
11.516951 81.733781 11.895260 -0.205581
15.479799 81.733781 11.741838 -0.398888
19.442647 81.733781 11.658290 0.058453
23.405495 81.733781 11.522762 -0.379704
27.368343 81.733781 11.262910 -0.151457
31.331191 81.733781 11.337152 -0.117719
35.294039 81.733781 11.296154 -0.250315
39.256887 81.733781 11.459394 -0.034803
43.219735 81.733781 11.638350 -0.083470
47.182583 81.733781 11.588627 -0.051794
51.145431 81.733781 11.874768 -0.136733
55.108279 81.733781 11.737146 -0.327382
59.071127 81.733781 11.761272 -0.474013
63.033975 81.733781 11.674214 -0.901239
66.996822 81.733781 11.393470 -0.651601
-131.145575 77.770933 10.177027 0.202608
-127.182727 77.770933 10.479533 0.583196
-123.219879 77.770933 10.234089 0.570882
-119.257031 77.770933 9.958478 0.637988
-115.294183 77.770933 9.964752 0.492715
-111.331335 77.770933 0.000000 0.000000
-107.368487 77.770933 0.000000 0.000000
-103.405639 77.770933 0.000000 0.000000
-99.442791 77.770933 0.000000 0.000000
-95.479943 77.770933 0.000000 0.000000
-91.517095 77.770933 0.000000 0.000000
-87.554247 77.770933 10.556338 1.255871
-83.591400 77.770933 10.655401 1.231660
-79.628552 77.770933 10.851233 1.298582
-75.665704 77.770933 10.592516 1.428060
-71.702856 77.770933 10.830744 1.155703
-67.740008 77.770933 10.940670 1.367172
-63.777160 77.770933 11.073395 1.398521
-59.814312 77.770933 11.126987 1.196656
-55.851464 77.770933 11.234078 1.370677
-51.888616 77.770933 11.447565 1.085265
-47.925768 77.770933 11.660539 1.337774
-43.962920 77.770933 11.698093 1.031288
-40.000072 77.770933 11.844499 1.081692
-36.037224 77.770933 11.892383 0.923694
-32.074376 77.770933 11.848697 0.752020
-28.111528 77.770933 11.897101 1.111271
-24.148680 77.770933 12.034721 0.831080
-20.185832 77.770933 12.043811 0.708993
-16.222984 77.770933 12.104913 0.705926
-12.260136 77.770933 0.000000 0.000000
-8.297289 77.770933 0.000000 0.000000
-4.334441 77.770933 12.326623 0.318522
-0.371593 77.770933 12.238905 0.061503
3.591255 77.770933 12.051632 -0.059151
7.554103 77.770933 12.178478 -0.279424
11.516951 77.770933 11.911291 -0.480048
15.479799 77.770933 11.886596 -0.661424
19.442647 77.770933 11.527875 -0.465309
23.405495 77.770933 11.442540 -0.256370
27.368343 77.770933 11.566379 -0.291118
31.331191 77.770933 11.264696 -0.176768
35.294039 77.770933 11.265460 0.055111
39.256887 77.770933 11.616082 0.179767
43.219735 77.770933 11.695237 0.154831
47.182583 77.770933 11.751144 0.275475
51.145431 77.770933 11.865817 0.016557
55.108279 77.770933 11.882125 -0.157628
59.071127 77.770933 11.950585 -0.197493
63.033975 77.770933 11.891491 -0.341304
66.996822 77.770933 11.771632 -0.780447
-131.145575 73.808085 9.765369 -9.081344
-127.182727 73.808085 10.045710 0.642094
-123.219879 73.808085 9.781581 0.495838
-119.257031 73.808085 10.195689 0.930789
-115.294183 73.808085 9.943455 0.819658
-111.331335 73.808085 0.000000 0.000000
-107.368487 73.808085 0.000000 0.000000
-103.405639 73.808085 0.000000 0.000000
-99.442791 73.808085 0.000000 0.000000
-95.479943 73.808085 0.000000 0.000000
-91.517095 73.808085 0.000000 0.000000
-87.554247 73.808085 10.512474 1.236757
-83.591400 73.808085 10.592810 1.371954
-79.628552 73.808085 10.781490 1.413000
-75.665704 73.808085 10.760449 1.426807
-71.702856 73.808085 10.886914 1.588129
-67.740008 73.808085 10.939420 1.287085
-63.777160 73.808085 11.110535 1.561279
-59.814312 73.808085 11.173574 1.571918
-55.851464 73.808085 11.505447 1.490412
-51.888616 73.808085 11.329473 1.386363
-47.925768 73.808085 11.690517 1.435337
-43.962920 73.808085 11.608705 1.279524
-40.000072 73.808085 11.847415 1.194672
-36.037224 73.808085 11.906193 1.303029
-32.074376 73.808085 11.838065 0.937500
-28.111528 73.808085 12.033890 1.142295
-24.148680 73.808085 12.095869 1.127060
-20.185832 73.808085 12.342902 0.844183
-16.222984 73.808085 12.120883 0.680852
-12.260136 73.808085 0.000000 0.000000
-8.297289 73.808085 0.000000 0.000000
-4.334441 73.808085 12.608415 0.125641
-0.371593 73.808085 12.513321 0.096457
3.591255 73.808085 12.262362 -0.246012
7.554103 73.808085 12.276570 -0.141781
11.516951 73.808085 12.045433 -0.294815
15.479799 73.808085 11.593493 -0.698466
19.442647 73.808085 11.741243 -0.516990
23.405495 73.808085 11.321015 -0.308074
27.368343 73.808085 11.387941 -0.287172
31.331191 73.808085 11.050816 0.124508
35.294039 73.808085 11.249779 -0.083812
39.256887 73.808085 11.460258 0.198624
43.219735 73.808085 11.445726 0.261341
47.182583 73.808085 11.874082 0.043771
51.145431 73.808085 11.982188 0.203635
55.108279 73.808085 12.069957 -0.083947
59.071127 73.808085 12.367928 0.043342
63.033975 73.808085 12.314830 -0.552593
66.996822 73.808085 12.337398 -0.879469
-131.145575 69.845237 10.549949 0.131034
-127.182727 69.845237 0.936911 7.137593
-123.219879 69.845237 9.976165 0.098660
-119.257031 69.845237 9.934419 0.828416
-115.294183 69.845237 10.355423 0.672269
-111.331335 69.845237 0.000000 0.000000
-107.368487 69.845237 0.000000 0.000000
-103.405639 69.845237 0.000000 0.000000
-99.442791 69.845237 0.000000 0.000000
-95.479943 69.845237 0.000000 0.000000
-91.517095 69.845237 10.306336 1.519208
-87.554247 69.845237 10.483561 1.331929
-83.591400 69.845237 10.565685 1.437301
-79.628552 69.845237 10.332784 1.537076
-75.665704 69.845237 10.903451 1.362652
-71.702856 69.845237 10.994431 1.547415
-67.740008 69.845237 10.956725 1.499108
-63.777160 69.845237 11.125531 1.609116
-59.814312 69.845237 11.202747 1.300658
-55.851464 69.845237 11.397852 1.374183
-51.888616 69.845237 11.514329 1.444269
-47.925768 69.845237 11.645801 1.572794
-43.962920 69.845237 11.795033 1.345302
-40.000072 69.845237 11.855159 1.293030
-36.037224 69.845237 11.676210 1.488693
-32.074376 69.845237 12.154903 1.160339
-28.111528 69.845237 12.071716 1.178108
-24.148680 69.845237 12.285914 0.971181
-20.185832 69.845237 12.230727 1.007331
-16.222984 69.845237 12.270629 0.868013
-12.260136 69.845237 0.000000 0.000000
-8.297289 69.845237 0.000000 0.000000
-4.334441 69.845237 12.594970 0.208850
-0.371593 69.845237 12.781542 -0.065149
3.591255 69.845237 12.656938 -0.373196
7.554103 69.845237 12.725229 -0.586583
11.516951 69.845237 12.011229 -0.528711
15.479799 69.845237 11.688231 -0.897348
19.442647 69.845237 11.405668 -0.959793
23.405495 69.845237 11.586675 -0.657312
27.368343 69.845237 11.133075 -0.477365
31.331191 69.845237 11.080905 -0.093479
35.294039 69.845237 11.178710 0.131771
39.256887 69.845237 11.325072 0.440421
43.219735 69.845237 11.744469 0.567804
47.182583 69.845237 11.916068 0.591363
51.145431 69.845237 12.068260 0.503700
55.108279 69.845237 12.652256 0.109233
59.071127 69.845237 12.505099 -0.115473
63.033975 69.845237 12.740597 -0.623176
66.996822 69.845237 12.981035 -1.578153
-131.145575 65.882389 10.080503 0.231458
-127.182727 65.882389 9.787985 1.221875
-123.219879 65.882389 10.158959 0.601243
-119.257031 65.882389 10.129536 0.743988
-115.294183 65.882389 9.953964 0.815042
-111.331335 65.882389 0.000000 0.000000
-107.368487 65.882389 0.000000 0.000000
-103.405639 65.882389 0.000000 0.000000
-99.442791 65.882389 0.000000 0.000000
-95.479943 65.882389 0.000000 0.000000
-91.517095 65.882389 10.328624 1.435995
-87.554247 65.882389 10.308392 1.615048
-83.591400 65.882389 10.466492 1.488379
-79.628552 65.882389 10.705848 1.734094
-75.665704 65.882389 10.851788 1.576086
-71.702856 65.882389 10.828611 1.680276
-67.740008 65.882389 10.773358 2.069954
-63.777160 65.882389 10.960249 1.590346
-59.814312 65.882389 11.169067 1.600645
-55.851464 65.882389 11.355362 1.523616
-51.888616 65.882389 11.515110 1.590274
-47.925768 65.882389 11.413065 1.497316
-43.962920 65.882389 11.659565 1.414590
-40.000072 65.882389 11.796607 1.112276
-36.037224 65.882389 11.975842 1.409570
-32.074376 65.882389 12.030296 1.355078
-28.111528 65.882389 12.147150 1.503548
-24.148680 65.882389 12.358918 1.440935
-20.185832 65.882389 12.504121 1.149263
-16.222984 65.882389 12.757309 1.206231
-12.260136 65.882389 0.000000 0.000000
-8.297289 65.882389 0.000000 0.000000
-4.334441 65.882389 12.961567 0.239809
-0.371593 65.882389 13.039532 -0.036185
3.591255 65.882389 13.201555 -0.546759
7.554103 65.882389 12.722739 -1.003984
11.516951 65.882389 12.277042 -1.112952
15.479799 65.882389 11.619917 -1.267521
19.442647 65.882389 11.317278 -1.089905
23.405495 65.882389 10.887481 -0.783856
27.368343 65.882389 10.672514 -0.383526
31.331191 65.882389 10.393119 0.358481
35.294039 65.882389 10.789163 0.485822
39.256887 65.882389 11.083725 1.005493
43.219735 65.882389 11.644675 0.966042
47.182583 65.882389 12.093370 0.931835
51.145431 65.882389 12.207946 0.760685
55.108279 65.882389 12.548913 1.149041
59.071127 65.882389 13.029517 -0.293706
63.033975 65.882389 13.928172 -0.743541
66.996822 65.882389 -0.755902 -8.979248
-131.145575 61.919541 10.366156 0.950914
-127.182727 61.919541 10.207555 0.725065
-123.219879 61.919541 9.751545 0.780562
-119.257031 61.919541 9.833958 0.700564
-115.294183 61.919541 9.751412 0.855802
-111.331335 61.919541 0.000000 0.000000
-107.368487 61.919541 0.000000 0.000000
-103.405639 61.919541 0.000000 0.000000
-99.442791 61.919541 0.000000 0.000000
-95.479943 61.919541 0.000000 0.000000
-91.517095 61.919541 10.296413 1.498731
-87.554247 61.919541 10.288083 1.560004
-83.591400 61.919541 10.748678 1.749321
-79.628552 61.919541 10.482715 1.376441
-75.665704 61.919541 10.644801 1.496328
-71.702856 61.919541 10.773923 1.571789
-67.740008 61.919541 11.176997 1.671500
-63.777160 61.919541 11.252791 1.768493
-59.814312 61.919541 11.241977 1.782380
-55.851464 61.919541 11.460089 1.779148
-51.888616 61.919541 11.241456 1.625371
-47.925768 61.919541 11.743321 1.695320
-43.962920 61.919541 11.940192 1.613522
-40.000072 61.919541 12.125125 1.398956
-36.037224 61.919541 12.015126 1.326931
-32.074376 61.919541 12.080000 1.389847
-28.111528 61.919541 12.290448 1.607423
-24.148680 61.919541 12.347117 1.217057
-20.185832 61.919541 12.872247 1.121919
-16.222984 61.919541 12.977687 1.058665
-12.260136 61.919541 0.000000 0.000000
-8.297289 61.919541 13.110397 0.705612
-4.334441 61.919541 13.330826 0.288638
-0.371593 61.919541 13.405242 -0.277440
3.591255 61.919541 13.754114 -0.512833
7.554103 61.919541 13.123075 -1.243792
11.516951 61.919541 12.786000 -1.848888
15.479799 61.919541 11.425481 -2.018412
19.442647 61.919541 10.933507 -1.652241
23.405495 61.919541 10.402095 -1.208344
27.368343 61.919541 9.743183 -0.625418
31.331191 61.919541 9.926607 0.179615
35.294039 61.919541 9.884570 1.060419
39.256887 61.919541 10.553684 1.729814
43.219735 61.919541 11.308313 2.106823
47.182583 61.919541 12.247025 2.078197
51.145431 61.919541 12.143973 1.401110
55.108279 61.919541 -14.906392 8.756912
59.071127 61.919541 12.681666 0.904487
63.033975 61.919541 11.623322 -6.464888
66.996822 61.919541 0.570644 4.671021
-131.145575 57.956694 -16.234983 -16.847038
-127.182727 57.956694 6.374331 -2.796033
-123.219879 57.956694 9.788387 0.492863
-119.257031 57.956694 9.827737 0.856901
-115.294183 57.956694 9.500706 0.729644
-111.331335 57.956694 0.000000 0.000000
-107.368487 57.956694 0.000000 0.000000
-103.405639 57.956694 0.000000 0.000000
-99.442791 57.956694 0.000000 0.000000
-95.479943 57.956694 0.000000 0.000000
-91.517095 57.956694 10.079176 1.804614
-87.554247 57.956694 10.323258 1.679400
-83.591400 57.956694 10.368166 1.786392
-79.628552 57.956694 10.444163 2.083898
-75.665704 57.956694 10.654165 1.738517
-71.702856 57.956694 10.731883 1.907427
-67.740008 57.956694 11.192564 1.950613
-63.777160 57.956694 11.292717 2.053640
-59.814312 57.956694 11.362732 1.815010
-55.851464 57.956694 11.429624 2.007050
-51.888616 57.956694 11.584959 1.759739
-47.925768 57.956694 11.538060 1.643260
-43.962920 57.956694 11.909782 1.805278
-40.000072 57.956694 11.799369 1.605340
-36.037224 57.956694 11.963861 1.486920
-32.074376 57.956694 12.286483 1.729864
-28.111528 57.956694 12.671638 1.598130
-24.148680 57.956694 12.702756 1.651892
-20.185832 57.956694 12.514405 1.397028
-16.222984 57.956694 13.089243 1.292329
-12.260136 57.956694 0.000000 0.000000
-8.297289 57.956694 13.504930 0.784704
-4.334441 57.956694 13.795932 0.360110
-0.371593 57.956694 13.797407 -0.310894
3.591255 57.956694 14.224694 -0.513246
7.554103 57.956694 14.262863 -1.751254
11.516951 57.956694 12.717863 -2.740665
15.479799 57.956694 11.637405 -3.112714
19.442647 57.956694 10.408704 -2.648760
23.405495 57.956694 9.448939 -1.853400
27.368343 57.956694 8.934028 -0.667349
31.331191 57.956694 8.786663 0.433946
35.294039 57.956694 9.058140 1.882635
39.256887 57.956694 7.443870 3.693986
43.219735 57.956694 8.978284 2.958622
47.182583 57.956694 10.742003 3.306317
51.145431 57.956694 10.433780 0.500251
55.108279 57.956694 9.198936 1.055079
59.071127 57.956694 7.873572 1.845655
63.033975 57.956694 -1.224107 6.394709
66.996822 57.956694 9.675384 -2.936212
-131.145575 53.993846 15.238880 8.761321
-127.182727 53.993846 4.337037 -0.415094
-123.219879 53.993846 9.414506 0.470391
-119.257031 53.993846 10.017172 0.722876
-115.294183 53.993846 9.638887 0.960014
-111.331335 53.993846 0.000000 0.000000
-107.368487 53.993846 0.000000 0.000000
-103.405639 53.993846 0.000000 0.000000
-99.442791 53.993846 0.000000 0.000000
-95.479943 53.993846 0.000000 0.000000
-91.517095 53.993846 10.310241 1.898790
-87.554247 53.993846 9.923487 1.744881
-83.591400 53.993846 10.460897 1.925123
-79.628552 53.993846 10.512135 1.966396
-75.665704 53.993846 10.725019 2.027287
-71.702856 53.993846 11.110508 2.065162
-67.740008 53.993846 11.140388 2.018753
-63.777160 53.993846 11.212044 1.996610
-59.814312 53.993846 11.198920 2.061535
-55.851464 53.993846 11.553199 1.894041
-51.888616 53.993846 11.484146 1.882948
-47.925768 53.993846 11.615588 2.022094
-43.962920 53.993846 11.867102 1.726363
-40.000072 53.993846 12.092921 2.031843
-36.037224 53.993846 12.094420 1.810114
-32.074376 53.993846 12.197938 1.955383
-28.111528 53.993846 12.489006 1.463771
-24.148680 53.993846 12.404807 1.473432
-20.185832 53.993846 12.486587 1.775107
-16.222984 53.993846 12.781332 1.700058
-12.260136 53.993846 0.000000 0.000000
-8.297289 53.993846 0.000000 0.000000
-4.334441 53.993846 0.000000 0.000000
-0.371593 53.993846 0.000000 0.000000
3.591255 53.993846 14.122055 0.527232
7.554103 53.993846 14.649196 -3.305733
11.516951 53.993846 14.123906 -3.853357
15.479799 53.993846 11.725944 -4.421299
19.442647 53.993846 9.495664 -4.299490
23.405495 53.993846 8.286769 -2.662467
27.368343 53.993846 8.039672 -0.869416
31.331191 53.993846 7.694450 0.090196
35.294039 53.993846 -0.666419 15.940728
39.256887 53.993846 8.035034 1.634709
43.219735 53.993846 -5.304888 -0.897046
47.182583 53.993846 5.805666 4.333207
51.145431 53.993846 9.758602 4.457493
55.108279 53.993846 10.356960 1.546611
59.071127 53.993846 10.964396 2.199232
63.033975 53.993846 9.416663 -0.224685
66.996822 53.993846 0.031775 -4.657358
-131.145575 50.030998 -4.677668 -8.751082
-127.182727 50.030998 9.245237 -0.579318
-123.219879 50.030998 9.103764 -0.244374
-119.257031 50.030998 9.288660 0.360191
-115.294183 50.030998 9.191916 0.740128
-111.331335 50.030998 9.203811 0.656406
-107.368487 50.030998 0.000000 0.000000
-103.405639 50.030998 0.000000 0.000000
-99.442791 50.030998 0.000000 0.000000
-95.479943 50.030998 9.571389 1.841761
-91.517095 50.030998 9.773834 1.932191
-87.554247 50.030998 10.455398 2.111385
-83.591400 50.030998 10.240319 2.228913
-79.628552 50.030998 10.487010 2.082950
-75.665704 50.030998 10.750462 2.085111
-71.702856 50.030998 10.757863 2.467266
-67.740008 50.030998 11.113137 2.269567
-63.777160 50.030998 11.118382 2.107800
-59.814312 50.030998 11.370987 2.057986
-55.851464 50.030998 11.357372 2.152458
-51.888616 50.030998 11.692048 2.099765
-47.925768 50.030998 11.775269 2.041275
-43.962920 50.030998 12.091434 1.986813
-40.000072 50.030998 0.000000 0.000000
-36.037224 50.030998 0.000000 0.000000
-32.074376 50.030998 0.000000 0.000000
-28.111528 50.030998 0.000000 0.000000
-24.148680 50.030998 0.000000 0.000000
-20.185832 50.030998 0.000000 0.000000
-16.222984 50.030998 0.000000 0.000000
-12.260136 50.030998 0.000000 0.000000
-8.297289 50.030998 0.000000 0.000000
-4.334441 50.030998 0.000000 0.000000
-0.371593 50.030998 0.000000 0.000000
3.591255 50.030998 17.762148 14.752352
7.554103 50.030998 9.023221 15.728144
11.516951 50.030998 -5.195185 -4.135847
15.479799 50.030998 10.240589 -6.830423
19.442647 50.030998 7.411613 -6.560471
23.405495 50.030998 5.899275 -3.121839
27.368343 50.030998 5.877457 -1.730767
31.331191 50.030998 5.675166 -0.208146
35.294039 50.030998 -11.881888 -1.082581
39.256887 50.030998 7.407745 5.096761
43.219735 50.030998 5.828876 2.070060
47.182583 50.030998 8.414816 3.214617
51.145431 50.030998 9.956362 -15.923155
55.108279 50.030998 8.153218 2.224758
59.071127 50.030998 6.682579 3.151145
63.033975 50.030998 0.529249 2.164646
66.996822 50.030998 -16.414141 -15.704573
-131.145575 46.068150 -6.552587 -10.116701
-127.182727 46.068150 9.356860 0.126366
-123.219879 46.068150 9.237997 -0.133610
-119.257031 46.068150 8.935630 0.063701
-115.294183 46.068150 8.815285 0.363504
-111.331335 46.068150 8.703883 0.635468
-107.368487 46.068150 0.000000 0.000000
-103.405639 46.068150 0.000000 0.000000
-99.442791 46.068150 0.000000 0.000000
-95.479943 46.068150 9.488243 1.944453
-91.517095 46.068150 9.636022 2.304517
-87.554247 46.068150 9.829094 2.523189
-83.591400 46.068150 10.411244 2.678905
-79.628552 46.068150 10.495564 2.445898
-75.665704 46.068150 10.768847 2.323780
-71.702856 46.068150 10.779326 2.383362
-67.740008 46.068150 11.257347 2.339839
-63.777160 46.068150 11.305381 2.537562
-59.814312 46.068150 0.000000 0.000000
-55.851464 46.068150 0.000000 0.000000
-51.888616 46.068150 0.000000 0.000000
-47.925768 46.068150 0.000000 0.000000
-43.962920 46.068150 0.000000 0.000000
-40.000072 46.068150 0.000000 0.000000
-36.037224 46.068150 0.000000 0.000000
-32.074376 46.068150 0.000000 0.000000
-28.111528 46.068150 0.000000 0.000000
-24.148680 46.068150 0.000000 0.000000
-20.185832 46.068150 0.000000 0.000000
-16.222984 46.068150 0.000000 0.000000
-12.260136 46.068150 0.000000 0.000000
-8.297289 46.068150 0.000000 0.000000
-4.334441 46.068150 -5.661201 -0.173177
-0.371593 46.068150 -7.607117 1.728580
3.591255 46.068150 -15.287784 10.646125
7.554103 46.068150 -13.763062 -6.949821
11.516951 46.068150 -0.152321 7.001544
15.479799 46.068150 0.706051 15.805718
19.442647 46.068150 1.856432 -7.195174
23.405495 46.068150 3.062596 -5.119967
27.368343 46.068150 3.616999 2.070589
31.331191 46.068150 5.177295 3.575404
35.294039 46.068150 5.255743 5.383212
39.256887 46.068150 -5.292817 9.795097
43.219735 46.068150 -8.947204 8.054152
47.182583 46.068150 -8.023576 16.031374
51.145431 46.068150 3.732409 -14.411816
55.108279 46.068150 6.124080 1.808737
59.071127 46.068150 3.494139 -17.854092
63.033975 46.068150 5.021810 8.099048
66.996822 46.068150 6.768699 1.763088
-131.145575 42.105302 13.547350 -11.866032
-127.182727 42.105302 13.598987 -7.991139
-123.219879 42.105302 9.063770 -0.448948
-119.257031 42.105302 9.013021 0.127445
-115.294183 42.105302 8.525274 0.398045
-111.331335 42.105302 8.303323 0.751943
-107.368487 42.105302 0.000000 0.000000
-103.405639 42.105302 0.000000 0.000000
-99.442791 42.105302 0.000000 0.000000
-95.479943 42.105302 9.084865 2.453778
-91.517095 42.105302 9.552203 2.915124
-87.554247 42.105302 9.822991 2.796028
-83.591400 42.105302 10.266813 2.661346
-79.628552 42.105302 0.000000 0.000000
-75.665704 42.105302 0.000000 0.000000
-71.702856 42.105302 0.000000 0.000000
-67.740008 42.105302 0.000000 0.000000
-63.777160 42.105302 0.000000 0.000000
-59.814312 42.105302 0.000000 0.000000
-55.851464 42.105302 0.000000 0.000000
-51.888616 42.105302 0.000000 0.000000
-47.925768 42.105302 0.000000 0.000000
-43.962920 42.105302 0.000000 0.000000
-40.000072 42.105302 0.000000 0.000000
-36.037224 42.105302 0.000000 0.000000
-32.074376 42.105302 0.000000 0.000000
-28.111528 42.105302 0.000000 0.000000
-24.148680 42.105302 0.000000 0.000000
-20.185832 42.105302 0.000000 0.000000
-16.222984 42.105302 -3.473771 -0.521652
-12.260136 42.105302 -2.240970 -1.379667
-8.297289 42.105302 -2.155742 -0.771494
-4.334441 42.105302 -3.975310 1.374932
-0.371593 42.105302 -3.927868 2.264348
3.591255 42.105302 -3.678347 3.306311
7.554103 42.105302 -5.004400 2.134511
11.516951 42.105302 -6.095422 1.467916
15.479799 42.105302 3.868522 -14.347914
19.442647 42.105302 12.606645 13.716078
23.405495 42.105302 -1.450309 -0.560021
27.368343 42.105302 3.225909 3.201095
31.331191 42.105302 3.958795 4.383749
35.294039 42.105302 2.913951 -0.348369
39.256887 42.105302 2.702289 2.100728
43.219735 42.105302 0.129732 4.896969
47.182583 42.105302 0.906629 4.739056
51.145431 42.105302 0.915477 4.393822
55.108279 42.105302 0.525544 2.218502
59.071127 42.105302 2.426266 5.142774
63.033975 42.105302 0.356035 4.677524
66.996822 42.105302 -0.111471 -8.022366
-131.145575 38.142454 14.330189 2.068016
-127.182727 38.142454 9.671325 0.160389
-123.219879 38.142454 17.393042 7.276761
-119.257031 38.142454 9.125836 -0.367178
-115.294183 38.142454 8.175713 -0.042329
-111.331335 38.142454 7.361652 0.409268
-107.368487 38.142454 0.000000 0.000000
-103.405639 38.142454 0.000000 0.000000
-99.442791 38.142454 0.000000 0.000000
-95.479943 38.142454 8.845123 2.912177
-91.517095 38.142454 0.000000 0.000000
-87.554247 38.142454 0.000000 0.000000
-83.591400 38.142454 0.000000 0.000000
-79.628552 38.142454 0.000000 0.000000
-75.665704 38.142454 0.000000 0.000000
-71.702856 38.142454 0.000000 0.000000
-67.740008 38.142454 0.000000 0.000000
-63.777160 38.142454 0.000000 0.000000
-59.814312 38.142454 0.000000 0.000000
-55.851464 38.142454 0.000000 0.000000
-51.888616 38.142454 0.000000 0.000000
-47.925768 38.142454 0.000000 0.000000
-43.962920 38.142454 0.000000 0.000000
-40.000072 38.142454 0.000000 0.000000
-36.037224 38.142454 0.000000 0.000000
-32.074376 38.142454 0.000000 0.000000
-28.111528 38.142454 0.000000 0.000000
-24.148680 38.142454 -2.179673 -1.229894
-20.185832 38.142454 -1.707950 -2.142441
-16.222984 38.142454 -2.643625 -0.998860
-12.260136 38.142454 -1.994372 -2.592389
-8.297289 38.142454 -0.481176 -1.985799
-4.334441 38.142454 0.267372 -1.824848
-0.371593 38.142454 -2.746596 2.363363
3.591255 38.142454 -3.228397 2.178598
7.554103 38.142454 -9.468866 -8.954365
11.516951 38.142454 -5.014705 1.366249
15.479799 38.142454 -3.349577 0.103125
19.442647 38.142454 -0.618141 -1.486747
23.405495 38.142454 1.945273 0.969882
27.368343 38.142454 3.446390 3.325598
31.331191 38.142454 4.506787 6.213443
35.294039 38.142454 2.136712 5.484056
39.256887 38.142454 2.415579 1.138876
43.219735 38.142454 -0.032048 0.981417
47.182583 38.142454 -1.939460 2.964575
51.145431 38.142454 -1.218513 1.167274
55.108279 38.142454 -0.114826 2.059982
59.071127 38.142454 1.446260 3.182752
63.033975 38.142454 -0.182726 3.502472
66.996822 38.142454 -1.573107 0.636937
-131.145575 34.179606 2.997635 3.707512
-127.182727 34.179606 9.503642 -0.705906
-123.219879 34.179606 16.801449 8.220030
-119.257031 34.179606 8.633041 -0.472859
-115.294183 34.179606 7.689247 -0.841035
-111.331335 34.179606 7.199713 -0.327072
-107.368487 34.179606 0.000000 0.000000
-103.405639 34.179606 0.000000 0.000000
-99.442791 34.179606 0.000000 0.000000
-95.479943 34.179606 0.000000 0.000000
-91.517095 34.179606 0.000000 0.000000
-87.554247 34.179606 0.000000 0.000000
-83.591400 34.179606 0.000000 0.000000
-79.628552 34.179606 0.000000 0.000000
-75.665704 34.179606 0.000000 0.000000
-71.702856 34.179606 0.000000 0.000000
-67.740008 34.179606 0.000000 0.000000
-63.777160 34.179606 0.000000 0.000000
-59.814312 34.179606 0.000000 0.000000
-55.851464 34.179606 0.000000 0.000000
-51.888616 34.179606 0.000000 0.000000
-47.925768 34.179606 0.000000 0.000000
-43.962920 34.179606 0.000000 0.000000
-40.000072 34.179606 0.000000 0.000000
-36.037224 34.179606 -1.160044 -0.219514
-32.074376 34.179606 -0.850049 -0.032283
-28.111528 34.179606 -1.913817 -1.084019
-24.148680 34.179606 -1.685240 -1.139036
-20.185832 34.179606 -1.473172 -2.267882
-16.222984 34.179606 -0.869681 -2.903575
-12.260136 34.179606 0.267967 -2.111392
-8.297289 34.179606 1.511891 -1.419983
-4.334441 34.179606 1.590240 -1.308392
-0.371593 34.179606 1.119887 -1.272330
3.591255 34.179606 0.091182 2.219429
7.554103 34.179606 2.049813 1.656374
11.516951 34.179606 2.231176 3.799756
15.479799 34.179606 -0.431341 0.599565
19.442647 34.179606 0.018648 0.577545
23.405495 34.179606 1.452649 1.197406
27.368343 34.179606 3.168964 1.990382
31.331191 34.179606 4.267680 5.589727
35.294039 34.179606 -2.243280 1.699001
39.256887 34.179606 3.582670 1.955299
43.219735 34.179606 -0.757729 -0.174558
47.182583 34.179606 -0.942197 -0.470968
51.145431 34.179606 -1.269002 0.346777
55.108279 34.179606 -1.094858 1.568488
59.071127 34.179606 2.486869 4.349016
63.033975 34.179606 0.043755 -3.268985
66.996822 34.179606 0.468284 -2.761142
-131.145575 30.216758 -14.704775 4.351825
-127.182727 30.216758 13.814594 -7.688042
-123.219879 30.216758 -7.671311 15.198121
-119.257031 30.216758 8.217065 -1.650255
-115.294183 30.216758 7.606407 -1.344805
-111.331335 30.216758 0.000000 0.000000
-107.368487 30.216758 0.000000 0.000000
-103.405639 30.216758 0.000000 0.000000
-99.442791 30.216758 0.000000 0.000000
-95.479943 30.216758 0.000000 0.000000
-91.517095 30.216758 0.000000 0.000000
-87.554247 30.216758 0.000000 0.000000
-83.591400 30.216758 0.000000 0.000000
-79.628552 30.216758 0.000000 0.000000
-75.665704 30.216758 0.000000 0.000000
-71.702856 30.216758 0.000000 0.000000
-67.740008 30.216758 0.000000 0.000000
-63.777160 30.216758 0.000000 0.000000
-59.814312 30.216758 0.000000 0.000000
-55.851464 30.216758 0.000000 0.000000
-51.888616 30.216758 0.000000 0.000000
-47.925768 30.216758 0.000000 0.000000
-43.962920 30.216758 -3.217285 0.159263
-40.000072 30.216758 -1.962892 -1.000627
-36.037224 30.216758 -1.174728 -0.278941
-32.074376 30.216758 -1.104877 -0.622811
-28.111528 30.216758 0.010898 -0.593917
-24.148680 30.216758 0.040560 -1.454522
-20.185832 30.216758 0.391246 -1.713018
-16.222984 30.216758 1.599187 -2.724564
-12.260136 30.216758 2.229771 -2.232581
-8.297289 30.216758 2.285007 -3.286591
-4.334441 30.216758 1.934987 -1.147926
-0.371593 30.216758 4.321329 -0.682147
3.591255 30.216758 -14.274898 -0.224115
7.554103 30.216758 3.228042 4.429074
11.516951 30.216758 4.914537 4.296972
15.479799 30.216758 4.082417 1.795036
19.442647 30.216758 4.915839 2.993234
23.405495 30.216758 7.778117 -1.568876
27.368343 30.216758 5.365823 3.883115
31.331191 30.216758 4.359170 4.652885
35.294039 30.216758 3.032971 5.248257
39.256887 30.216758 -0.988244 -5.036604
43.219735 30.216758 0.125085 0.695000
47.182583 30.216758 18.189426 -1.602566
51.145431 30.216758 -1.518477 -2.413947
55.108279 30.216758 -12.557204 -10.418853
59.071127 30.216758 2.745083 1.494137
63.033975 30.216758 -0.944413 -0.956237
66.996822 30.216758 1.949969 -2.676699
-131.145575 26.253910 -7.740567 14.083730
-127.182727 26.253910 -4.806230 -8.016813
-123.219879 26.253910 10.114380 -1.861305
-119.257031 26.253910 0.000000 0.000000
-115.294183 26.253910 0.000000 0.000000
-111.331335 26.253910 0.000000 0.000000
-107.368487 26.253910 0.000000 0.000000
-103.405639 26.253910 0.000000 0.000000
-99.442791 26.253910 0.000000 0.000000
-95.479943 26.253910 0.000000 0.000000
-91.517095 26.253910 0.000000 0.000000
-87.554247 26.253910 0.000000 0.000000
-83.591400 26.253910 0.000000 0.000000
-79.628552 26.253910 0.000000 0.000000
-75.665704 26.253910 0.000000 0.000000
-71.702856 26.253910 0.000000 0.000000
-67.740008 26.253910 0.000000 0.000000
-63.777160 26.253910 0.000000 0.000000
-59.814312 26.253910 0.000000 0.000000
-55.851464 26.253910 -2.299424 -0.190815
-51.888616 26.253910 -2.013723 -0.824838
-47.925768 26.253910 -2.092164 -1.062756
-43.962920 26.253910 -1.752548 -0.266248
-40.000072 26.253910 -1.404272 -0.570353
-36.037224 26.253910 -2.008483 -1.117050
-32.074376 26.253910 -1.298212 -0.975404
-28.111528 26.253910 -1.155557 -0.724001
-24.148680 26.253910 -0.069309 -1.329165
-20.185832 26.253910 0.996182 -0.679995
-16.222984 26.253910 2.362816 -1.927937
-12.260136 26.253910 3.096308 -1.826328
-8.297289 26.253910 4.443981 -1.900918
-4.334441 26.253910 5.601938 -0.834209
-0.371593 26.253910 7.694306 0.737521
3.591255 26.253910 7.947333 4.485650
7.554103 26.253910 6.032744 2.109215
11.516951 26.253910 13.717259 -1.099411
15.479799 26.253910 5.589942 2.654450
19.442647 26.253910 -9.690616 -9.042537
23.405495 26.253910 -14.456945 13.818319
27.368343 26.253910 7.530053 4.695113
31.331191 26.253910 6.227438 4.916786
35.294039 26.253910 5.911061 5.120605
39.256887 26.253910 6.728465 3.361656
43.219735 26.253910 -0.037600 3.771593
47.182583 26.253910 0.485279 0.622435
51.145431 26.253910 14.688362 -6.329257
55.108279 26.253910 3.124818 -1.617601
59.071127 26.253910 1.098139 -3.163035
63.033975 26.253910 -0.038059 -4.021317
66.996822 26.253910 1.237680 -3.017760
-131.145575 22.291062 9.390066 15.204453
-127.182727 22.291062 -5.647383 -8.547449
-123.219879 22.291062 0.000000 0.000000
-119.257031 22.291062 0.000000 0.000000
-115.294183 22.291062 0.000000 0.000000
-111.331335 22.291062 0.000000 0.000000
-107.368487 22.291062 0.000000 0.000000
-103.405639 22.291062 0.000000 0.000000
-99.442791 22.291062 0.000000 0.000000
-95.479943 22.291062 0.000000 0.000000
-91.517095 22.291062 0.000000 0.000000
-87.554247 22.291062 0.000000 0.000000
-83.591400 22.291062 0.000000 0.000000
-79.628552 22.291062 0.000000 0.000000
-75.665704 22.291062 0.000000 0.000000
-71.702856 22.291062 0.000000 0.000000
-67.740008 22.291062 1.383721 2.606496
-63.777160 22.291062 -1.433050 -0.376401
-59.814312 22.291062 -1.345115 -1.480080
-55.851464 22.291062 -1.629875 -1.005786
-51.888616 22.291062 -0.768683 0.240957
-47.925768 22.291062 -0.549296 -0.752789
-43.962920 22.291062 -1.448999 0.153926
-40.000072 22.291062 0.465288 -1.599823
-36.037224 22.291062 -0.792574 -1.172252
-32.074376 22.291062 -1.519149 -1.281091
-28.111528 22.291062 0.488747 -1.949277
-24.148680 22.291062 0.781017 -1.676071
-20.185832 22.291062 1.957204 -1.759678
-16.222984 22.291062 2.031905 -1.404623
-12.260136 22.291062 3.697373 -1.867290
-8.297289 22.291062 14.509540 16.556194
-4.334441 22.291062 6.321768 -0.673803
-0.371593 22.291062 7.505726 -0.061071
3.591255 22.291062 8.791915 2.676656
7.554103 22.291062 7.690900 1.161001
11.516951 22.291062 8.704925 3.562847
15.479799 22.291062 8.608644 2.082973
19.442647 22.291062 8.087556 3.524154
23.405495 22.291062 -13.284554 9.610984
27.368343 22.291062 9.390527 4.150741
31.331191 22.291062 8.000990 5.300835
35.294039 22.291062 7.897062 4.377154
39.256887 22.291062 7.170411 3.930865
43.219735 22.291062 5.834514 3.314234
47.182583 22.291062 2.628449 2.667774
51.145431 22.291062 1.139218 0.125253
55.108279 22.291062 2.283102 -0.909194
59.071127 22.291062 2.001487 -2.833539
63.033975 22.291062 1.116593 -3.645466
66.996822 22.291062 1.543450 -4.718917
-131.145575 18.328214 -0.299959 1.810517
-127.182727 18.328214 15.277136 -0.328740
-123.219879 18.328214 0.000000 0.000000
-119.257031 18.328214 0.000000 0.000000
-115.294183 18.328214 0.000000 0.000000
-111.331335 18.328214 0.000000 0.000000
-107.368487 18.328214 0.000000 0.000000
-103.405639 18.328214 0.000000 0.000000
-99.442791 18.328214 0.000000 0.000000
-95.479943 18.328214 0.000000 0.000000
-91.517095 18.328214 0.000000 0.000000
-87.554247 18.328214 0.000000 0.000000
-83.591400 18.328214 8.403837 16.137360
-79.628552 18.328214 -12.719772 -12.123072
-75.665704 18.328214 9.202490 -15.383821
-71.702856 18.328214 12.859764 -1.063999
-67.740008 18.328214 -1.327987 2.766718
-63.777160 18.328214 5.822039 0.388006
-59.814312 18.328214 4.534917 -1.244004
-55.851464 18.328214 -2.466082 -9.159683
-51.888616 18.328214 -13.757666 12.516298
-47.925768 18.328214 0.016910 -8.962119
-43.962920 18.328214 0.768864 -0.065202
-40.000072 18.328214 1.140900 -1.605446
-36.037224 18.328214 0.505114 -1.529681
-32.074376 18.328214 7.761397 1.405874
-28.111528 18.328214 4.674162 -0.432239
-24.148680 18.328214 5.230792 0.262920
-20.185832 18.328214 5.730934 -0.648240
-16.222984 18.328214 6.680270 -0.158716
-12.260136 18.328214 6.970877 0.087431
-8.297289 18.328214 9.610914 0.659332
-4.334441 18.328214 9.070789 0.140445
-0.371593 18.328214 9.973703 1.856845
3.591255 18.328214 9.463933 2.858328
7.554103 18.328214 9.694345 2.099754
11.516951 18.328214 9.702347 2.924925
15.479799 18.328214 10.032537 2.127964
19.442647 18.328214 10.890188 0.996302
23.405495 18.328214 -9.213288 -17.781218
27.368343 18.328214 11.183376 3.212319
31.331191 18.328214 9.784726 5.088306
35.294039 18.328214 8.787335 4.737804
39.256887 18.328214 7.503193 3.557190
43.219735 18.328214 6.289485 2.659391
47.182583 18.328214 5.391213 0.500055
51.145431 18.328214 3.339354 0.450164
55.108279 18.328214 6.008018 -2.972053
59.071127 18.328214 0.903152 -4.221849
63.033975 18.328214 2.049685 -4.165534
66.996822 18.328214 2.337212 -2.901724
-131.145575 14.365366 -3.832543 10.161303
-127.182727 14.365366 9.936246 11.977249
-123.219879 14.365366 10.205595 -2.850345
-119.257031 14.365366 0.000000 0.000000
-115.294183 14.365366 0.000000 0.000000
-111.331335 14.365366 0.000000 0.000000
-107.368487 14.365366 0.000000 0.000000
-103.405639 14.365366 0.000000 0.000000
-99.442791 14.365366 12.378482 -2.742135
-95.479943 14.365366 13.307434 -2.491104
-91.517095 14.365366 12.704074 -2.509718
-87.554247 14.365366 13.196376 -1.858057
-83.591400 14.365366 13.034684 -2.066853
-79.628552 14.365366 14.465827 -1.952569
-75.665704 14.365366 13.784143 -0.740158
-71.702856 14.365366 13.286636 -1.232393
-67.740008 14.365366 14.480402 -1.240537
-63.777160 14.365366 13.664851 -1.114946
-59.814312 14.365366 13.523355 0.355372
-55.851464 14.365366 13.279374 0.262361
-51.888616 14.365366 13.098038 0.355031
-47.925768 14.365366 13.597808 -0.134614
-43.962920 14.365366 12.785953 0.270690
-40.000072 14.365366 12.071159 0.084369
-36.037224 14.365366 10.368313 -0.661639
-32.074376 14.365366 6.260155 -0.733651
-28.111528 14.365366 6.995780 -0.305300
-24.148680 14.365366 6.188569 0.704623
-20.185832 14.365366 5.495087 -1.418595
-16.222984 14.365366 2.965210 -0.778664
-12.260136 14.365366 7.005423 -1.443818
-8.297289 14.365366 7.488394 -2.455596
-4.334441 14.365366 9.240427 -0.807200
-0.371593 14.365366 10.070896 0.712736
3.591255 14.365366 8.685803 1.717196
7.554103 14.365366 9.737912 1.495066
11.516951 14.365366 10.203850 1.204649
15.479799 14.365366 -14.531750 9.767320
19.442647 14.365366 11.662896 2.513007
23.405495 14.365366 11.750270 4.295599
27.368343 14.365366 11.850475 4.594522
31.331191 14.365366 10.568706 4.538316
35.294039 14.365366 9.460672 4.443837
39.256887 14.365366 8.761679 3.504469
43.219735 14.365366 7.993328 2.375259
47.182583 14.365366 6.380171 1.556909
51.145431 14.365366 4.756529 -0.805575
55.108279 14.365366 2.189961 0.767347
59.071127 14.365366 2.353026 -1.404377
63.033975 14.365366 6.601308 0.633122
66.996822 14.365366 5.415380 -4.071202
-131.145575 10.402518 13.885632 -1.877999
-127.182727 10.402518 17.720261 1.169658
-123.219879 10.402518 11.073990 -2.309017
-119.257031 10.402518 10.195063 -2.649649
-115.294183 10.402518 15.009439 10.407325
-111.331335 10.402518 11.518272 -2.598340
-107.368487 10.402518 -9.687828 -7.753446
-103.405639 10.402518 5.001791 9.284841
-99.442791 10.402518 11.726684 -3.304321
-95.479943 10.402518 12.654676 -2.500395
-91.517095 10.402518 13.071836 -2.503157
-87.554247 10.402518 12.821362 -2.182017
-83.591400 10.402518 13.529237 -2.179129
-79.628552 10.402518 13.582120 -1.277622
-75.665704 10.402518 13.659062 -1.230388
-71.702856 10.402518 13.951677 -0.928139
-67.740008 10.402518 13.554137 -0.810505
-63.777160 10.402518 13.883496 -0.499538
-59.814312 10.402518 13.954835 -0.182153
-55.851464 10.402518 13.515845 -0.587337
-51.888616 10.402518 13.595950 -0.105038
-47.925768 10.402518 13.593800 -0.051678
-43.962920 10.402518 13.197441 0.142992
-40.000072 10.402518 12.605780 -0.222462
-36.037224 10.402518 11.528385 -1.894601
-32.074376 10.402518 11.971824 -1.620431
-28.111528 10.402518 9.345366 -1.849857
-24.148680 10.402518 12.966580 10.194795
-20.185832 10.402518 11.347148 0.156120
-16.222984 10.402518 -6.329495 1.325398
-12.260136 10.402518 3.274825 8.995406
-8.297289 10.402518 6.473623 -1.258222
-4.334441 10.402518 2.263963 16.124674
-0.371593 10.402518 8.433969 -2.118278
3.591255 10.402518 9.537576 0.753266
7.554103 10.402518 6.663495 2.840297
11.516951 10.402518 12.557469 3.439832
15.479799 10.402518 11.771697 2.629639
19.442647 10.402518 12.353172 2.292525
23.405495 10.402518 13.501041 2.008609
27.368343 10.402518 -1.001548 -2.775307
31.331191 10.402518 11.167510 3.513050
35.294039 10.402518 10.620369 3.636746
39.256887 10.402518 10.039593 2.722701
43.219735 10.402518 8.482266 2.441626
47.182583 10.402518 7.992720 0.707261
51.145431 10.402518 9.105053 -0.419014
55.108279 10.402518 8.028370 -0.316069
59.071127 10.402518 9.869538 6.428620
63.033975 10.402518 3.580250 -0.479117
66.996822 10.402518 5.267348 -1.717566
-131.145575 6.439670 -4.224839 4.249713
-127.182727 6.439670 4.398654 -2.928013
-123.219879 6.439670 -3.563147 -5.174366
-119.257031 6.439670 13.380062 9.346328
-115.294183 6.439670 -8.791138 -17.739441
-111.331335 6.439670 13.334880 -5.310822
-107.368487 6.439670 11.361455 -2.065720
-103.405639 6.439670 12.104023 -2.279504
-99.442791 6.439670 12.025071 -2.823575
-95.479943 6.439670 12.956978 -2.103385
-91.517095 6.439670 12.572803 -1.767212
-87.554247 6.439670 12.896262 -1.361241
-83.591400 6.439670 12.839166 -1.972095
-79.628552 6.439670 13.169274 -1.033581
-75.665704 6.439670 13.383887 -1.176960
-71.702856 6.439670 13.164030 -0.807762
-67.740008 6.439670 13.470210 -0.638216
-63.777160 6.439670 13.735257 -0.647509
-59.814312 6.439670 13.404531 -0.571690
-55.851464 6.439670 13.206226 -0.689671
-51.888616 6.439670 13.088252 -1.093704
-47.925768 6.439670 13.328302 -0.507607
-43.962920 6.439670 13.070494 -0.326428
-40.000072 6.439670 12.930305 0.066876
-36.037224 6.439670 13.728928 -0.453982
-32.074376 6.439670 13.249256 -0.607409
-28.111528 6.439670 14.108208 -0.476814
-24.148680 6.439670 13.473452 0.500303
-20.185832 6.439670 13.073145 0.370533
-16.222984 6.439670 12.865365 0.801657
-12.260136 6.439670 12.688258 -0.106992
-8.297289 6.439670 12.858500 -0.136123
-4.334441 6.439670 9.637224 -0.558186
-0.371593 6.439670 12.554873 -0.227425
3.591255 6.439670 9.873587 -1.585748
7.554103 6.439670 11.434058 2.191328
11.516951 6.439670 12.570569 2.436435
15.479799 6.439670 13.573137 2.451959
19.442647 6.439670 13.133594 2.531606
23.405495 6.439670 12.656590 3.064613
27.368343 6.439670 12.019590 2.964023
31.331191 6.439670 11.426189 2.304715
35.294039 6.439670 10.749065 2.079338
39.256887 6.439670 10.583364 2.278980
43.219735 6.439670 9.451108 1.535298
47.182583 6.439670 9.565055 1.518264
51.145431 6.439670 9.385728 0.201079
55.108279 6.439670 9.431147 0.246035
59.071127 6.439670 9.852820 -0.976555
63.033975 6.439670 10.362034 0.047891
66.996822 6.439670 -1.870016 -12.348882
-131.145575 2.476822 10.838992 -8.537847
-127.182727 2.476822 -5.004091 4.313146
-123.219879 2.476822 11.757756 -1.466508
-119.257031 2.476822 16.930973 5.170070
-115.294183 2.476822 10.592304 -2.344303
-111.331335 2.476822 -3.027947 -9.058782
-107.368487 2.476822 11.511403 -1.813722
-103.405639 2.476822 12.093510 -1.829736
-99.442791 2.476822 11.710443 -1.665683
-95.479943 2.476822 12.403177 -2.153053
-91.517095 2.476822 -9.356242 -17.960096
-87.554247 2.476822 12.894599 -1.507892
-83.591400 2.476822 13.369983 -2.023392
-79.628552 2.476822 13.212168 -1.622443
-75.665704 2.476822 13.258162 -0.775385
-71.702856 2.476822 13.185830 -0.979324
-67.740008 2.476822 13.647454 -0.829180
-63.777160 2.476822 14.085999 -1.144090
-59.814312 2.476822 13.533228 -0.518059
-55.851464 2.476822 13.250377 -0.486596
-51.888616 2.476822 13.143801 -0.902695
-47.925768 2.476822 13.033545 -0.489310
-43.962920 2.476822 13.477043 -0.159037
-40.000072 2.476822 13.048112 -0.256530
-36.037224 2.476822 13.343451 -0.342030
-32.074376 2.476822 -0.748075 -4.561451
-28.111528 2.476822 15.051615 -2.155603
-24.148680 2.476822 13.345494 0.010123
-20.185832 2.476822 13.123557 0.002638
-16.222984 2.476822 12.925790 -0.083962
-12.260136 2.476822 12.989693 0.204403
-8.297289 2.476822 13.104208 -0.344177
-4.334441 2.476822 13.044470 0.053791
-0.371593 2.476822 12.522412 -0.546069
3.591255 2.476822 13.456517 -0.089401
7.554103 2.476822 13.366975 0.636244
11.516951 2.476822 12.863374 1.569202
15.479799 2.476822 12.868708 1.702071
19.442647 2.476822 12.616320 2.264581
23.405495 2.476822 12.264746 1.907254
27.368343 2.476822 11.790424 2.285023
31.331191 2.476822 11.337907 2.027043
35.294039 2.476822 10.762877 1.811230
39.256887 2.476822 10.091283 2.323821
43.219735 2.476822 10.022567 2.223055
47.182583 2.476822 9.953349 1.469487
51.145431 2.476822 9.897545 0.559882
55.108279 2.476822 9.844900 0.167923
59.071127 2.476822 9.939784 0.244360
63.033975 2.476822 10.655129 -0.070704
66.996822 2.476822 9.203005 -0.123972
-131.145575 -1.486026 17.315243 -6.247945
-127.182727 -1.486026 -0.363373 -2.097434
-123.219879 -1.486026 10.100925 -1.998971
-119.257031 -1.486026 10.998344 -1.925321
-115.294183 -1.486026 4.749193 10.028772
-111.331335 -1.486026 11.764626 -0.939346
-107.368487 -1.486026 11.699684 -1.309618
-103.405639 -1.486026 10.056674 -3.596565
-99.442791 -1.486026 13.247872 -3.256331
-95.479943 -1.486026 12.144590 -0.778844
-91.517095 -1.486026 12.451787 -1.943466
-87.554247 -1.486026 12.778459 -1.800756
-83.591400 -1.486026 13.637151 -1.359807
-79.628552 -1.486026 13.069448 -1.337946
-75.665704 -1.486026 13.545149 -1.401205
-71.702856 -1.486026 13.065779 -0.893189
-67.740008 -1.486026 13.367556 -0.886428
-63.777160 -1.486026 12.872015 -0.258343
-59.814312 -1.486026 13.089464 -0.397545
-55.851464 -1.486026 13.215648 -1.134623
-51.888616 -1.486026 13.194700 0.265089
-47.925768 -1.486026 13.109995 -0.703237
-43.962920 -1.486026 13.027991 -0.383651
-40.000072 -1.486026 12.970027 -0.025270
-36.037224 -1.486026 13.212399 -0.032161
-32.074376 -1.486026 13.360434 0.260389
-28.111528 -1.486026 -10.049944 16.728683
-24.148680 -1.486026 13.037447 0.882338
-20.185832 -1.486026 13.205848 -0.216308
-16.222984 -1.486026 13.231167 -0.270909
-12.260136 -1.486026 13.211350 0.363653
-8.297289 -1.486026 13.381885 0.289939
-4.334441 -1.486026 13.084870 0.156869
-0.371593 -1.486026 13.187340 -0.028117
3.591255 -1.486026 13.931593 0.454236
7.554103 -1.486026 13.761357 0.542227
11.516951 -1.486026 13.204413 0.946427
15.479799 -1.486026 12.625255 1.457477
19.442647 -1.486026 12.733240 1.758961
23.405495 -1.486026 12.063056 1.698806
27.368343 -1.486026 12.482757 1.597952
31.331191 -1.486026 10.832026 1.897572
35.294039 -1.486026 11.462244 1.857145
39.256887 -1.486026 10.897392 2.131341
43.219735 -1.486026 10.649229 1.936657
47.182583 -1.486026 10.450413 0.920209
51.145431 -1.486026 10.139470 0.793734
55.108279 -1.486026 10.315661 0.251681
59.071127 -1.486026 10.646049 -0.247900
63.033975 -1.486026 9.856913 0.468517
66.996822 -1.486026 10.601361 -0.063453
-131.145575 -5.448874 9.821683 1.109973
-127.182727 -5.448874 13.395071 -5.248100
-123.219879 -5.448874 8.890181 -10.482700
-119.257031 -5.448874 10.387236 -1.193698
-115.294183 -5.448874 -13.542199 -4.817990
-111.331335 -5.448874 13.281329 -8.802135
-107.368487 -5.448874 11.246727 -0.674215
-103.405639 -5.448874 11.953627 -1.492283
-99.442791 -5.448874 11.771195 -1.078185
-95.479943 -5.448874 11.854616 -2.630628
-91.517095 -5.448874 12.148825 -1.660672
-87.554247 -5.448874 12.213720 -1.387257
-83.591400 -5.448874 12.844711 -1.303564
-79.628552 -5.448874 12.496097 -1.514149
-75.665704 -5.448874 13.303574 -0.617222
-71.702856 -5.448874 12.982831 -0.323821
-67.740008 -5.448874 12.904402 0.017537
-63.777160 -5.448874 12.724687 -0.736101
-59.814312 -5.448874 13.320117 -0.532138
-55.851464 -5.448874 12.966992 -0.557487
-51.888616 -5.448874 13.377006 -0.466309
-47.925768 -5.448874 12.895980 -0.176381
-43.962920 -5.448874 12.921321 -0.449964
-40.000072 -5.448874 12.975785 -0.052259
-36.037224 -5.448874 13.208106 -0.282684
-32.074376 -5.448874 13.001421 -0.215876
-28.111528 -5.448874 12.640977 0.031180
-24.148680 -5.448874 13.546692 0.372184
-20.185832 -5.448874 12.848831 0.591560
-16.222984 -5.448874 13.355411 0.050181
-12.260136 -5.448874 13.006559 0.481568
-8.297289 -5.448874 12.914207 0.495265
-4.334441 -5.448874 13.191090 0.391593
-0.371593 -5.448874 13.105415 -0.042349
3.591255 -5.448874 13.077635 0.680625
7.554103 -5.448874 12.164564 0.949854
11.516951 -5.448874 12.757625 1.808230
15.479799 -5.448874 12.269351 1.102008
19.442647 -5.448874 12.665366 1.821014
23.405495 -5.448874 12.387477 1.354299
27.368343 -5.448874 11.158144 2.019238
31.331191 -5.448874 12.419232 1.537848
35.294039 -5.448874 11.358225 1.837885
39.256887 -5.448874 10.903856 1.201535
43.219735 -5.448874 10.973464 0.909315
47.182583 -5.448874 10.546598 0.864165
51.145431 -5.448874 10.868910 0.570454
55.108279 -5.448874 10.544637 0.771720
59.071127 -5.448874 11.092055 -0.369178
63.033975 -5.448874 10.452360 0.534207
66.996822 -5.448874 2.674038 -4.117796
-131.145575 -9.411722 14.094792 13.587620
-127.182727 -9.411722 -5.329611 -16.343134
-123.219879 -9.411722 -13.790471 -12.842232
-119.257031 -9.411722 11.742454 -1.199005
-115.294183 -9.411722 12.100743 -0.832696
-111.331335 -9.411722 9.727413 7.527961
-107.368487 -9.411722 -14.832152 -10.149090
-103.405639 -9.411722 11.826202 -1.061142
-99.442791 -9.411722 11.910633 -1.939983
-95.479943 -9.411722 12.093350 -0.888247
-91.517095 -9.411722 12.369598 -0.859469
-87.554247 -9.411722 12.334440 -1.467815
-83.591400 -9.411722 13.000560 -1.548239
-79.628552 -9.411722 13.327517 -1.110999
-75.665704 -9.411722 12.823565 -0.841122
-71.702856 -9.411722 13.090472 -0.415353
-67.740008 -9.411722 13.057473 -0.692113
-63.777160 -9.411722 12.910419 -0.718303
-59.814312 -9.411722 12.869699 -0.387409
-55.851464 -9.411722 13.015597 -0.855817
-51.888616 -9.411722 12.664660 -0.619240
-47.925768 -9.411722 12.735361 -0.248899
-43.962920 -9.411722 13.243649 -0.430125
-40.000072 -9.411722 13.144789 0.227985
-36.037224 -9.411722 13.031105 -0.261823
-32.074376 -9.411722 13.091431 0.133798
-28.111528 -9.411722 13.092398 0.001161
-24.148680 -9.411722 13.186011 0.024484
-20.185832 -9.411722 13.322062 0.313075
-16.222984 -9.411722 12.984906 0.455232
-12.260136 -9.411722 13.203692 0.661447
-8.297289 -9.411722 13.372192 0.042713
-4.334441 -9.411722 13.039573 0.176528
-0.371593 -9.411722 12.943821 0.643564
3.591255 -9.411722 13.085099 1.464211
7.554103 -9.411722 12.935187 1.296196
11.516951 -9.411722 13.192471 1.553820
15.479799 -9.411722 12.451238 1.471747
19.442647 -9.411722 12.217401 1.531303
23.405495 -9.411722 11.953564 1.190741
27.368343 -9.411722 11.639435 0.733670
31.331191 -9.411722 12.127752 1.465818
35.294039 -9.411722 11.778934 1.515187
39.256887 -9.411722 11.610717 1.619643
43.219735 -9.411722 11.376198 1.650678
47.182583 -9.411722 10.615155 1.262427
51.145431 -9.411722 10.426701 1.690274
55.108279 -9.411722 11.784573 1.429893
59.071127 -9.411722 11.025028 0.461673
63.033975 -9.411722 9.634130 1.036585
66.996822 -9.411722 10.670034 0.420986
-131.145575 -13.374570 17.531233 -17.854376
-127.182727 -13.374570 0.273215 -8.468487
-123.219879 -13.374570 0.213342 10.117754
-119.257031 -13.374570 -14.825462 8.444922
-115.294183 -13.374570 11.278913 -2.380560
-111.331335 -13.374570 11.999178 -1.221270
-107.368487 -13.374570 7.441351 -3.490126
-103.405639 -13.374570 0.095544 -8.212546
-99.442791 -13.374570 11.806928 -1.108859
-95.479943 -13.374570 11.859333 -1.252316
-91.517095 -13.374570 13.336883 -1.231392
-87.554247 -13.374570 12.179047 -1.045143
-83.591400 -13.374570 12.350022 -1.173924
-79.628552 -13.374570 12.114850 -1.096201
-75.665704 -13.374570 13.101566 -0.829867
-71.702856 -13.374570 12.455819 -0.761835
-67.740008 -13.374570 12.627843 0.577826
-63.777160 -13.374570 12.590005 -0.629267
-59.814312 -13.374570 13.050397 -0.257629
-55.851464 -13.374570 12.618674 -0.498875
-51.888616 -13.374570 12.997056 -0.363323
-47.925768 -13.374570 13.090274 -0.423180
-43.962920 -13.374570 12.398253 0.286098
-40.000072 -13.374570 12.359870 -0.161200
-36.037224 -13.374570 13.143029 -0.260918
-32.074376 -13.374570 13.383646 0.123942
-28.111528 -13.374570 12.846276 -0.155262
-24.148680 -13.374570 13.348806 -0.097105
-20.185832 -13.374570 12.473407 0.420701
-16.222984 -13.374570 12.552140 0.325605
-12.260136 -13.374570 12.425482 0.516222
-8.297289 -13.374570 12.619311 0.713707
-4.334441 -13.374570 12.838141 0.958891
-0.371593 -13.374570 12.667068 0.518276
3.591255 -13.374570 12.317626 1.001597
7.554103 -13.374570 13.055538 1.713784
11.516951 -13.374570 12.725725 0.653668
15.479799 -13.374570 12.723689 0.975281
19.442647 -13.374570 12.845625 0.987966
23.405495 -13.374570 12.195721 1.365758
27.368343 -13.374570 11.768257 1.071918
31.331191 -13.374570 11.576592 1.087452
35.294039 -13.374570 11.111901 1.490408
39.256887 -13.374570 11.266287 1.732237
43.219735 -13.374570 11.721947 1.403212
47.182583 -13.374570 11.201350 0.800421
51.145431 -13.374570 11.085398 0.871356
55.108279 -13.374570 11.534348 0.644067
59.071127 -13.374570 11.046569 0.492024
63.033975 -13.374570 11.615178 -0.296255
66.996822 -13.374570 11.205155 0.107579
-131.145575 -17.337417 -13.599999 -12.503848
-127.182727 -17.337417 7.888453 14.480440
-123.219879 -17.337417 15.148732 14.735985
-119.257031 -17.337417 14.278974 -8.718810
-115.294183 -17.337417 -0.211042 -2.474900
-111.331335 -17.337417 12.507741 2.423193
-107.368487 -17.337417 10.837259 -0.859578
-103.405639 -17.337417 10.665384 -2.316460
-99.442791 -17.337417 11.372578 -1.366102
-95.479943 -17.337417 12.211623 -0.641266
-91.517095 -17.337417 11.971626 -1.356787
-87.554247 -17.337417 12.798055 -1.961179
-83.591400 -17.337417 12.505383 -0.843132
-79.628552 -17.337417 12.301135 -0.466832
-75.665704 -17.337417 12.951083 -0.861061
-71.702856 -17.337417 13.188306 -1.187424
-67.740008 -17.337417 12.605664 -0.938138
-63.777160 -17.337417 12.126597 -0.493194
-59.814312 -17.337417 12.560267 -0.256879
-55.851464 -17.337417 12.762712 -0.568458
-51.888616 -17.337417 12.308250 -0.325907
-47.925768 -17.337417 12.748401 -0.705140
-43.962920 -17.337417 12.801904 -0.033855
-40.000072 -17.337417 12.998480 -0.037799
-36.037224 -17.337417 13.030930 0.116215
-32.074376 -17.337417 12.955414 -0.447760
-28.111528 -17.337417 12.834310 -0.268366
-24.148680 -17.337417 12.866474 0.430430
-20.185832 -17.337417 12.522113 0.537962
-16.222984 -17.337417 13.221888 0.612241
-12.260136 -17.337417 13.151603 0.000921
-8.297289 -17.337417 12.830002 1.106448
-4.334441 -17.337417 12.992098 1.112347
-0.371593 -17.337417 13.064533 0.611913
3.591255 -17.337417 12.991553 0.778716
7.554103 -17.337417 12.983628 0.775920
11.516951 -17.337417 12.700023 1.161766
15.479799 -17.337417 12.105511 1.067989
19.442647 -17.337417 11.973263 0.809619
23.405495 -17.337417 12.462281 1.088040
27.368343 -17.337417 12.211325 0.861617
31.331191 -17.337417 11.198122 0.569669
35.294039 -17.337417 11.667929 1.462023
39.256887 -17.337417 11.834412 2.317441
43.219735 -17.337417 11.822049 0.224310
47.182583 -17.337417 11.110756 0.108282
51.145431 -17.337417 11.593530 0.568358
55.108279 -17.337417 11.374154 0.103280
59.071127 -17.337417 11.492972 0.297050
63.033975 -17.337417 10.537191 1.400846
66.996822 -17.337417 10.765796 -0.189685
-131.145575 -21.300265 -2.309578 -17.183134
-127.182727 -21.300265 -9.413721 15.513299
-123.219879 -21.300265 -16.412643 13.514927
-119.257031 -21.300265 7.669851 -10.169806
-115.294183 -21.300265 11.979406 -0.968197
-111.331335 -21.300265 11.816816 -1.569835
-107.368487 -21.300265 10.609209 -2.192051
-103.405639 -21.300265 11.913000 -0.915009
-99.442791 -21.300265 13.169024 -1.313559
-95.479943 -21.300265 12.410217 -1.434223
-91.517095 -21.300265 13.020650 -0.486842
-87.554247 -21.300265 11.482131 -1.157049
-83.591400 -21.300265 11.691771 -0.489628
-79.628552 -21.300265 11.748154 -0.944057
-75.665704 -21.300265 12.341846 -0.207549
-71.702856 -21.300265 12.906862 -0.599386
-67.740008 -21.300265 12.693679 -0.501249
-63.777160 -21.300265 12.350572 -0.344569
-59.814312 -21.300265 12.349371 -0.742109
-55.851464 -21.300265 12.751448 -0.433765
-51.888616 -21.300265 12.762733 -0.450950
-47.925768 -21.300265 12.222390 -0.439665
-43.962920 -21.300265 12.671939 0.297547
-40.000072 -21.300265 13.171106 -0.549358
-36.037224 -21.300265 12.598164 0.060433
-32.074376 -21.300265 12.640919 -0.348164
-28.111528 -21.300265 12.465352 -0.119956
-24.148680 -21.300265 12.494564 0.720683
-20.185832 -21.300265 12.932640 0.352458
-16.222984 -21.300265 13.120882 -0.045493
-12.260136 -21.300265 12.969837 0.302790
-8.297289 -21.300265 12.682713 0.198864
-4.334441 -21.300265 12.489910 0.650343
-0.371593 -21.300265 12.474113 0.391854
3.591255 -21.300265 12.493696 0.290106
7.554103 -21.300265 12.861728 0.451933
11.516951 -21.300265 12.653589 1.091069
15.479799 -21.300265 11.565400 0.924033
19.442647 -21.300265 11.526253 1.454640
23.405495 -21.300265 11.902744 0.912286
27.368343 -21.300265 12.187712 1.629898
31.331191 -21.300265 12.210400 0.758864
35.294039 -21.300265 11.032440 0.630588
39.256887 -21.300265 11.984010 0.814930
43.219735 -21.300265 11.910608 0.792572
47.182583 -21.300265 10.995624 0.922598
51.145431 -21.300265 11.927536 1.626598
55.108279 -21.300265 11.211024 0.915415
59.071127 -21.300265 2.867549 -11.429780
63.033975 -21.300265 9.805334 -11.999475
66.996822 -21.300265 3.067206 2.965288
-131.145575 -25.263113 7.071702 -6.948004
-127.182727 -25.263113 -0.539229 9.167706
-123.219879 -25.263113 0.351935 13.486870
-119.257031 -25.263113 17.311752 4.901465
-115.294183 -25.263113 13.438910 0.025317
-111.331335 -25.263113 12.870087 -0.755081
-107.368487 -25.263113 -15.505961 -2.182971
-103.405639 -25.263113 11.802601 -0.538066
-99.442791 -25.263113 12.325835 -1.041826
-95.479943 -25.263113 12.140786 -0.891324
-91.517095 -25.263113 11.988698 -0.011588
-87.554247 -25.263113 12.534328 -0.476864
-83.591400 -25.263113 11.938828 -0.754336
-79.628552 -25.263113 12.198738 -0.161044
-75.665704 -25.263113 12.629484 0.471124
-71.702856 -25.263113 12.235791 0.226281
-67.740008 -25.263113 12.299663 -0.326621
-63.777160 -25.263113 12.158295 0.123198
-59.814312 -25.263113 12.135930 -0.249533
-55.851464 -25.263113 12.676727 -0.216777
-51.888616 -25.263113 12.803632 -0.332829
-47.925768 -25.263113 12.483747 -0.189268
-43.962920 -25.263113 12.201831 -0.533753
-40.000072 -25.263113 12.097995 0.717643
-36.037224 -25.263113 13.060421 0.051759
-32.074376 -25.263113 13.301457 0.329938
-28.111528 -25.263113 12.778047 -0.300188
-24.148680 -25.263113 12.584497 0.275163
-20.185832 -25.263113 12.124151 0.413589
-16.222984 -25.263113 12.573776 0.505060
-12.260136 -25.263113 12.593598 1.117335
-8.297289 -25.263113 12.634081 0.166669
-4.334441 -25.263113 13.169930 0.420216
-0.371593 -25.263113 12.708432 0.336929
3.591255 -25.263113 12.266505 0.286996
7.554103 -25.263113 12.545874 0.461726
11.516951 -25.263113 11.901286 0.491133
15.479799 -25.263113 11.943518 0.888354
19.442647 -25.263113 12.259361 0.643244
23.405495 -25.263113 12.026995 1.206960
27.368343 -25.263113 11.844168 1.020611
31.331191 -25.263113 11.568025 0.559858
35.294039 -25.263113 11.720880 0.504993
39.256887 -25.263113 11.794134 0.811340
43.219735 -25.263113 11.113896 0.769519
47.182583 -25.263113 11.118293 1.098806
51.145431 -25.263113 10.981850 0.638821
55.108279 -25.263113 10.309072 1.103948
59.071127 -25.263113 10.516837 1.821992
63.033975 -25.263113 11.090421 1.521672
66.996822 -25.263113 12.320680 0.542841
-131.145575 -29.225961 1.931243 6.768008
-127.182727 -29.225961 -4.389286 -11.286392
-123.219879 -29.225961 -4.987670 -9.346651
-119.257031 -29.225961 12.582834 -0.208599
-115.294183 -29.225961 11.710494 -2.790872
-111.331335 -29.225961 -2.718601 -0.884124
-107.368487 -29.225961 10.646966 -1.538054
-103.405639 -29.225961 12.154624 -1.085761
-99.442791 -29.225961 10.932451 -0.335726
-95.479943 -29.225961 12.569214 -0.262420
-91.517095 -29.225961 10.572373 0.198728
-87.554247 -29.225961 12.246652 -0.882387
-83.591400 -29.225961 11.936979 -0.527128
-79.628552 -29.225961 11.408122 -1.211156
-75.665704 -29.225961 10.846013 -0.739199
-71.702856 -29.225961 13.068373 -0.660585
-67.740008 -29.225961 12.735055 -0.843899
-63.777160 -29.225961 12.562531 -0.590833
-59.814312 -29.225961 12.215947 -0.511587
-55.851464 -29.225961 12.968909 -0.273574
-51.888616 -29.225961 12.374459 0.092646
-47.925768 -29.225961 12.602581 -0.243646
-43.962920 -29.225961 12.756239 0.273474
-40.000072 -29.225961 12.982115 -0.097798
-36.037224 -29.225961 13.433567 0.243364
-32.074376 -29.225961 12.545235 0.092156
-28.111528 -29.225961 12.896518 -0.133689
-24.148680 -29.225961 12.330639 0.371872
-20.185832 -29.225961 12.227015 0.297268
-16.222984 -29.225961 12.665021 0.417945
-12.260136 -29.225961 12.263444 0.256352
-8.297289 -29.225961 12.237582 0.298373
-4.334441 -29.225961 11.696143 0.864001
-0.371593 -29.225961 12.418278 0.285785
3.591255 -29.225961 12.666045 0.624320
7.554103 -29.225961 12.984354 -0.341896
11.516951 -29.225961 12.145041 -0.298528
15.479799 -29.225961 12.050385 1.132231
19.442647 -29.225961 13.121966 0.688054
23.405495 -29.225961 12.112623 0.477306
27.368343 -29.225961 11.563723 0.588253
31.331191 -29.225961 10.934009 1.735327
35.294039 -29.225961 12.166897 1.478575
39.256887 -29.225961 11.991364 0.656689
43.219735 -29.225961 11.721896 1.333083
47.182583 -29.225961 12.902654 1.091399
51.145431 -29.225961 11.263090 0.208821
55.108279 -29.225961 12.092932 0.241525
59.071127 -29.225961 11.068765 2.678606
63.033975 -29.225961 10.932740 0.329034
66.996822 -29.225961 -11.754601 -6.294180
-131.145575 -33.188809 -11.892291 4.747851
-127.182727 -33.188809 4.942137 0.064438
-123.219879 -33.188809 6.381740 -5.035801
-119.257031 -33.188809 -0.625440 13.658721
-115.294183 -33.188809 12.037086 -0.853906
-111.331335 -33.188809 -15.743253 -13.282679
-107.368487 -33.188809 11.476171 0.405140
-103.405639 -33.188809 12.713798 -0.462884
-99.442791 -33.188809 12.560217 -0.449221
-95.479943 -33.188809 10.071856 -1.546367
-91.517095 -33.188809 12.386436 0.117668
-87.554247 -33.188809 12.642249 -0.512685
-83.591400 -33.188809 12.270597 -0.729756
-79.628552 -33.188809 12.332425 -1.034741
-75.665704 -33.188809 11.822573 0.327473
-71.702856 -33.188809 12.480289 -0.854035
-67.740008 -33.188809 12.808115 -0.859570
-63.777160 -33.188809 12.719297 -1.050914
-59.814312 -33.188809 11.030529 -0.006559
-55.851464 -33.188809 12.187112 -0.851861
-51.888616 -33.188809 13.063952 -0.172208
-47.925768 -33.188809 13.175464 -0.370198
-43.962920 -33.188809 12.643336 -0.368898
-40.000072 -33.188809 12.131567 0.429432
-36.037224 -33.188809 12.808303 0.116218
-32.074376 -33.188809 12.346325 0.390096
-28.111528 -33.188809 12.649574 0.188099
-24.148680 -33.188809 12.470009 0.405821
-20.185832 -33.188809 12.686402 0.515691
-16.222984 -33.188809 12.573654 0.442839
-12.260136 -33.188809 12.030913 0.034231
-8.297289 -33.188809 12.002007 0.244014
-4.334441 -33.188809 12.037286 0.359481
-0.371593 -33.188809 12.790635 0.262594
3.591255 -33.188809 12.779137 0.506798
7.554103 -33.188809 12.226355 0.826144
11.516951 -33.188809 12.746911 1.145458
15.479799 -33.188809 12.425301 0.751759
19.442647 -33.188809 12.877156 0.555280
23.405495 -33.188809 12.288086 -0.316775
27.368343 -33.188809 11.675350 0.598029
31.331191 -33.188809 12.315879 0.271083
35.294039 -33.188809 11.698671 0.871718
39.256887 -33.188809 11.928941 0.292028
43.219735 -33.188809 11.852775 0.391495
47.182583 -33.188809 17.642136 -13.740719
51.145431 -33.188809 10.563210 1.333205
55.108279 -33.188809 10.917231 0.608234
59.071127 -33.188809 7.528074 -7.566442
63.033975 -33.188809 11.039707 2.083068
66.996822 -33.188809 11.481882 0.922710
-131.145575 -37.151657 -10.609550 -8.958862
-127.182727 -37.151657 2.977837 -0.300785
-123.219879 -37.151657 -10.591246 -12.248141
-119.257031 -37.151657 12.040646 -1.161023
-115.294183 -37.151657 -7.203155 -1.471230
-111.331335 -37.151657 9.472431 -9.212639
-107.368487 -37.151657 0.563878 10.121579
-103.405639 -37.151657 11.177997 0.121612
-99.442791 -37.151657 10.851708 -0.510067
-95.479943 -37.151657 11.113426 0.214910
-91.517095 -37.151657 12.155978 -0.743771
-87.554247 -37.151657 11.232186 -0.342886
-83.591400 -37.151657 12.369750 -0.679914
-79.628552 -37.151657 12.276722 -0.605675
-75.665704 -37.151657 12.145771 0.183059
-71.702856 -37.151657 13.013858 -0.299207
-67.740008 -37.151657 15.851527 1.364239
-63.777160 -37.151657 11.858866 -0.555061
-59.814312 -37.151657 12.578318 -0.346342
-55.851464 -37.151657 11.760878 -0.442103
-51.888616 -37.151657 11.756727 -0.478303
-47.925768 -37.151657 12.337448 -0.236343
-43.962920 -37.151657 12.558418 0.382373
-40.000072 -37.151657 12.211197 0.749160
-36.037224 -37.151657 12.742751 -0.509713
-32.074376 -37.151657 11.662792 0.453976
-28.111528 -37.151657 13.248533 -0.206076
-24.148680 -37.151657 12.483805 0.163137
-20.185832 -37.151657 12.220052 0.349064
-16.222984 -37.151657 11.722299 0.413068
-12.260136 -37.151657 12.096028 0.579399
-8.297289 -37.151657 12.994492 0.558057
-4.334441 -37.151657 12.220842 0.914658
-0.371593 -37.151657 12.157766 0.228273
3.591255 -37.151657 12.330983 0.630492
7.554103 -37.151657 11.772923 0.807973
11.516951 -37.151657 11.216937 0.922149
15.479799 -37.151657 12.102645 0.622532
19.442647 -37.151657 12.131310 1.249797
23.405495 -37.151657 11.725442 0.778592
27.368343 -37.151657 13.122683 0.593923
31.331191 -37.151657 11.936208 0.330123
35.294039 -37.151657 11.784380 0.799234
39.256887 -37.151657 11.823604 0.346207
43.219735 -37.151657 14.918159 9.076281
47.182583 -37.151657 12.112466 0.964071
51.145431 -37.151657 10.925156 1.323411
55.108279 -37.151657 10.207419 0.247071
59.071127 -37.151657 11.239800 1.393383
63.033975 -37.151657 3.410654 -1.051975
66.996822 -37.151657 3.556803 -13.304077
-131.145575 -41.114505 -12.803357 15.988881
-127.182727 -41.114505 17.487917 2.708333
-123.219879 -41.114505 -12.763419 -10.674625
-119.257031 -41.114505 -13.787601 -7.481918
-115.294183 -41.114505 -10.616100 -3.538131
-111.331335 -41.114505 17.957994 -18.092932
-107.368487 -41.114505 12.145096 -0.530959
-103.405639 -41.114505 12.064669 -0.397410
-99.442791 -41.114505 11.052100 0.325070
-95.479943 -41.114505 11.474447 -0.636027
-91.517095 -41.114505 10.923324 -0.874612
-87.554247 -41.114505 11.755416 -0.295675
-83.591400 -41.114505 12.192949 -0.580332
-79.628552 -41.114505 11.938862 -0.008902
-75.665704 -41.114505 11.234479 -0.342757
-71.702856 -41.114505 11.927565 -0.970182
-67.740008 -41.114505 12.740250 0.535843
-63.777160 -41.114505 11.866179 -0.673363
-59.814312 -41.114505 12.152178 -0.364955
-55.851464 -41.114505 11.892859 0.367584
-51.888616 -41.114505 12.975479 -0.263677
-47.925768 -41.114505 12.052945 0.110734
-43.962920 -41.114505 12.748225 -0.576252
-40.000072 -41.114505 12.337112 -0.121453
-36.037224 -41.114505 12.513291 -0.047382
-32.074376 -41.114505 12.170331 0.195948
-28.111528 -41.114505 13.135066 0.369496
-24.148680 -41.114505 12.250684 -0.027600
-20.185832 -41.114505 12.334478 0.311926
-16.222984 -41.114505 12.751874 -0.215349
-12.260136 -41.114505 12.518406 0.406068
-8.297289 -41.114505 12.299773 1.604725
-4.334441 -41.114505 12.438663 -0.581133
-0.371593 -41.114505 11.987620 0.627605
3.591255 -41.114505 11.846506 0.108959
7.554103 -41.114505 11.318697 0.223856
11.516951 -41.114505 12.384163 0.091257
15.479799 -41.114505 12.042787 0.971799
19.442647 -41.114505 12.270421 0.830580
23.405495 -41.114505 13.280750 1.207721
27.368343 -41.114505 12.101550 0.412481
31.331191 -41.114505 11.159776 0.863538
35.294039 -41.114505 12.243079 -0.389078
39.256887 -41.114505 12.552959 1.683673
43.219735 -41.114505 11.657731 0.215853
47.182583 -41.114505 11.502752 -1.228454
51.145431 -41.114505 8.217036 0.629079
55.108279 -41.114505 11.508332 0.354481
59.071127 -41.114505 12.078815 0.042489
63.033975 -41.114505 12.288368 1.253488
66.996822 -41.114505 -6.289979 -17.674723
-131.145575 -45.077353 -2.885000 12.682645
-127.182727 -45.077353 -12.086474 4.816568
-123.219879 -45.077353 14.730243 -0.350728
-119.257031 -45.077353 13.567986 2.823147
-115.294183 -45.077353 -7.773545 5.942207
-111.331335 -45.077353 -5.174254 -5.163135
-107.368487 -45.077353 10.874989 -0.622307
-103.405639 -45.077353 -15.433310 -5.096805
-99.442791 -45.077353 13.658129 -1.142768
-95.479943 -45.077353 13.055800 -0.707800
-91.517095 -45.077353 12.413512 -1.753076
-87.554247 -45.077353 12.369287 -0.182753
-83.591400 -45.077353 11.391541 -0.329435
-79.628552 -45.077353 12.106026 -0.459099
-75.665704 -45.077353 12.334669 -0.149647
-71.702856 -45.077353 11.746724 -0.604605
-67.740008 -45.077353 12.795427 -0.725044
-63.777160 -45.077353 11.451569 1.322610
-59.814312 -45.077353 12.031243 0.495181
-55.851464 -45.077353 11.631286 0.024797
-51.888616 -45.077353 12.727314 -0.517316
-47.925768 -45.077353 12.454064 -0.313764
-43.962920 -45.077353 12.242029 -0.174857
-40.000072 -45.077353 13.263681 -0.091402
-36.037224 -45.077353 11.544074 -0.508467
-32.074376 -45.077353 13.256803 -0.225400
-28.111528 -45.077353 12.192636 0.151004
-24.148680 -45.077353 11.418978 0.131207
-20.185832 -45.077353 12.325360 0.882675
-16.222984 -45.077353 12.545910 0.252276
-12.260136 -45.077353 11.535703 0.288226
-8.297289 -45.077353 12.728779 0.811337
-4.334441 -45.077353 12.381639 0.661737
-0.371593 -45.077353 11.507510 0.537480
3.591255 -45.077353 10.682958 0.692968
7.554103 -45.077353 11.806508 0.045152
11.516951 -45.077353 11.778723 -0.298905
15.479799 -45.077353 11.519836 0.488075
19.442647 -45.077353 12.207119 0.756666
23.405495 -45.077353 10.802968 0.266178
27.368343 -45.077353 11.908678 0.800997
31.331191 -45.077353 12.903249 0.885729
35.294039 -45.077353 13.016082 -1.916329
39.256887 -45.077353 10.218434 -0.471186
43.219735 -45.077353 11.061237 1.759351
47.182583 -45.077353 11.795242 0.852632
51.145431 -45.077353 12.404722 0.877605
55.108279 -45.077353 11.314865 0.326848
59.071127 -45.077353 10.603547 0.476250
63.033975 -45.077353 12.170050 1.564472
66.996822 -45.077353 10.013056 -0.534524
-131.145575 -49.040201 7.354988 12.986886
-127.182727 -49.040201 18.251469 -0.794788
-123.219879 -49.040201 0.510307 -4.295768
-119.257031 -49.040201 0.616136 10.244963
-115.294183 -49.040201 8.135580 0.207072
-111.331335 -49.040201 10.225444 11.568386
-107.368487 -49.040201 11.095906 -0.273172
-103.405639 -49.040201 10.657554 -1.557654
-99.442791 -49.040201 7.414639 0.274213
-95.479943 -49.040201 10.744129 -2.403390
-91.517095 -49.040201 11.755427 0.292056
-87.554247 -49.040201 11.826616 -0.279301
-83.591400 -49.040201 11.899189 0.409568
-79.628552 -49.040201 11.446095 -0.525736
-75.665704 -49.040201 12.149950 -0.668002
-71.702856 -49.040201 13.343121 -0.596552
-67.740008 -49.040201 12.055484 -0.402627
-63.777160 -49.040201 11.188424 -2.108406
-59.814312 -49.040201 10.940302 0.226579
-55.851464 -49.040201 9.931332 0.121212
-51.888616 -49.040201 12.467738 0.268755
-47.925768 -49.040201 11.016523 -0.335197
-43.962920 -49.040201 11.946716 -0.680682
-40.000072 -49.040201 11.719296 -0.477899
-36.037224 -49.040201 12.043379 0.193040
-32.074376 -49.040201 12.341577 -0.342307
-28.111528 -49.040201 12.025827 0.534348
-24.148680 -49.040201 11.200128 0.312979
-20.185832 -49.040201 12.875616 0.191125
-16.222984 -49.040201 12.144930 0.817135
-12.260136 -49.040201 12.630239 0.516604
-8.297289 -49.040201 0.268543 -4.626285
-4.334441 -49.040201 13.015786 -0.863197
-0.371593 -49.040201 11.653419 0.140554
3.591255 -49.040201 12.099200 0.230518
7.554103 -49.040201 11.476377 0.417939
11.516951 -49.040201 12.468415 -0.020818
15.479799 -49.040201 12.651695 0.183188
19.442647 -49.040201 12.209125 0.432714
23.405495 -49.040201 12.184084 -0.473358
27.368343 -49.040201 11.070474 0.204352
31.331191 -49.040201 11.437353 1.143352
35.294039 -49.040201 11.554956 1.045733
39.256887 -49.040201 11.644193 -0.581264
43.219735 -49.040201 11.579596 0.452090
47.182583 -49.040201 12.978466 0.331592
51.145431 -49.040201 10.399726 -0.216108
55.108279 -49.040201 11.605162 1.302494
59.071127 -49.040201 11.680616 1.182249
63.033975 -49.040201 10.179179 -0.113533
66.996822 -49.040201 -3.878863 1.440446
-131.145575 -53.003049 0.000000 0.000000
-127.182727 -53.003049 0.000000 0.000000
-123.219879 -53.003049 0.000000 0.000000
-119.257031 -53.003049 0.000000 0.000000
-115.294183 -53.003049 0.000000 0.000000
-111.331335 -53.003049 0.000000 0.000000
-107.368487 -53.003049 0.000000 0.000000
-103.405639 -53.003049 0.000000 0.000000
-99.442791 -53.003049 0.000000 0.000000
-95.479943 -53.003049 0.000000 0.000000
-91.517095 -53.003049 0.000000 0.000000
-87.554247 -53.003049 0.000000 0.000000
-83.591400 -53.003049 0.000000 0.000000
-79.628552 -53.003049 0.000000 0.000000
-75.665704 -53.003049 0.000000 0.000000
-71.702856 -53.003049 0.000000 0.000000
-67.740008 -53.003049 0.000000 0.000000
-63.777160 -53.003049 0.000000 0.000000
-59.814312 -53.003049 0.000000 0.000000
-55.851464 -53.003049 0.000000 0.000000
-51.888616 -53.003049 0.000000 0.000000
-47.925768 -53.003049 0.000000 0.000000
-43.962920 -53.003049 0.000000 0.000000
-40.000072 -53.003049 0.000000 0.000000
-36.037224 -53.003049 0.000000 0.000000
-32.074376 -53.003049 0.000000 0.000000
-28.111528 -53.003049 0.000000 0.000000
-24.148680 -53.003049 0.000000 0.000000
-20.185832 -53.003049 0.000000 0.000000
-16.222984 -53.003049 0.000000 0.000000
-12.260136 -53.003049 0.000000 0.000000
-8.297289 -53.003049 0.000000 0.000000
-4.334441 -53.003049 0.000000 0.000000
-0.371593 -53.003049 0.000000 0.000000
3.591255 -53.003049 0.000000 0.000000
7.554103 -53.003049 0.000000 0.000000
11.516951 -53.003049 0.000000 0.000000
15.479799 -53.003049 0.000000 0.000000
19.442647 -53.003049 0.000000 0.000000
23.405495 -53.003049 0.000000 0.000000
27.368343 -53.003049 0.000000 0.000000
31.331191 -53.003049 0.000000 0.000000
35.294039 -53.003049 0.000000 0.000000
39.256887 -53.003049 0.000000 0.000000
43.219735 -53.003049 0.000000 0.000000
47.182583 -53.003049 0.000000 0.000000
51.145431 -53.003049 0.000000 0.000000
55.108279 -53.003049 0.000000 0.000000
59.071127 -53.003049 0.000000 0.000000
63.033975 -53.003049 0.000000 0.000000
66.996822 -53.003049 0.000000 0.000000
