TITLE = "B00014"
VARIABLES = "position", "position(2)", "Vx", "Vy"
ZONE T="Frame 0", I=51, J=39
-131.145575 97.585173 11.369538 0.381279
-127.182727 97.585173 11.195450 0.401916
-123.219879 97.585173 11.106032 0.425187
-119.257031 97.585173 11.544284 0.346530
-115.294183 97.585173 11.112443 0.304728
-111.331335 97.585173 0.000000 0.000000
-107.368487 97.585173 0.000000 0.000000
-103.405639 97.585173 0.000000 0.000000
-99.442791 97.585173 0.000000 0.000000
-95.479943 97.585173 0.000000 0.000000
-91.517095 97.585173 0.000000 0.000000
-87.554247 97.585173 11.286501 0.217534
-83.591400 97.585173 11.450082 0.281764
-79.628552 97.585173 11.507908 0.410986
-75.665704 97.585173 11.389889 0.235861
-71.702856 97.585173 11.531360 0.281739
-67.740008 97.585173 11.264298 0.155735
-63.777160 97.585173 11.393887 0.060914
-59.814312 97.585173 11.549389 -0.036550
-55.851464 97.585173 11.289661 -0.014774
-51.888616 97.585173 11.383326 0.067857
-47.925768 97.585173 11.387765 0.073068
-43.962920 97.585173 11.231483 -0.151153
-40.000072 97.585173 11.127122 0.298716
-36.037224 97.585173 11.305698 0.224326
-32.074376 97.585173 11.577755 -0.249588
-28.111528 97.585173 11.190571 -0.204760
-24.148680 97.585173 11.458035 -0.061145
-20.185832 97.585173 11.233155 -0.268985
-16.222984 97.585173 11.393354 -0.080827
-12.260136 97.585173 0.000000 0.000000
-8.297289 97.585173 0.000000 0.000000
-4.334441 97.585173 0.000000 0.000000
-0.371593 97.585173 11.161381 -0.021194
3.591255 97.585173 11.063554 0.066330
7.554103 97.585173 11.030760 0.049488
11.516951 97.585173 11.157088 -0.163663
15.479799 97.585173 11.224698 -0.116917
19.442647 97.585173 11.218533 -0.107751
23.405495 97.585173 11.064508 -0.069355
27.368343 97.585173 10.939487 -0.156174
31.331191 97.585173 11.041686 -0.102749
35.294039 97.585173 11.085547 0.074749
39.256887 97.585173 11.082964 0.050813
43.219735 97.585173 10.968116 0.039499
47.182583 97.585173 10.913218 0.060604
51.145431 97.585173 11.144929 0.029048
55.108279 97.585173 11.051701 -0.019835
59.071127 97.585173 10.891191 -0.147129
63.033975 97.585173 10.902143 -0.018467
66.996822 97.585173 10.938549 0.019578
-131.145575 93.622325 -10.864767 -2.088275
-127.182727 93.622325 10.731264 -0.210767
-123.219879 93.622325 10.875793 0.536995
-119.257031 93.622325 11.505766 0.279924
-115.294183 93.622325 10.954011 0.528827
-111.331335 93.622325 0.000000 0.000000
-107.368487 93.622325 0.000000 0.000000
-103.405639 93.622325 0.000000 0.000000
-99.442791 93.622325 0.000000 0.000000
-95.479943 93.622325 0.000000 0.000000
-91.517095 93.622325 0.000000 0.000000
-87.554247 93.622325 11.338854 0.329686
-83.591400 93.622325 11.421181 0.190170
-79.628552 93.622325 11.426630 0.199893
-75.665704 93.622325 11.215004 0.246458
-71.702856 93.622325 11.500251 0.190591
-67.740008 93.622325 11.431292 0.216053
-63.777160 93.622325 11.452952 0.134519
-59.814312 93.622325 11.563884 0.039564
-55.851464 93.622325 11.475406 0.172186
-51.888616 93.622325 11.235544 0.015630
-47.925768 93.622325 11.529818 0.052988
-43.962920 93.622325 11.427107 0.166264
-40.000072 93.622325 11.389387 0.155423
-36.037224 93.622325 11.656336 -0.079983
-32.074376 93.622325 11.480540 -0.125035
-28.111528 93.622325 11.116721 0.182348
-24.148680 93.622325 11.407987 -0.126460
-20.185832 93.622325 11.183687 0.023336
-16.222984 93.622325 11.338731 -0.130378
-12.260136 93.622325 0.000000 0.000000
-8.297289 93.622325 0.000000 0.000000
-4.334441 93.622325 0.000000 0.000000
-0.371593 93.622325 11.193801 -0.062002
3.591255 93.622325 11.088208 -0.136785
7.554103 93.622325 11.002281 0.090554
11.516951 93.622325 11.099973 0.210648
15.479799 93.622325 10.995316 -0.181760
19.442647 93.622325 11.081609 0.026831
23.405495 93.622325 11.151742 0.057853
27.368343 93.622325 11.055733 0.103973
31.331191 93.622325 11.049736 -0.041127
35.294039 93.622325 11.041199 0.167800
39.256887 93.622325 10.946635 0.241912
43.219735 93.622325 10.902808 0.141670
47.182583 93.622325 11.083016 -0.033743
51.145431 93.622325 10.808990 -0.081489
55.108279 93.622325 11.125726 0.024572
59.071127 93.622325 11.085008 -0.054617
63.033975 93.622325 11.052404 0.201972
66.996822 93.622325 11.048396 0.097244
-131.145575 89.659477 11.410332 0.762631
-127.182727 89.659477 11.436064 0.537650
-123.219879 89.659477 10.907825 0.310637
-119.257031 89.659477 11.281650 0.431772
-115.294183 89.659477 11.314831 0.669479
-111.331335 89.659477 0.000000 0.000000
-107.368487 89.659477 0.000000 0.000000
-103.405639 89.659477 0.000000 0.000000
-99.442791 89.659477 0.000000 0.000000
-95.479943 89.659477 0.000000 0.000000
-91.517095 89.659477 0.000000 0.000000
-87.554247 89.659477 11.268528 0.513646
-83.591400 89.659477 11.309025 0.417105
-79.628552 89.659477 11.463948 0.409656
-75.665704 89.659477 11.576385 0.330333
-71.702856 89.659477 11.435989 0.308955
-67.740008 89.659477 11.549047 0.255834
-63.777160 89.659477 11.444087 -0.023329
-59.814312 89.659477 11.625745 0.041886
-55.851464 89.659477 11.490229 -0.024925
-51.888616 89.659477 11.433461 0.153054
-47.925768 89.659477 11.549408 0.043846
-43.962920 89.659477 11.581645 -0.108950
-40.000072 89.659477 11.346926 -0.044906
-36.037224 89.659477 11.168768 -0.122497
-32.074376 89.659477 11.425808 -0.128016
-28.111528 89.659477 11.286342 -0.040978
-24.148680 89.659477 11.236095 -0.118227
-20.185832 89.659477 11.212468 -0.159305
-16.222984 89.659477 11.234040 -0.364358
-12.260136 89.659477 0.000000 0.000000
-8.297289 89.659477 0.000000 0.000000
-4.334441 89.659477 0.000000 0.000000
-0.371593 89.659477 11.207525 -0.078442
3.591255 89.659477 11.104625 0.092585
7.554103 89.659477 11.020227 -0.177768
11.516951 89.659477 11.162333 -0.141540
15.479799 89.659477 10.972285 0.073503
19.442647 89.659477 10.892897 -0.062202
23.405495 89.659477 10.983064 -0.169841
27.368343 89.659477 10.912998 -0.330039
31.331191 89.659477 11.031900 -0.175280
35.294039 89.659477 10.918152 -0.258575
39.256887 89.659477 11.047822 -0.134244
43.219735 89.659477 10.942022 0.094692
47.182583 89.659477 10.992681 0.105182
51.145431 89.659477 10.968308 0.014205
55.108279 89.659477 10.918111 0.068121
59.071127 89.659477 10.945491 -0.125708
63.033975 89.659477 10.804431 -0.025299
66.996822 89.659477 10.817683 0.107978
-131.145575 85.696629 11.336258 0.703811
-127.182727 85.696629 11.243719 0.400524
-123.219879 85.696629 11.240460 0.507499
-119.257031 85.696629 11.168103 0.490984
-115.294183 85.696629 11.144326 0.528489
-111.331335 85.696629 0.000000 0.000000
-107.368487 85.696629 0.000000 0.000000
-103.405639 85.696629 0.000000 0.000000
-99.442791 85.696629 0.000000 0.000000
-95.479943 85.696629 0.000000 0.000000
-91.517095 85.696629 0.000000 0.000000
-87.554247 85.696629 11.378279 0.366610
-83.591400 85.696629 11.639883 0.450504
-79.628552 85.696629 11.594667 0.391047
-75.665704 85.696629 11.539634 0.272448
-71.702856 85.696629 11.650535 0.283025
-67.740008 85.696629 11.498785 0.224396
-63.777160 85.696629 11.268168 0.157010
-59.814312 85.696629 11.486286 -0.003438
-55.851464 85.696629 11.484907 -0.076436
-51.888616 85.696629 11.538101 0.144747
-47.925768 85.696629 11.520608 0.026898
-43.962920 85.696629 11.451581 -0.145030
-40.000072 85.696629 11.304865 -0.071812
-36.037224 85.696629 11.278685 -0.089027
-32.074376 85.696629 11.372399 -0.015376
-28.111528 85.696629 11.245294 -0.266209
-24.148680 85.696629 11.330353 -0.123607
-20.185832 85.696629 11.076904 -0.138856
-16.222984 85.696629 11.236115 -0.225849
-12.260136 85.696629 0.000000 0.000000
-8.297289 85.696629 0.000000 0.000000
-4.334441 85.696629 0.000000 0.000000
-0.371593 85.696629 11.173986 -0.205363
3.591255 85.696629 10.927867 -0.065138
7.554103 85.696629 11.243216 -0.157280
11.516951 85.696629 11.114870 0.007965
15.479799 85.696629 11.104661 0.000889
19.442647 85.696629 11.123998 -0.127386
23.405495 85.696629 11.116724 -0.116166
27.368343 85.696629 11.052155 -0.052893
31.331191 85.696629 10.971640 -0.075744
35.294039 85.696629 11.024925 0.222780
39.256887 85.696629 11.084653 0.098878
43.219735 85.696629 11.203591 -0.212476
47.182583 85.696629 11.013486 0.118185
51.145431 85.696629 10.913222 -0.106161
55.108279 85.696629 10.935884 -0.143847
59.071127 85.696629 10.938328 -0.128625
63.033975 85.696629 10.954630 -0.047312
66.996822 85.696629 10.866138 -0.036674
-131.145575 81.733781 17.814623 8.551935
-127.182727 81.733781 10.948033 0.306155
-123.219879 81.733781 11.053746 0.542590
-119.257031 81.733781 11.277902 0.862403
-115.294183 81.733781 11.051707 0.519933
-111.331335 81.733781 0.000000 0.000000
-107.368487 81.733781 0.000000 0.000000
-103.405639 81.733781 0.000000 0.000000
-99.442791 81.733781 0.000000 0.000000
-95.479943 81.733781 0.000000 0.000000
-91.517095 81.733781 0.000000 0.000000
-87.554247 81.733781 11.431041 0.394882
-83.591400 81.733781 11.530025 0.468911
-79.628552 81.733781 11.617430 0.456485
-75.665704 81.733781 11.457833 0.193269
-71.702856 81.733781 11.619565 0.184644
-67.740008 81.733781 11.548439 0.126204
-63.777160 81.733781 11.647000 -0.028044
-59.814312 81.733781 11.592878 0.065672
-55.851464 81.733781 11.578581 0.082568
-51.888616 81.733781 11.682289 0.056447
-47.925768 81.733781 11.450241 -0.165941
-43.962920 81.733781 11.465912 -0.118706
-40.000072 81.733781 11.373496 -0.149254
-36.037224 81.733781 11.488614 0.012854
-32.074376 81.733781 11.405605 -0.223518
-28.111528 81.733781 11.448281 -0.137305
-24.148680 81.733781 11.384473 -0.099287
-20.185832 81.733781 11.298967 -0.147219
-16.222984 81.733781 11.310929 -0.171926
-12.260136 81.733781 0.000000 0.000000
-8.297289 81.733781 0.000000 0.000000
-4.334441 81.733781 0.000000 0.000000
-0.371593 81.733781 11.213394 -0.316560
3.591255 81.733781 11.047868 -0.208952
7.554103 81.733781 11.100643 -0.112957
11.516951 81.733781 11.064477 -0.170627
15.479799 81.733781 11.113301 -0.177279
19.442647 81.733781 11.090370 0.138509
23.405495 81.733781 11.012553 0.029140
27.368343 81.733781 11.086010 -0.175298
31.331191 81.733781 10.955404 -0.220595
35.294039 81.733781 10.900509 0.137887
39.256887 81.733781 10.971681 0.039110
43.219735 81.733781 11.018991 0.115126
47.182583 81.733781 11.021698 -0.153355
51.145431 81.733781 11.022165 0.080186
55.108279 81.733781 10.971083 -0.172638
59.071127 81.733781 10.960538 0.052859
63.033975 81.733781 11.086572 0.133898
66.996822 81.733781 10.883805 0.016414
-131.145575 77.770933 0.710415 3.029116
-127.182727 77.770933 11.272244 0.653268
-123.219879 77.770933 11.292693 0.690241
-119.257031 77.770933 11.587500 0.674372
-115.294183 77.770933 11.111428 0.366681
-111.331335 77.770933 0.000000 0.000000
-107.368487 77.770933 0.000000 0.000000
-103.405639 77.770933 0.000000 0.000000
-99.442791 77.770933 0.000000 0.000000
-95.479943 77.770933 0.000000 0.000000
-91.517095 77.770933 11.437086 0.332540
-87.554247 77.770933 11.712969 0.491101
-83.591400 77.770933 11.608974 0.283178
-79.628552 77.770933 11.635446 0.276876
-75.665704 77.770933 11.672465 0.310910
-71.702856 77.770933 11.710870 0.304774
-67.740008 77.770933 11.751697 0.166378
-63.777160 77.770933 11.672202 0.255073
-59.814312 77.770933 11.568673 -0.100239
-55.851464 77.770933 11.649361 0.026421
-51.888616 77.770933 11.668121 0.104937
-47.925768 77.770933 11.564590 -0.039358
-43.962920 77.770933 11.350508 -0.102667
-40.000072 77.770933 11.464454 -0.109091
-36.037224 77.770933 11.485252 -0.077578
-32.074376 77.770933 11.352597 -0.259800
-28.111528 77.770933 11.300102 -0.265132
-24.148680 77.770933 11.316101 -0.250470
-20.185832 77.770933 11.328077 -0.221635
-16.222984 77.770933 11.200805 -0.235989
-12.260136 77.770933 0.000000 0.000000
-8.297289 77.770933 0.000000 0.000000
-4.334441 77.770933 0.000000 0.000000
-0.371593 77.770933 11.030401 -0.368258
3.591255 77.770933 11.027723 -0.205392
7.554103 77.770933 11.017856 -0.102403
11.516951 77.770933 11.031425 -0.216807
15.479799 77.770933 11.042216 -0.113260
19.442647 77.770933 11.105555 -0.077239
23.405495 77.770933 11.055078 -0.170794
27.368343 77.770933 11.035913 -0.133544
31.331191 77.770933 10.933392 -0.320445
35.294039 77.770933 10.897705 0.036262
39.256887 77.770933 10.947899 0.001997
43.219735 77.770933 10.920092 -0.070057
47.182583 77.770933 10.952560 -0.004490
51.145431 77.770933 11.085641 0.194323
55.108279 77.770933 10.731953 0.033265
59.071127 77.770933 10.918190 0.016128
63.033975 77.770933 10.945753 -0.149692
66.996822 77.770933 10.924693 -0.278042
-131.145575 73.808085 -5.250226 15.051905
-127.182727 73.808085 11.166652 0.741205
-123.219879 73.808085 10.630979 0.299170
-119.257031 73.808085 11.059329 0.688585
-115.294183 73.808085 11.275966 0.820957
-111.331335 73.808085 0.000000 0.000000
-107.368487 73.808085 0.000000 0.000000
-103.405639 73.808085 0.000000 0.000000
-99.442791 73.808085 0.000000 0.000000
-95.479943 73.808085 0.000000 0.000000
-91.517095 73.808085 11.797352 0.568580
-87.554247 73.808085 11.676188 0.486844
-83.591400 73.808085 11.555373 0.299328
-79.628552 73.808085 11.761979 0.314920
-75.665704 73.808085 11.722087 0.378302
-71.702856 73.808085 11.588781 0.268538
-67.740008 73.808085 11.615072 -0.053770
-63.777160 73.808085 11.576578 0.057473
-59.814312 73.808085 11.735729 0.225045
-55.851464 73.808085 11.721593 0.024709
-51.888616 73.808085 11.608938 -0.018051
-47.925768 73.808085 11.480725 -0.191703
-43.962920 73.808085 11.585183 -0.190493
-40.000072 73.808085 11.553308 -0.163049
-36.037224 73.808085 11.458894 -0.173781
-32.074376 73.808085 11.500010 -0.245869
-28.111528 73.808085 11.430735 -0.268145
-24.148680 73.808085 11.256161 -0.152504
-20.185832 73.808085 11.246694 -0.337669
-16.222984 73.808085 11.205455 -0.365049
-12.260136 73.808085 0.000000 0.000000
-8.297289 73.808085 0.000000 0.000000
-4.334441 73.808085 0.000000 0.000000
-0.371593 73.808085 11.112574 -0.282364
3.591255 73.808085 11.048820 -0.371112
7.554103 73.808085 11.022932 -0.192253
11.516951 73.808085 11.065675 -0.190896
15.479799 73.808085 10.988629 -0.160353
19.442647 73.808085 10.924343 -0.176078
23.405495 73.808085 11.042830 -0.149479
27.368343 73.808085 10.977783 -0.134400
31.331191 73.808085 10.772127 0.019629
35.294039 73.808085 10.944975 -0.059005
39.256887 73.808085 11.008788 -0.128720
43.219735 73.808085 10.966072 -0.143344
47.182583 73.808085 10.918446 0.091796
51.145431 73.808085 10.942480 -0.195731
55.108279 73.808085 10.945515 -0.041788
59.071127 73.808085 10.818563 -0.175499
63.033975 73.808085 11.008400 -0.174987
66.996822 73.808085 10.939082 -0.080665
-131.145575 69.845237 10.970121 0.593923
-127.182727 69.845237 10.336418 0.550002
-123.219879 69.845237 11.446958 0.763324
-119.257031 69.845237 11.158652 0.758170
-115.294183 69.845237 11.154092 0.854654
-111.331335 69.845237 0.000000 0.000000
-107.368487 69.845237 0.000000 0.000000
-103.405639 69.845237 0.000000 0.000000
-99.442791 69.845237 0.000000 0.000000
-95.479943 69.845237 0.000000 0.000000
-91.517095 69.845237 11.685740 0.746897
-87.554247 69.845237 11.628909 0.600476
-83.591400 69.845237 11.701255 0.516993
-79.628552 69.845237 11.879712 0.427179
-75.665704 69.845237 11.685196 0.359222
-71.702856 69.845237 11.679624 0.132914
-67.740008 69.845237 11.769060 -0.014736
-63.777160 69.845237 11.811293 0.172233
-59.814312 69.845237 11.720906 -0.054618
-55.851464 69.845237 11.830008 -0.014090
-51.888616 69.845237 11.771484 -0.310234
-47.925768 69.845237 11.595419 -0.184557
-43.962920 69.845237 11.666526 -0.159471
-40.000072 69.845237 11.580340 -0.219679
-36.037224 69.845237 11.470171 -0.208732
-32.074376 69.845237 11.364349 -0.242211
-28.111528 69.845237 11.449848 -0.271892
-24.148680 69.845237 11.227166 -0.352486
-20.185832 69.845237 11.347319 -0.359687
-16.222984 69.845237 11.369064 -0.300999
-12.260136 69.845237 0.000000 0.000000
-8.297289 69.845237 0.000000 0.000000
-4.334441 69.845237 0.000000 0.000000
-0.371593 69.845237 11.021256 -0.397444
3.591255 69.845237 10.970945 -0.151224
7.554103 69.845237 11.040831 -0.304206
11.516951 69.845237 11.086177 -0.150503
15.479799 69.845237 10.816297 -0.130463
19.442647 69.845237 10.880327 -0.142754
23.405495 69.845237 10.859698 -0.012890
27.368343 69.845237 10.952982 -0.038188
31.331191 69.845237 10.965676 -0.234349
35.294039 69.845237 10.998234 -0.206795
39.256887 69.845237 10.766885 -0.136019
43.219735 69.845237 10.943768 -0.310568
47.182583 69.845237 11.133649 -0.040635
51.145431 69.845237 10.773207 -0.176038
55.108279 69.845237 10.930150 0.136191
59.071127 69.845237 10.935845 0.013818
63.033975 69.845237 10.893263 0.243126
66.996822 69.845237 11.074572 -0.093717
-131.145575 65.882389 16.236143 -16.542910
-127.182727 65.882389 10.654047 0.827192
-123.219879 65.882389 10.822482 0.926443
-119.257031 65.882389 11.391224 0.852941
-115.294183 65.882389 11.070461 1.174312
-111.331335 65.882389 0.000000 0.000000
-107.368487 65.882389 0.000000 0.000000
-103.405639 65.882389 0.000000 0.000000
-99.442791 65.882389 0.000000 0.000000
-95.479943 65.882389 0.000000 0.000000
-91.517095 65.882389 11.819545 0.604119
-87.554247 65.882389 11.685820 0.528472
-83.591400 65.882389 11.972444 0.441090
-79.628552 65.882389 12.015573 0.331233
-75.665704 65.882389 11.938796 0.181822
-71.702856 65.882389 11.818508 0.048695
-67.740008 65.882389 11.923036 0.157972
-63.777160 65.882389 11.906341 -0.123666
-59.814312 65.882389 11.657736 -0.244616
-55.851464 65.882389 11.802367 -0.354809
-51.888616 65.882389 11.702866 -0.206015
-47.925768 65.882389 11.744534 -0.270490
-43.962920 65.882389 11.622541 -0.177620
-40.000072 65.882389 11.408681 -0.246547
-36.037224 65.882389 11.673308 -0.292026
-32.074376 65.882389 11.448156 -0.242467
-28.111528 65.882389 11.329854 -0.279114
-24.148680 65.882389 11.324045 -0.366664
-20.185832 65.882389 11.128527 -0.371934
-16.222984 65.882389 11.278381 -0.357294
-12.260136 65.882389 0.000000 0.000000
-8.297289 65.882389 0.000000 0.000000
-4.334441 65.882389 11.239455 -0.286731
-0.371593 65.882389 10.916161 -0.419379
3.591255 65.882389 11.024614 -0.250426
7.554103 65.882389 10.978036 -0.172156
11.516951 65.882389 10.926172 -0.339913
15.479799 65.882389 10.935110 -0.202001
19.442647 65.882389 10.908829 -0.057937
23.405495 65.882389 10.893247 -0.284757
27.368343 65.882389 10.832376 -0.222906
31.331191 65.882389 10.973599 -0.178952
35.294039 65.882389 10.913068 -0.107612
39.256887 65.882389 10.858829 -0.125119
43.219735 65.882389 10.890738 0.026468
47.182583 65.882389 10.978304 -0.181117
51.145431 65.882389 10.919906 -0.302811
55.108279 65.882389 10.842939 -0.304083
59.071127 65.882389 10.772058 -0.111169
63.033975 65.882389 10.851216 0.124383
66.996822 65.882389 11.234558 0.031297
-131.145575 61.919541 1.550136 9.017798
-127.182727 61.919541 -5.270442 -8.207137
-123.219879 61.919541 11.316627 0.718678
-119.257031 61.919541 11.165488 0.874570
-115.294183 61.919541 11.152993 0.802897
-111.331335 61.919541 0.000000 0.000000
-107.368487 61.919541 0.000000 0.000000
-103.405639 61.919541 0.000000 0.000000
-99.442791 61.919541 0.000000 0.000000
-95.479943 61.919541 0.000000 0.000000
-91.517095 61.919541 11.866384 0.767218
-87.554247 61.919541 11.848166 0.416113
-83.591400 61.919541 11.937649 0.540807
-79.628552 61.919541 11.918552 0.385751
-75.665704 61.919541 11.811233 0.062042
-71.702856 61.919541 11.923761 0.139959
-67.740008 61.919541 11.924487 0.186853
-63.777160 61.919541 11.950727 -0.086735
-59.814312 61.919541 11.877047 0.047826
-55.851464 61.919541 11.885036 -0.021198
-51.888616 61.919541 11.761118 -0.374856
-47.925768 61.919541 11.739127 -0.168170
-43.962920 61.919541 11.638049 -0.258763
-40.000072 61.919541 11.745201 -0.273062
-36.037224 61.919541 11.519456 -0.281557
-32.074376 61.919541 11.498346 -0.293768
-28.111528 61.919541 11.290135 -0.376582
-24.148680 61.919541 11.457059 -0.430364
-20.185832 61.919541 11.333359 -0.390375
-16.222984 61.919541 11.225208 -0.407510
-12.260136 61.919541 0.000000 0.000000
-8.297289 61.919541 0.000000 0.000000
-4.334441 61.919541 11.039570 -0.249578
-0.371593 61.919541 11.129284 -0.496535
3.591255 61.919541 10.943329 -0.236073
7.554103 61.919541 11.022688 -0.320044
11.516951 61.919541 10.820050 -0.191508
15.479799 61.919541 10.885037 -0.292647
19.442647 61.919541 10.915924 -0.305186
23.405495 61.919541 11.182159 -0.166836
27.368343 61.919541 10.904784 -0.229418
31.331191 61.919541 10.876104 -0.366642
35.294039 61.919541 10.857936 0.010474
39.256887 61.919541 10.992731 -0.073956
43.219735 61.919541 10.965421 -0.394295
47.182583 61.919541 11.065222 -0.098742
51.145431 61.919541 10.851674 -0.362440
55.108279 61.919541 11.255337 -0.086068
59.071127 61.919541 10.839824 -0.085116
63.033975 61.919541 10.837768 -0.156247
66.996822 61.919541 10.882707 -0.026391
-131.145575 57.956694 11.655241 1.178710
-127.182727 57.956694 10.432934 -0.080330
-123.219879 57.956694 10.763180 0.964432
-119.257031 57.956694 10.903823 1.005961
-115.294183 57.956694 11.198565 1.000397
-111.331335 57.956694 0.000000 0.000000
-107.368487 57.956694 0.000000 0.000000
-103.405639 57.956694 0.000000 0.000000
-99.442791 57.956694 0.000000 0.000000
-95.479943 57.956694 11.754271 1.039545
-91.517095 57.956694 11.877916 0.770281
-87.554247 57.956694 11.770422 0.633567
-83.591400 57.956694 11.989429 0.597244
-79.628552 57.956694 12.186154 0.502953
-75.665704 57.956694 12.279976 0.148969
-71.702856 57.956694 11.965338 -0.033529
-67.740008 57.956694 11.957772 0.133403
-63.777160 57.956694 12.049058 -0.111254
-59.814312 57.956694 11.909483 -0.105255
-55.851464 57.956694 11.911363 -0.045939
-51.888616 57.956694 11.901790 -0.242277
-47.925768 57.956694 11.773973 -0.246803
-43.962920 57.956694 11.699776 -0.423511
-40.000072 57.956694 11.639503 -0.337541
-36.037224 57.956694 11.599237 -0.472512
-32.074376 57.956694 11.535860 -0.488567
-28.111528 57.956694 11.535417 -0.583622
-24.148680 57.956694 11.312609 -0.496020
-20.185832 57.956694 11.046540 -0.513224
-16.222984 57.956694 11.360712 -0.572889
-12.260136 57.956694 0.000000 0.000000
-8.297289 57.956694 0.000000 0.000000
-4.334441 57.956694 11.101472 -0.462144
-0.371593 57.956694 11.007798 -0.400786
3.591255 57.956694 10.822161 -0.447297
7.554103 57.956694 10.935855 -0.218815
11.516951 57.956694 10.972825 -0.258439
15.479799 57.956694 10.954216 -0.327566
19.442647 57.956694 10.834275 -0.224284
23.405495 57.956694 10.898693 0.068861
27.368343 57.956694 10.878118 -0.257746
31.331191 57.956694 10.841465 -0.149705
35.294039 57.956694 10.842731 -0.184798
39.256887 57.956694 11.031260 0.135965
43.219735 57.956694 11.003987 -0.116823
47.182583 57.956694 10.733098 -0.045887
51.145431 57.956694 10.810686 0.134660
55.108279 57.956694 10.969692 -0.073092
59.071127 57.956694 10.869773 -0.224631
63.033975 57.956694 10.943895 0.149293
66.996822 57.956694 10.899523 -0.380894
-131.145575 53.993846 -3.023934 -12.216131
-127.182727 53.993846 10.774610 1.377391
-123.219879 53.993846 10.804478 0.972059
-119.257031 53.993846 10.990345 0.769701
-115.294183 53.993846 10.967573 1.276110
-111.331335 53.993846 0.000000 0.000000
-107.368487 53.993846 0.000000 0.000000
-103.405639 53.993846 0.000000 0.000000
-99.442791 53.993846 0.000000 0.000000
-95.479943 53.993846 11.869172 1.304176
-91.517095 53.993846 12.261448 0.781497
-87.554247 53.993846 12.037000 0.637834
-83.591400 53.993846 12.260053 0.393211
-79.628552 53.993846 12.218020 0.458143
-75.665704 53.993846 12.122832 0.143743
-71.702856 53.993846 12.251419 0.157263
-67.740008 53.993846 12.085395 -0.140135
-63.777160 53.993846 12.076599 0.075677
-59.814312 53.993846 11.944142 -0.355072
-55.851464 53.993846 11.989288 -0.309494
-51.888616 53.993846 11.795387 -0.246195
-47.925768 53.993846 11.733234 -0.306033
-43.962920 53.993846 11.831743 -0.230721
-40.000072 53.993846 11.648763 -0.454383
-36.037224 53.993846 11.579659 -0.574964
-32.074376 53.993846 11.471634 -0.587265
-28.111528 53.993846 11.395485 -0.530644
-24.148680 53.993846 11.416440 -0.576415
-20.185832 53.993846 11.290167 -0.537596
-16.222984 53.993846 11.282517 -0.570419
-12.260136 53.993846 11.149329 -0.662240
-8.297289 53.993846 0.000000 0.000000
-4.334441 53.993846 10.814043 -0.610011
-0.371593 53.993846 11.051775 -0.438290
3.591255 53.993846 10.887206 -0.204073
7.554103 53.993846 11.019135 -0.254360
11.516951 53.993846 10.891535 -0.343886
15.479799 53.993846 10.670297 -0.129273
19.442647 53.993846 10.745663 -0.267466
23.405495 53.993846 10.900395 -0.327802
27.368343 53.993846 10.763563 -0.095741
31.331191 53.993846 10.833569 -0.132322
35.294039 53.993846 10.815425 -0.047091
39.256887 53.993846 10.830609 0.223341
43.219735 53.993846 10.894547 -0.286136
47.182583 53.993846 10.854912 -0.106654
51.145431 53.993846 10.827430 -0.341960
55.108279 53.993846 10.792183 -0.279819
59.071127 53.993846 10.741792 -0.094495
63.033975 53.993846 10.932617 -0.399402
66.996822 53.993846 10.780418 -0.412585
-131.145575 50.030998 5.251238 -10.625710
-127.182727 50.030998 10.517994 0.944162
-123.219879 50.030998 10.782019 1.146736
-119.257031 50.030998 10.945158 0.934415
-115.294183 50.030998 10.884878 1.530434
-111.331335 50.030998 0.000000 0.000000
-107.368487 50.030998 0.000000 0.000000
-103.405639 50.030998 0.000000 0.000000
-99.442791 50.030998 0.000000 0.000000
-95.479943 50.030998 12.096188 1.059678
-91.517095 50.030998 12.038805 1.135689
-87.554247 50.030998 12.288944 0.729959
-83.591400 50.030998 12.139069 0.640689
-79.628552 50.030998 12.421821 0.418610
-75.665704 50.030998 12.319897 0.196748
-71.702856 50.030998 12.298021 0.190769
-67.740008 50.030998 12.332350 -0.040715
-63.777160 50.030998 12.224005 -0.134864
-59.814312 50.030998 12.128550 0.057612
-55.851464 50.030998 12.012964 -0.258716
-51.888616 50.030998 11.932016 -0.483921
-47.925768 50.030998 11.842105 -0.468348
-43.962920 50.030998 11.773992 -0.591516
-40.000072 50.030998 11.645318 -0.685983
-36.037224 50.030998 11.518470 -0.546687
-32.074376 50.030998 11.743104 -0.697850
-28.111528 50.030998 11.448245 -0.616020
-24.148680 50.030998 11.121038 -0.587450
-20.185832 50.030998 11.304785 -0.619518
-16.222984 50.030998 11.374788 -0.572514
-12.260136 50.030998 10.886772 -0.817077
-8.297289 50.030998 0.000000 0.000000
-4.334441 50.030998 10.909735 -0.511634
-0.371593 50.030998 10.987525 -0.450785
3.591255 50.030998 10.825965 -0.423603
7.554103 50.030998 10.733469 -0.454107
11.516951 50.030998 10.607923 -0.098212
15.479799 50.030998 10.771604 -0.184218
19.442647 50.030998 10.844085 -0.560348
23.405495 50.030998 10.895122 -0.283948
27.368343 50.030998 10.741713 -0.306475
31.331191 50.030998 10.848554 0.104878
35.294039 50.030998 10.889393 0.178702
39.256887 50.030998 10.780341 -0.321992
43.219735 50.030998 10.973495 -0.144282
47.182583 50.030998 10.811243 -0.097947
51.145431 50.030998 10.746470 -0.073481
55.108279 50.030998 10.844612 -0.292453
59.071127 50.030998 10.916746 -0.149892
63.033975 50.030998 10.777965 0.150492
66.996822 50.030998 10.837146 -0.130205
-131.145575 46.068150 -5.566346 7.420460
-127.182727 46.068150 10.992254 -16.407778
-123.219879 46.068150 10.731938 0.946898
-119.257031 46.068150 10.563566 0.880006
-115.294183 46.068150 10.336442 1.099402
-111.331335 46.068150 10.885697 1.679102
-107.368487 46.068150 0.000000 0.000000
-103.405639 46.068150 0.000000 0.000000
-99.442791 46.068150 0.000000 0.000000
-95.479943 46.068150 12.178302 1.090706
-91.517095 46.068150 12.716861 1.000541
-87.554247 46.068150 12.537011 0.807069
-83.591400 46.068150 12.521243 0.515916
-79.628552 46.068150 12.464320 0.323071
-75.665704 46.068150 12.511582 0.204999
-71.702856 46.068150 12.463698 -0.000014
-67.740008 46.068150 12.298053 -0.094113
-63.777160 46.068150 12.381138 -0.249057
-59.814312 46.068150 12.177164 -0.206636
-55.851464 46.068150 11.994411 -0.277211
-51.888616 46.068150 12.059330 -0.378621
-47.925768 46.068150 12.136494 -0.364254
-43.962920 46.068150 11.744432 -0.459480
-40.000072 46.068150 11.609533 -0.601650
-36.037224 46.068150 11.859300 -0.557930
-32.074376 46.068150 11.736341 -0.616056
-28.111528 46.068150 11.586408 -0.691867
-24.148680 46.068150 11.473958 -0.820776
-20.185832 46.068150 11.631787 -0.798062
-16.222984 46.068150 11.426679 -0.820154
-12.260136 46.068150 11.052064 -0.740802
-8.297289 46.068150 0.000000 0.000000
-4.334441 46.068150 10.951244 -0.498605
-0.371593 46.068150 10.958070 -0.755460
3.591255 46.068150 10.668930 -0.534514
7.554103 46.068150 10.475453 -0.326577
11.516951 46.068150 10.597021 0.172239
15.479799 46.068150 10.802674 0.084744
19.442647 46.068150 10.950769 -0.319928
23.405495 46.068150 10.923000 -0.483440
27.368343 46.068150 10.764448 -0.338816
31.331191 46.068150 10.586925 -0.098833
35.294039 46.068150 10.779162 -0.079411
39.256887 46.068150 11.414056 -0.290135
43.219735 46.068150 10.838020 -0.381233
47.182583 46.068150 10.768673 0.225292
51.145431 46.068150 10.894476 -0.155587
55.108279 46.068150 10.740791 0.186491
59.071127 46.068150 10.796562 -0.391318
63.033975 46.068150 10.773993 -0.087172
66.996822 46.068150 10.830409 -0.095012
-131.145575 42.105302 -5.421196 -2.203119
-127.182727 42.105302 10.613285 0.395994
-123.219879 42.105302 10.450933 0.951891
-119.257031 42.105302 9.855814 0.704519
-115.294183 42.105302 9.876212 1.459435
-111.331335 42.105302 10.386079 2.045637
-107.368487 42.105302 0.000000 0.000000
-103.405639 42.105302 0.000000 0.000000
-99.442791 42.105302 12.561039 2.146950
-95.479943 42.105302 12.737575 1.740707
-91.517095 42.105302 12.741755 0.974412
-87.554247 42.105302 12.944151 0.830675
-83.591400 42.105302 12.873379 0.642793
-79.628552 42.105302 12.866348 0.217582
-75.665704 42.105302 12.497133 0.129460
-71.702856 42.105302 12.762993 -0.164067
-67.740008 42.105302 12.542612 -0.360281
-63.777160 42.105302 12.149960 -0.469555
-59.814312 42.105302 11.991733 -0.646489
-55.851464 42.105302 12.072581 -0.499397
-51.888616 42.105302 12.013632 -0.533708
-47.925768 42.105302 12.002025 -0.578155
-43.962920 42.105302 12.095959 -0.437303
-40.000072 42.105302 11.657008 -0.381488
-36.037224 42.105302 11.338306 -0.657133
-32.074376 42.105302 11.673311 -0.856899
-28.111528 42.105302 11.558526 -0.756056
-24.148680 42.105302 11.608810 -0.679108
-20.185832 42.105302 11.566152 -0.828757
-16.222984 42.105302 11.304769 -0.826834
-12.260136 42.105302 11.112089 -1.000370
-8.297289 42.105302 0.000000 0.000000
-4.334441 42.105302 10.882309 -0.571720
-0.371593 42.105302 11.048346 -0.739536
3.591255 42.105302 10.506654 -0.704220
7.554103 42.105302 10.196448 -0.653575
11.516951 42.105302 9.739175 0.057228
15.479799 42.105302 10.911179 0.357911
19.442647 42.105302 10.861925 -0.734864
23.405495 42.105302 11.026786 -0.478844
27.368343 42.105302 10.828749 -1.005108
31.331191 42.105302 10.244535 -0.420101
35.294039 42.105302 10.899120 -0.972916
39.256887 42.105302 10.287310 -0.673411
43.219735 42.105302 10.785962 -0.058627
47.182583 42.105302 11.114427 -0.220167
51.145431 42.105302 10.352324 -0.430816
55.108279 42.105302 10.934690 -0.730198
59.071127 42.105302 10.266536 0.317230
63.033975 42.105302 10.290016 0.754933
66.996822 42.105302 10.405674 0.250570
-131.145575 38.142454 15.202927 9.616508
-127.182727 38.142454 9.739778 -0.688785
-123.219879 38.142454 9.943915 0.764792
-119.257031 38.142454 9.782176 0.724546
-115.294183 38.142454 9.672698 1.538842
-111.331335 38.142454 8.958799 2.079065
-107.368487 38.142454 0.000000 0.000000
-103.405639 38.142454 0.000000 0.000000
-99.442791 38.142454 0.000000 0.000000
-95.479943 38.142454 0.000000 0.000000
-91.517095 38.142454 0.000000 0.000000
-87.554247 38.142454 0.000000 0.000000
-83.591400 38.142454 0.000000 0.000000
-79.628552 38.142454 0.000000 0.000000
-75.665704 38.142454 0.000000 0.000000
-71.702856 38.142454 0.000000 0.000000
-67.740008 38.142454 0.000000 0.000000
-63.777160 38.142454 0.000000 0.000000
-59.814312 38.142454 0.000000 0.000000
-55.851464 38.142454 0.000000 0.000000
-51.888616 38.142454 0.000000 0.000000
-47.925768 38.142454 0.000000 0.000000
-43.962920 38.142454 0.000000 0.000000
-40.000072 38.142454 0.000000 0.000000
-36.037224 38.142454 0.000000 0.000000
-32.074376 38.142454 0.000000 0.000000
-28.111528 38.142454 0.000000 0.000000
-24.148680 38.142454 11.579895 -1.352477
-20.185832 38.142454 11.292756 -1.131105
-16.222984 38.142454 11.331828 -0.617491
-12.260136 38.142454 11.634786 -1.788104
-8.297289 38.142454 0.000000 0.000000
-4.334441 38.142454 10.800676 -0.110766
-0.371593 38.142454 11.220865 -0.599642
3.591255 38.142454 10.938951 -1.322325
7.554103 38.142454 9.977813 -1.549994
11.516951 38.142454 8.365037 -0.488614
15.479799 38.142454 6.402646 1.519930
19.442647 38.142454 9.611194 1.217765
23.405495 38.142454 11.750294 -0.607867
27.368343 38.142454 10.541905 -1.619843
31.331191 38.142454 10.423411 -1.210460
35.294039 38.142454 9.705049 -1.429227
39.256887 38.142454 9.265929 1.382187
43.219735 38.142454 10.273509 1.973818
47.182583 38.142454 8.235089 1.608971
51.145431 38.142454 10.491541 -0.951345
55.108279 38.142454 10.413143 -1.059720
59.071127 38.142454 8.520717 -0.429860
63.033975 38.142454 9.261020 1.618958
66.996822 38.142454 9.694914 -0.395825
-131.145575 34.179606 -2.569867 2.257714
-127.182727 34.179606 9.824637 0.730556
-123.219879 34.179606 -7.342540 -12.081871
-119.257031 34.179606 9.727225 -0.203522
-115.294183 34.179606 0.000000 0.000000
-111.331335 34.179606 0.000000 0.000000
-107.368487 34.179606 0.000000 0.000000
-103.405639 34.179606 0.000000 0.000000
-99.442791 34.179606 0.000000 0.000000
-95.479943 34.179606 0.000000 0.000000
-91.517095 34.179606 0.000000 0.000000
-87.554247 34.179606 0.000000 0.000000
-83.591400 34.179606 0.000000 0.000000
-79.628552 34.179606 0.000000 0.000000
-75.665704 34.179606 0.000000 0.000000
-71.702856 34.179606 0.000000 0.000000
-67.740008 34.179606 0.000000 0.000000
-63.777160 34.179606 0.000000 0.000000
-59.814312 34.179606 0.000000 0.000000
-55.851464 34.179606 0.000000 0.000000
-51.888616 34.179606 0.000000 0.000000
-47.925768 34.179606 0.000000 0.000000
-43.962920 34.179606 0.000000 0.000000
-40.000072 34.179606 0.000000 0.000000
-36.037224 34.179606 0.000000 0.000000
-32.074376 34.179606 0.000000 0.000000
-28.111528 34.179606 0.000000 0.000000
-24.148680 34.179606 0.000000 0.000000
-20.185832 34.179606 0.000000 0.000000
-16.222984 34.179606 0.000000 0.000000
-12.260136 34.179606 0.000000 0.000000
-8.297289 34.179606 0.000000 0.000000
-4.334441 34.179606 0.000000 0.000000
-0.371593 34.179606 6.316234 2.633465
3.591255 34.179606 0.789690 -5.562314
7.554103 34.179606 9.288721 -2.758532
11.516951 34.179606 8.899221 -1.031908
15.479799 34.179606 8.682186 2.845446
19.442647 34.179606 9.113494 2.089940
23.405495 34.179606 9.698356 -0.772310
27.368343 34.179606 10.130808 -1.756036
31.331191 34.179606 11.153571 -1.947069
35.294039 34.179606 9.181723 -1.880720
39.256887 34.179606 8.723211 2.069049
43.219735 34.179606 9.909213 1.790233
47.182583 34.179606 9.108774 -0.405029
51.145431 34.179606 10.196554 -1.793968
55.108279 34.179606 10.107913 -1.174430
59.071127 34.179606 10.710364 -1.813742
63.033975 34.179606 9.337964 2.802947
66.996822 34.179606 9.762666 1.277462
-131.145575 30.216758 15.465281 -4.319039
-127.182727 30.216758 9.731988 1.119274
-123.219879 30.216758 0.000000 0.000000
-119.257031 30.216758 0.000000 0.000000
-115.294183 30.216758 0.000000 0.000000
-111.331335 30.216758 0.000000 0.000000
-107.368487 30.216758 0.000000 0.000000
-103.405639 30.216758 0.000000 0.000000
-99.442791 30.216758 0.000000 0.000000
-95.479943 30.216758 0.000000 0.000000
-91.517095 30.216758 0.000000 0.000000
-87.554247 30.216758 0.000000 0.000000
-83.591400 30.216758 0.000000 0.000000
-79.628552 30.216758 0.000000 0.000000
-75.665704 30.216758 0.000000 0.000000
-71.702856 30.216758 0.000000 0.000000
-67.740008 30.216758 0.000000 0.000000
-63.777160 30.216758 0.000000 0.000000
-59.814312 30.216758 0.000000 0.000000
-55.851464 30.216758 0.000000 0.000000
-51.888616 30.216758 0.000000 0.000000
-47.925768 30.216758 0.000000 0.000000
-43.962920 30.216758 0.000000 0.000000
-40.000072 30.216758 0.000000 0.000000
-36.037224 30.216758 0.000000 0.000000
-32.074376 30.216758 0.000000 0.000000
-28.111528 30.216758 0.000000 0.000000
-24.148680 30.216758 0.000000 0.000000
-20.185832 30.216758 0.000000 0.000000
-16.222984 30.216758 0.000000 0.000000
-12.260136 30.216758 0.000000 0.000000
-8.297289 30.216758 0.000000 0.000000
-4.334441 30.216758 0.000000 0.000000
-0.371593 30.216758 0.000000 0.000000
3.591255 30.216758 0.000000 0.000000
7.554103 30.216758 9.314308 -1.249701
11.516951 30.216758 9.470422 -0.771300
15.479799 30.216758 11.811830 1.267010
19.442647 30.216758 10.405565 1.848839
23.405495 30.216758 9.055552 0.453786
27.368343 30.216758 10.036572 -1.207681
31.331191 30.216758 10.920646 -1.563217
35.294039 30.216758 11.719872 -1.773811
39.256887 30.216758 11.923248 1.038481
43.219735 30.216758 10.371415 1.132909
47.182583 30.216758 9.676760 -0.735702
51.145431 30.216758 10.497126 -1.217489
55.108279 30.216758 10.949116 -0.905891
59.071127 30.216758 11.696977 -1.185606
63.033975 30.216758 11.104650 1.749962
66.996822 30.216758 10.550245 0.788486
-131.145575 26.253910 5.405735 8.478496
-127.182727 26.253910 -2.639218 2.898150
-123.219879 26.253910 0.000000 0.000000
-119.257031 26.253910 0.000000 0.000000
-115.294183 26.253910 0.000000 0.000000
-111.331335 26.253910 0.000000 0.000000
-107.368487 26.253910 0.000000 0.000000
-103.405639 26.253910 0.000000 0.000000
-99.442791 26.253910 0.000000 0.000000
-95.479943 26.253910 0.000000 0.000000
-91.517095 26.253910 0.000000 0.000000
-87.554247 26.253910 0.000000 0.000000
-83.591400 26.253910 0.000000 0.000000
-79.628552 26.253910 0.000000 0.000000
-75.665704 26.253910 0.000000 0.000000
-71.702856 26.253910 0.000000 0.000000
-67.740008 26.253910 0.000000 0.000000
-63.777160 26.253910 0.000000 0.000000
-59.814312 26.253910 0.000000 0.000000
-55.851464 26.253910 0.000000 0.000000
-51.888616 26.253910 0.000000 0.000000
-47.925768 26.253910 0.000000 0.000000
-43.962920 26.253910 0.000000 0.000000
-40.000072 26.253910 0.000000 0.000000
-36.037224 26.253910 0.000000 0.000000
-32.074376 26.253910 0.000000 0.000000
-28.111528 26.253910 0.000000 0.000000
-24.148680 26.253910 0.000000 0.000000
-20.185832 26.253910 0.000000 0.000000
-16.222984 26.253910 0.000000 0.000000
-12.260136 26.253910 0.000000 0.000000
-8.297289 26.253910 0.000000 0.000000
-4.334441 26.253910 0.000000 0.000000
-0.371593 26.253910 0.000000 0.000000
3.591255 26.253910 0.000000 0.000000
7.554103 26.253910 0.000000 0.000000
11.516951 26.253910 11.254197 0.095156
15.479799 26.253910 10.955941 1.124948
19.442647 26.253910 10.918534 0.451287
23.405495 26.253910 9.676704 0.565235
27.368343 26.253910 10.132779 -0.562173
31.331191 26.253910 10.444995 -0.963806
35.294039 26.253910 10.834015 -0.156032
39.256887 26.253910 11.193953 0.584019
43.219735 26.253910 10.593509 0.547942
47.182583 26.253910 9.846980 0.236043
51.145431 26.253910 10.432080 -0.459434
55.108279 26.253910 11.793445 -0.606584
59.071127 26.253910 11.132808 -0.100415
63.033975 26.253910 11.304458 0.539948
66.996822 26.253910 -7.579348 -2.474073
-131.145575 22.291062 2.395514 13.126174
-127.182727 22.291062 5.316214 -6.780545
-123.219879 22.291062 0.000000 0.000000
-119.257031 22.291062 0.000000 0.000000
-115.294183 22.291062 0.000000 0.000000
-111.331335 22.291062 0.000000 0.000000
-107.368487 22.291062 0.000000 0.000000
-103.405639 22.291062 0.000000 0.000000
-99.442791 22.291062 0.000000 0.000000
-95.479943 22.291062 0.000000 0.000000
-91.517095 22.291062 0.000000 0.000000
-87.554247 22.291062 0.000000 0.000000
-83.591400 22.291062 0.000000 0.000000
-79.628552 22.291062 0.000000 0.000000
-75.665704 22.291062 0.000000 0.000000
-71.702856 22.291062 0.000000 0.000000
-67.740008 22.291062 0.000000 0.000000
-63.777160 22.291062 0.000000 0.000000
-59.814312 22.291062 0.000000 0.000000
-55.851464 22.291062 0.000000 0.000000
-51.888616 22.291062 0.000000 0.000000
-47.925768 22.291062 0.000000 0.000000
-43.962920 22.291062 0.000000 0.000000
-40.000072 22.291062 0.000000 0.000000
-36.037224 22.291062 0.000000 0.000000
-32.074376 22.291062 0.000000 0.000000
-28.111528 22.291062 0.000000 0.000000
-24.148680 22.291062 0.000000 0.000000
-20.185832 22.291062 0.000000 0.000000
-16.222984 22.291062 0.000000 0.000000
-12.260136 22.291062 0.000000 0.000000
-8.297289 22.291062 0.000000 0.000000
-4.334441 22.291062 10.562673 0.843339
-0.371593 22.291062 10.531176 0.745267
3.591255 22.291062 10.897597 0.659132
7.554103 22.291062 10.617698 0.202861
11.516951 22.291062 10.773663 0.333111
15.479799 22.291062 10.792024 0.374257
19.442647 22.291062 10.613685 0.324121
23.405495 22.291062 10.615040 0.352314
27.368343 22.291062 10.627778 0.187031
31.331191 22.291062 10.954775 -0.423906
35.294039 22.291062 10.886818 -0.183281
39.256887 22.291062 10.892417 0.369080
43.219735 22.291062 10.833942 0.193622
47.182583 22.291062 10.795292 -0.217476
51.145431 22.291062 10.688241 0.169786
55.108279 22.291062 11.411742 -0.352388
59.071127 22.291062 11.135230 -0.234332
63.033975 22.291062 10.958597 0.264785
66.996822 22.291062 -7.892294 -15.054646
-131.145575 18.328214 -12.235504 -7.968321
-127.182727 18.328214 2.776563 15.992032
-123.219879 18.328214 17.365707 0.996416
-119.257031 18.328214 9.666005 -0.510280
-115.294183 18.328214 -0.207310 -3.305644
-111.331335 18.328214 10.510555 -1.202968
-107.368487 18.328214 0.000000 0.000000
-103.405639 18.328214 0.000000 0.000000
-99.442791 18.328214 0.000000 0.000000
-95.479943 18.328214 0.000000 0.000000
-91.517095 18.328214 0.000000 0.000000
-87.554247 18.328214 0.000000 0.000000
-83.591400 18.328214 0.000000 0.000000
-79.628552 18.328214 0.000000 0.000000
-75.665704 18.328214 0.000000 0.000000
-71.702856 18.328214 0.000000 0.000000
-67.740008 18.328214 0.000000 0.000000
-63.777160 18.328214 0.000000 0.000000
-59.814312 18.328214 0.000000 0.000000
-55.851464 18.328214 0.000000 0.000000
-51.888616 18.328214 11.821350 0.560134
-47.925768 18.328214 11.882643 0.578897
-43.962920 18.328214 11.742706 0.509930
-40.000072 18.328214 11.625885 0.693631
-36.037224 18.328214 11.467501 0.651877
-32.074376 18.328214 11.147905 0.772810
-28.111528 18.328214 11.236835 0.822308
-24.148680 18.328214 11.390288 0.749312
-20.185832 18.328214 11.108356 0.666472
-16.222984 18.328214 10.766025 0.771488
-12.260136 18.328214 10.870581 0.762639
-8.297289 18.328214 10.890422 0.886254
-4.334441 18.328214 10.942327 0.787883
-0.371593 18.328214 10.676226 0.518393
3.591255 18.328214 10.754344 0.391337
7.554103 18.328214 10.697306 0.271285
11.516951 18.328214 10.758232 0.536493
15.479799 18.328214 10.852892 0.093992
19.442647 18.328214 10.616975 0.271169
23.405495 18.328214 11.041476 0.236543
27.368343 18.328214 10.568496 0.093778
31.331191 18.328214 10.872834 -0.376024
35.294039 18.328214 10.740499 0.089051
39.256887 18.328214 10.303058 -0.098954
43.219735 18.328214 10.448292 0.345627
47.182583 18.328214 10.882290 -0.144892
51.145431 18.328214 10.627911 -0.304245
55.108279 18.328214 10.819269 -0.054292
59.071127 18.328214 10.889684 -0.628181
63.033975 18.328214 10.607325 0.544218
66.996822 18.328214 10.307560 0.633839
-131.145575 14.365366 15.077849 -0.729510
-127.182727 14.365366 10.517133 8.945737
-123.219879 14.365366 -0.275283 -15.268242
-119.257031 14.365366 15.436669 7.970299
-115.294183 14.365366 4.669763 -3.217979
-111.331335 14.365366 10.722493 -0.583503
-107.368487 14.365366 11.140255 -0.756187
-103.405639 14.365366 10.665329 -0.707967
-99.442791 14.365366 11.477272 -1.208159
-95.479943 14.365366 11.659686 -1.027249
-91.517095 14.365366 12.048438 -0.575550
-87.554247 14.365366 11.938808 -0.203852
-83.591400 14.365366 11.969587 -0.392321
-79.628552 14.365366 11.935390 -0.385067
-75.665704 14.365366 11.890864 -0.110596
-71.702856 14.365366 12.101768 0.085385
-67.740008 14.365366 11.945160 0.324803
-63.777160 14.365366 12.092869 0.391295
-59.814312 14.365366 11.816289 0.380952
-55.851464 14.365366 11.896213 0.469417
-51.888616 14.365366 11.625159 0.526965
-47.925768 14.365366 11.397961 0.574929
-43.962920 14.365366 11.336463 0.648869
-40.000072 14.365366 11.608288 0.651835
-36.037224 14.365366 11.650286 0.703889
-32.074376 14.365366 11.558313 0.562274
-28.111528 14.365366 11.362062 0.596692
-24.148680 14.365366 11.053144 0.687110
-20.185832 14.365366 11.584306 0.601808
-16.222984 14.365366 11.042125 0.884183
-12.260136 14.365366 11.031105 0.804598
-8.297289 14.365366 10.949771 0.869380
-4.334441 14.365366 10.959697 0.601700
-0.371593 14.365366 10.976669 0.553751
3.591255 14.365366 10.731796 0.590288
7.554103 14.365366 10.637392 0.374790
11.516951 14.365366 10.578623 0.480624
15.479799 14.365366 10.894304 0.322517
19.442647 14.365366 10.932601 0.018280
23.405495 14.365366 10.961887 0.520944
27.368343 14.365366 10.792397 0.105941
31.331191 14.365366 11.089580 0.197910
35.294039 14.365366 10.857227 0.093898
39.256887 14.365366 10.508278 -0.150006
43.219735 14.365366 10.640962 0.645970
47.182583 14.365366 10.890528 0.118575
51.145431 14.365366 10.795453 -0.308244
55.108279 14.365366 10.823713 0.798769
59.071127 14.365366 10.533843 -0.385153
63.033975 14.365366 10.981697 0.176211
66.996822 14.365366 11.042691 0.210566
-131.145575 10.402518 -5.003013 -10.119949
-127.182727 10.402518 16.550465 -3.392514
-123.219879 10.402518 -9.768969 -3.437574
-119.257031 10.402518 -3.407871 9.657978
-115.294183 10.402518 16.871811 -17.407932
-111.331335 10.402518 11.452815 -0.737638
-107.368487 10.402518 11.162801 -0.814285
-103.405639 10.402518 10.754930 -1.122338
-99.442791 10.402518 11.497704 -0.377729
-95.479943 10.402518 11.901578 -0.532549
-91.517095 10.402518 11.711836 -0.632912
-87.554247 10.402518 11.424217 -0.298620
-83.591400 10.402518 11.712767 -0.324977
-79.628552 10.402518 11.863544 -0.370873
-75.665704 10.402518 12.030672 0.034215
-71.702856 10.402518 11.896432 0.043054
-67.740008 10.402518 12.071285 0.071679
-63.777160 10.402518 11.731986 0.360451
-59.814312 10.402518 11.741854 0.417321
-55.851464 10.402518 11.819166 0.612638
-51.888616 10.402518 12.054681 0.340208
-47.925768 10.402518 11.663251 0.545636
-43.962920 10.402518 11.817619 0.531518
-40.000072 10.402518 11.682663 0.460729
-36.037224 10.402518 11.658722 0.495067
-32.074376 10.402518 11.661992 0.653333
-28.111528 10.402518 11.031449 0.779139
-24.148680 10.402518 11.483493 0.682870
-20.185832 10.402518 11.247891 0.816318
-16.222984 10.402518 11.175743 0.628682
-12.260136 10.402518 11.208405 0.555369
-8.297289 10.402518 10.928701 0.457110
-4.334441 10.402518 11.029658 0.667611
-0.371593 10.402518 10.912806 0.636455
3.591255 10.402518 10.722025 0.559383
7.554103 10.402518 10.698128 0.577536
11.516951 10.402518 10.661027 0.493005
15.479799 10.402518 10.859115 -0.032343
19.442647 10.402518 10.795371 0.383899
23.405495 10.402518 10.477333 0.524594
27.368343 10.402518 10.482281 0.448900
31.331191 10.402518 10.640224 0.241390
35.294039 10.402518 10.623548 0.339326
39.256887 10.402518 10.813645 0.229897
43.219735 10.402518 10.675052 0.192608
47.182583 10.402518 11.881780 -0.194552
51.145431 10.402518 10.506097 0.487130
55.108279 10.402518 10.647910 -0.220154
59.071127 10.402518 10.775236 -0.105687
63.033975 10.402518 11.191937 -0.197518
66.996822 10.402518 10.834834 0.250532
-131.145575 6.439670 17.386583 8.605069
-127.182727 6.439670 -6.643932 11.843180
-123.219879 6.439670 10.606086 -0.056815
-119.257031 6.439670 1.224814 -1.249327
-115.294183 6.439670 -12.969506 2.566173
-111.331335 6.439670 10.825253 -0.865744
-107.368487 6.439670 11.733359 -0.673981
-103.405639 6.439670 11.188595 -1.188698
-99.442791 6.439670 11.085338 -0.495300
-95.479943 6.439670 11.833676 -0.007322
-91.517095 6.439670 11.595545 -0.764508
-87.554247 6.439670 11.734740 -0.460488
-83.591400 6.439670 11.688734 -0.228452
-79.628552 6.439670 12.134479 -0.053090
-75.665704 6.439670 11.539184 -0.108029
-71.702856 6.439670 11.852219 0.013596
-67.740008 6.439670 11.923219 -0.029236
-63.777160 6.439670 11.773948 0.283691
-59.814312 6.439670 11.619309 0.221858
-55.851464 6.439670 11.559808 0.605918
-51.888616 6.439670 11.605282 0.451055
-47.925768 6.439670 11.696823 0.489014
-43.962920 6.439670 11.481890 0.420836
-40.000072 6.439670 11.442827 0.528361
-36.037224 6.439670 11.495881 0.506326
-32.074376 6.439670 11.083127 0.812117
-28.111528 6.439670 11.258140 0.425915
-24.148680 6.439670 11.175020 0.851669
-20.185832 6.439670 11.087220 0.630874
-16.222984 6.439670 10.886685 0.611686
-12.260136 6.439670 10.910335 0.511231
-8.297289 6.439670 11.482145 0.593440
-4.334441 6.439670 11.134465 0.545561
-0.371593 6.439670 10.946214 0.413992
3.591255 6.439670 10.880378 0.481163
7.554103 6.439670 10.861682 0.508461
11.516951 6.439670 10.804145 0.170153
15.479799 6.439670 10.773923 0.371311
19.442647 6.439670 10.767644 0.313206
23.405495 6.439670 10.936532 0.277507
27.368343 6.439670 10.841028 -0.040343
31.331191 6.439670 10.635678 0.314977
35.294039 6.439670 11.492141 0.321127
39.256887 6.439670 10.872294 -0.366614
43.219735 6.439670 10.537900 -0.270095
47.182583 6.439670 10.947055 0.248711
51.145431 6.439670 10.636541 0.267134
55.108279 6.439670 10.791096 -0.019500
59.071127 6.439670 11.226216 -0.404681
63.033975 6.439670 10.854885 -0.285272
66.996822 6.439670 10.846102 0.013659
-131.145575 2.476822 12.358983 13.943396
-127.182727 2.476822 13.567283 -4.987170
-123.219879 2.476822 7.400483 -10.971234
-119.257031 2.476822 -16.312439 13.978107
-115.294183 2.476822 9.929948 -4.033469
-111.331335 2.476822 11.640336 -0.473886
-107.368487 2.476822 10.893895 -0.418020
-103.405639 2.476822 11.508116 -0.532833
-99.442791 2.476822 11.217835 -0.708078
-95.479943 2.476822 11.758410 -0.179076
-91.517095 2.476822 10.905062 -1.027215
-87.554247 2.476822 11.640079 -0.537388
-83.591400 2.476822 11.866680 -0.234128
-79.628552 2.476822 11.401072 0.100878
-75.665704 2.476822 11.941426 -0.299746
-71.702856 2.476822 11.739125 0.082487
-67.740008 2.476822 11.870963 0.475113
-63.777160 2.476822 11.114595 0.326953
-59.814312 2.476822 11.329948 0.419349
-55.851464 2.476822 11.830849 0.389609
-51.888616 2.476822 11.718276 0.545625
-47.925768 2.476822 11.558588 0.360104
-43.962920 2.476822 11.575287 0.344729
-40.000072 2.476822 11.348206 0.513285
-36.037224 2.476822 11.173728 0.587249
-32.074376 2.476822 11.250827 0.666463
-28.111528 2.476822 11.504690 0.285642
-24.148680 2.476822 11.466698 0.613301
-20.185832 2.476822 10.889532 0.655082
-16.222984 2.476822 11.541707 0.320240
-12.260136 2.476822 10.896914 0.660843
-8.297289 2.476822 10.779757 0.207994
-4.334441 2.476822 11.042811 0.178376
-0.371593 2.476822 10.862309 0.419800
3.591255 2.476822 11.149450 0.226671
7.554103 2.476822 11.034621 0.313869
11.516951 2.476822 10.877944 0.499556
15.479799 2.476822 11.038912 -0.281935
19.442647 2.476822 10.780338 0.358816
23.405495 2.476822 10.880409 0.170643
27.368343 2.476822 10.884244 0.610648
31.331191 2.476822 10.880911 0.474244
35.294039 2.476822 10.673259 0.119928
39.256887 2.476822 10.757545 0.287160
43.219735 2.476822 10.849905 0.433384
47.182583 2.476822 10.916582 -0.260696
51.145431 2.476822 10.984872 -0.185960
55.108279 2.476822 10.811110 -0.619604
59.071127 2.476822 11.350363 0.610793
63.033975 2.476822 10.931547 0.045220
66.996822 2.476822 11.035783 -0.117834
-131.145575 -1.486026 -9.807584 -4.151306
-127.182727 -1.486026 2.525582 -15.170260
-123.219879 -1.486026 16.024504 -3.131806
-119.257031 -1.486026 1.825436 4.199026
-115.294183 -1.486026 11.608560 -2.054826
-111.331335 -1.486026 11.277943 -0.379233
-107.368487 -1.486026 12.806774 0.367897
-103.405639 -1.486026 11.547747 -0.556923
-99.442791 -1.486026 11.014720 -0.391517
-95.479943 -1.486026 11.415432 -0.614497
-91.517095 -1.486026 11.206284 -0.430365
-87.554247 -1.486026 11.533864 -0.525431
-83.591400 -1.486026 11.655389 -0.502742
-79.628552 -1.486026 11.692244 -0.223855
-75.665704 -1.486026 11.706295 -0.101652
-71.702856 -1.486026 11.810191 -0.166408
-67.740008 -1.486026 11.799188 0.450262
-63.777160 -1.486026 11.586234 0.402118
-59.814312 -1.486026 11.197847 0.174275
-55.851464 -1.486026 11.401713 0.530077
-51.888616 -1.486026 11.752591 0.732266
-47.925768 -1.486026 11.587148 0.402415
-43.962920 -1.486026 11.609126 0.311104
-40.000072 -1.486026 11.654843 0.312618
-36.037224 -1.486026 11.659616 0.517527
-32.074376 -1.486026 11.483507 0.702208
-28.111528 -1.486026 11.514050 -0.277640
-24.148680 -1.486026 10.949839 0.645760
-20.185832 -1.486026 11.269781 0.346699
-16.222984 -1.486026 11.015554 0.666682
-12.260136 -1.486026 11.132267 0.799168
-8.297289 -1.486026 10.920068 0.550458
-4.334441 -1.486026 11.073995 0.459036
-0.371593 -1.486026 11.001068 0.274419
3.591255 -1.486026 11.044120 0.282914
7.554103 -1.486026 10.674802 0.263586
11.516951 -1.486026 10.768167 0.229110
15.479799 -1.486026 10.754648 0.770668
19.442647 -1.486026 10.856437 0.777911
23.405495 -1.486026 10.824646 0.386424
27.368343 -1.486026 10.636303 0.298411
31.331191 -1.486026 11.283196 0.479264
35.294039 -1.486026 10.678306 0.438970
39.256887 -1.486026 10.721927 0.331925
43.219735 -1.486026 11.032683 -0.192607
47.182583 -1.486026 10.778705 0.117667
51.145431 -1.486026 10.815501 -0.171374
55.108279 -1.486026 10.817450 0.181962
59.071127 -1.486026 10.974062 0.224783
63.033975 -1.486026 10.815425 0.323858
66.996822 -1.486026 10.638634 0.060122
-131.145575 -5.448874 -12.834381 4.504163
-127.182727 -5.448874 -12.403306 -5.785702
-123.219879 -5.448874 5.374544 -11.491224
-119.257031 -5.448874 7.264979 0.981356
-115.294183 -5.448874 4.585976 -10.766800
-111.331335 -5.448874 11.046632 -1.008020
-107.368487 -5.448874 10.770440 0.230689
-103.405639 -5.448874 11.550820 -0.772723
-99.442791 -5.448874 11.333443 -0.140992
-95.479943 -5.448874 10.940149 -0.129864
-91.517095 -5.448874 11.617283 -0.080215
-87.554247 -5.448874 11.057220 -0.303863
-83.591400 -5.448874 11.223770 -0.192138
-79.628552 -5.448874 11.084694 -0.414086
-75.665704 -5.448874 11.280252 0.065375
-71.702856 -5.448874 11.399175 0.025502
-67.740008 -5.448874 11.783731 0.426461
-63.777160 -5.448874 11.623957 0.331833
-59.814312 -5.448874 11.471885 0.329898
-55.851464 -5.448874 11.507605 0.636981
-51.888616 -5.448874 11.781775 0.390601
-47.925768 -5.448874 11.394090 0.707437
-43.962920 -5.448874 11.329409 0.244126
-40.000072 -5.448874 11.531680 0.578166
-36.037224 -5.448874 11.204532 0.507090
-32.074376 -5.448874 11.133720 0.361144
-28.111528 -5.448874 11.054480 0.436616
-24.148680 -5.448874 11.251355 0.427760
-20.185832 -5.448874 11.171089 0.231801
-16.222984 -5.448874 10.938910 0.251437
-12.260136 -5.448874 11.254597 0.374901
-8.297289 -5.448874 11.265992 0.466453
-4.334441 -5.448874 11.175442 0.549579
-0.371593 -5.448874 10.898664 0.328199
3.591255 -5.448874 11.011965 0.384682
7.554103 -5.448874 10.821674 0.291675
11.516951 -5.448874 10.810363 0.018542
15.479799 -5.448874 11.036179 0.459464
19.442647 -5.448874 10.844133 0.034611
23.405495 -5.448874 10.796198 0.424536
27.368343 -5.448874 11.078833 0.077824
31.331191 -5.448874 10.977911 0.520143
35.294039 -5.448874 10.660494 0.185526
39.256887 -5.448874 10.906260 0.031445
43.219735 -5.448874 11.147404 -0.004160
47.182583 -5.448874 10.804437 0.052483
51.145431 -5.448874 11.155929 0.583054
55.108279 -5.448874 10.886671 -0.061474
59.071127 -5.448874 10.947433 0.564552
63.033975 -5.448874 10.852510 0.426425
66.996822 -5.448874 10.513778 -0.030832
-131.145575 -9.411722 -4.961717 3.955192
-127.182727 -9.411722 -9.547503 16.626110
-123.219879 -9.411722 -2.343333 0.776280
-119.257031 -9.411722 -7.725915 -9.875677
-115.294183 -9.411722 13.640344 -0.838807
-111.331335 -9.411722 10.858477 0.435219
-107.368487 -9.411722 10.947055 0.240895
-103.405639 -9.411722 10.530606 -0.097205
-99.442791 -9.411722 10.947323 -0.395156
-95.479943 -9.411722 10.588918 0.285219
-91.517095 -9.411722 11.136444 0.056018
-87.554247 -9.411722 11.179178 0.322611
-83.591400 -9.411722 11.509552 -0.128642
-79.628552 -9.411722 11.693475 0.038475
-75.665704 -9.411722 11.377353 -0.037578
-71.702856 -9.411722 11.622494 0.261699
-67.740008 -9.411722 11.470041 0.101278
-63.777160 -9.411722 11.680840 0.177928
-59.814312 -9.411722 11.534295 0.209943
-55.851464 -9.411722 11.220600 0.440668
-51.888616 -9.411722 11.130532 0.023601
-47.925768 -9.411722 11.267759 0.244036
-43.962920 -9.411722 11.380165 0.222477
-40.000072 -9.411722 11.463297 0.443237
-36.037224 -9.411722 11.579598 0.394515
-32.074376 -9.411722 11.279716 0.097346
-28.111528 -9.411722 11.474247 0.154748
-24.148680 -9.411722 11.328801 0.176296
-20.185832 -9.411722 11.192661 0.374154
-16.222984 -9.411722 11.105791 0.566921
-12.260136 -9.411722 11.016227 0.297624
-8.297289 -9.411722 10.797820 0.555736
-4.334441 -9.411722 10.954912 0.261145
-0.371593 -9.411722 11.167059 0.229930
3.591255 -9.411722 10.680207 0.419367
7.554103 -9.411722 10.679916 0.531042
11.516951 -9.411722 10.645083 -0.141027
15.479799 -9.411722 10.830043 -0.100376
19.442647 -9.411722 10.949725 0.237318
23.405495 -9.411722 11.395666 0.308894
27.368343 -9.411722 10.859874 -0.018429
31.331191 -9.411722 10.882174 0.524149
35.294039 -9.411722 10.597322 0.209658
39.256887 -9.411722 10.877828 0.013841
43.219735 -9.411722 10.856982 0.274137
47.182583 -9.411722 10.702623 -0.073803
51.145431 -9.411722 11.000487 -0.198791
55.108279 -9.411722 11.442427 0.425107
59.071127 -9.411722 11.080064 0.454339
63.033975 -9.411722 11.318690 0.334551
66.996822 -9.411722 10.496349 -0.253762
-131.145575 -13.374570 -15.837655 -15.922688
-127.182727 -13.374570 15.934099 -9.343850
-123.219879 -13.374570 -14.929287 -10.475708
-119.257031 -13.374570 6.722374 1.569147
-115.294183 -13.374570 -4.731176 -4.599408
-111.331335 -13.374570 10.853964 -0.612215
-107.368487 -13.374570 10.928176 0.069749
-103.405639 -13.374570 11.123923 1.293332
-99.442791 -13.374570 11.751234 0.053145
-95.479943 -13.374570 11.695687 -0.595075
-91.517095 -13.374570 10.788083 -0.203362
-87.554247 -13.374570 11.539398 -0.224590
-83.591400 -13.374570 11.977083 -11.992853
-79.628552 -13.374570 11.410870 -0.021291
-75.665704 -13.374570 11.787790 0.120044
-71.702856 -13.374570 11.011291 0.168937
-67.740008 -13.374570 11.028774 0.120912
-63.777160 -13.374570 11.409011 -0.208507
-59.814312 -13.374570 11.510451 -0.098546
-55.851464 -13.374570 11.115063 -0.248523
-51.888616 -13.374570 11.642959 0.505361
-47.925768 -13.374570 10.930384 0.244273
-43.962920 -13.374570 11.157308 -0.166389
-40.000072 -13.374570 11.295403 0.399007
-36.037224 -13.374570 11.410655 0.358687
-32.074376 -13.374570 11.555730 0.199439
-28.111528 -13.374570 11.043125 0.554314
-24.148680 -13.374570 11.381819 0.496244
-20.185832 -13.374570 10.697222 0.844922
-16.222984 -13.374570 11.001705 0.332360
-12.260136 -13.374570 10.850108 0.643263
-8.297289 -13.374570 10.927450 0.454169
-4.334441 -13.374570 11.019912 0.164894
-0.371593 -13.374570 10.820392 0.338289
3.591255 -13.374570 10.846119 0.172866
7.554103 -13.374570 10.837116 0.161316
11.516951 -13.374570 11.034578 0.420114
15.479799 -13.374570 10.923384 0.466736
19.442647 -13.374570 10.983662 0.430383
23.405495 -13.374570 11.048249 0.455391
27.368343 -13.374570 11.050902 0.158695
31.331191 -13.374570 10.922285 0.215902
35.294039 -13.374570 10.251026 0.584374
39.256887 -13.374570 10.947653 0.225248
43.219735 -13.374570 10.966293 0.438189
47.182583 -13.374570 10.872675 -0.094673
51.145431 -13.374570 11.511502 0.055662
55.108279 -13.374570 10.978841 0.716291
59.071127 -13.374570 10.695865 -0.135850
63.033975 -13.374570 10.738198 -0.031809
66.996822 -13.374570 10.506495 0.580220
-131.145575 -17.337417 -5.929529 7.817195
-127.182727 -17.337417 -12.181472 -13.886471
-123.219879 -17.337417 -3.645723 10.328127
-119.257031 -17.337417 11.776916 2.269073
-115.294183 -17.337417 -13.781782 -6.024993
-111.331335 -17.337417 11.180824 -0.339263
-107.368487 -17.337417 11.669122 0.042871
-103.405639 -17.337417 11.787142 -0.246013
-99.442791 -17.337417 10.588113 0.493021
-95.479943 -17.337417 11.987590 0.304180
-91.517095 -17.337417 11.164657 -0.649775
-87.554247 -17.337417 11.109689 -0.013066
-83.591400 -17.337417 10.892800 0.341740
-79.628552 -17.337417 11.926965 -0.394814
-75.665704 -17.337417 11.218708 -0.287839
-71.702856 -17.337417 10.714209 -0.503324
-67.740008 -17.337417 11.236834 -0.118368
-63.777160 -17.337417 11.035089 0.260389
-59.814312 -17.337417 10.927105 0.076996
-55.851464 -17.337417 10.888659 0.347147
-51.888616 -17.337417 11.288716 0.372139
-47.925768 -17.337417 11.304294 0.095462
-43.962920 -17.337417 11.174859 0.079461
-40.000072 -17.337417 11.065615 0.294590
-36.037224 -17.337417 11.026870 0.246690
-32.074376 -17.337417 11.019565 0.420918
-28.111528 -17.337417 11.329909 0.362315
-24.148680 -17.337417 10.779199 0.282954
-20.185832 -17.337417 11.125478 0.443746
-16.222984 -17.337417 10.919498 0.473769
-12.260136 -17.337417 11.060999 0.688954
-8.297289 -17.337417 11.022760 0.163077
-4.334441 -17.337417 10.863713 0.214275
-0.371593 -17.337417 10.920603 0.341570
3.591255 -17.337417 10.821525 0.371916
7.554103 -17.337417 11.338186 -0.071037
11.516951 -17.337417 10.977908 0.293306
15.479799 -17.337417 10.340807 -0.002903
19.442647 -17.337417 11.041825 -0.069635
23.405495 -17.337417 11.186854 -0.783393
27.368343 -17.337417 10.762874 0.613046
31.331191 -17.337417 10.350408 0.055907
35.294039 -17.337417 10.814644 1.021483
39.256887 -17.337417 10.894560 0.310647
43.219735 -17.337417 10.543535 0.421537
47.182583 -17.337417 10.066915 0.241470
51.145431 -17.337417 11.163213 0.231234
55.108279 -17.337417 10.842649 0.345251
59.071127 -17.337417 11.125536 0.123572
63.033975 -17.337417 10.847423 0.287045
66.996822 -17.337417 10.840197 0.017621
-131.145575 -21.300265 -1.712790 6.395689
-127.182727 -21.300265 -5.363723 -0.963982
-123.219879 -21.300265 2.037670 -5.035883
-119.257031 -21.300265 12.900907 4.432953
-115.294183 -21.300265 0.492440 -8.633089
-111.331335 -21.300265 10.731577 -0.611136
-107.368487 -21.300265 11.906095 0.600043
-103.405639 -21.300265 11.843081 -0.230983
-99.442791 -21.300265 11.366345 -0.210269
-95.479943 -21.300265 11.688931 -0.141152
-91.517095 -21.300265 11.289820 -0.193716
-87.554247 -21.300265 10.871048 0.396999
-83.591400 -21.300265 11.059274 -0.526636
-79.628552 -21.300265 10.908728 0.471099
-75.665704 -21.300265 10.897083 0.283536
-71.702856 -21.300265 11.160971 0.372223
-67.740008 -21.300265 11.682321 0.262087
-63.777160 -21.300265 11.538217 -0.131681
-59.814312 -21.300265 11.358873 0.257234
-55.851464 -21.300265 11.830451 0.408736
-51.888616 -21.300265 11.312927 0.073912
-47.925768 -21.300265 11.025793 0.661824
-43.962920 -21.300265 10.699810 0.399684
-40.000072 -21.300265 10.957966 0.298180
-36.037224 -21.300265 10.984031 0.352570
-32.074376 -21.300265 11.174601 0.139665
-28.111528 -21.300265 11.005299 0.244559
-24.148680 -21.300265 11.185743 0.251386
-20.185832 -21.300265 11.449739 0.256929
-16.222984 -21.300265 10.995821 0.334126
-12.260136 -21.300265 10.956086 0.501583
-8.297289 -21.300265 10.826485 0.402708
-4.334441 -21.300265 11.163162 -0.314109
-0.371593 -21.300265 11.376562 0.260015
3.591255 -21.300265 10.882921 0.631321
7.554103 -21.300265 10.957872 0.153908
11.516951 -21.300265 10.894358 -0.098464
15.479799 -21.300265 11.193044 0.949202
19.442647 -21.300265 10.784858 0.142338
23.405495 -21.300265 10.787916 0.048607
27.368343 -21.300265 10.889178 0.490208
31.331191 -21.300265 10.356464 0.022584
35.294039 -21.300265 10.871306 -0.189863
39.256887 -21.300265 11.179371 0.195714
43.219735 -21.300265 11.046332 0.350804
47.182583 -21.300265 -16.147554 12.219281
51.145431 -21.300265 10.804969 0.583491
55.108279 -21.300265 10.758408 0.294547
59.071127 -21.300265 10.683886 0.166085
63.033975 -21.300265 11.121812 -0.027208
66.996822 -21.300265 11.262170 -0.130457
-131.145575 -25.263113 -9.883807 -12.741288
-127.182727 -25.263113 -10.327129 -8.526379
-123.219879 -25.263113 15.302655 -8.997701
-119.257031 -25.263113 8.296152 12.325341
-115.294183 -25.263113 9.942689 1.341003
-111.331335 -25.263113 17.702616 -1.713317
-107.368487 -25.263113 11.524997 -0.144542
-103.405639 -25.263113 11.189038 0.538634
-99.442791 -25.263113 12.356152 -0.506895
-95.479943 -25.263113 11.215980 1.510484
-91.517095 -25.263113 10.700976 -0.175042
-87.554247 -25.263113 10.968863 0.821119
-83.591400 -25.263113 11.566017 -0.156428
-79.628552 -25.263113 11.344701 0.205191
-75.665704 -25.263113 10.771524 0.206856
-71.702856 -25.263113 11.402359 -0.201501
-67.740008 -25.263113 11.253430 0.217372
-63.777160 -25.263113 11.471405 0.114337
-59.814312 -25.263113 11.185775 -0.340930
-55.851464 -25.263113 11.380826 0.652447
-51.888616 -25.263113 11.552474 0.253244
-47.925768 -25.263113 11.459961 0.580347
-43.962920 -25.263113 11.373098 -0.097050
-40.000072 -25.263113 10.711049 0.482189
-36.037224 -25.263113 11.523963 0.083937
-32.074376 -25.263113 11.268089 0.450951
-28.111528 -25.263113 10.410418 -0.431075
-24.148680 -25.263113 10.824106 -0.116305
-20.185832 -25.263113 10.716171 0.417536
-16.222984 -25.263113 11.254657 0.399082
-12.260136 -25.263113 10.833919 0.088820
-8.297289 -25.263113 10.946982 0.222944
-4.334441 -25.263113 11.405239 0.289647
-0.371593 -25.263113 10.702750 0.583942
3.591255 -25.263113 11.326882 0.443293
7.554103 -25.263113 10.957918 0.193145
11.516951 -25.263113 10.503891 0.885817
15.479799 -25.263113 11.403723 -0.311509
19.442647 -25.263113 11.026595 0.307648
23.405495 -25.263113 11.161460 0.486631
27.368343 -25.263113 11.244524 0.285078
31.331191 -25.263113 11.572901 -0.001200
35.294039 -25.263113 10.575951 -0.185697
39.256887 -25.263113 10.864988 0.366160
43.219735 -25.263113 11.396148 0.068152
47.182583 -25.263113 10.781103 0.307984
51.145431 -25.263113 11.177939 0.304619
55.108279 -25.263113 10.893722 -0.261135
59.071127 -25.263113 11.419537 -0.196104
63.033975 -25.263113 11.427291 0.601060
66.996822 -25.263113 -0.767786 6.551593
-131.145575 -29.225961 7.290275 11.458233
-127.182727 -29.225961 12.290612 -0.545096
-123.219879 -29.225961 8.578097 -9.958522
-119.257031 -29.225961 11.794074 -1.515884
-115.294183 -29.225961 -13.433987 -8.138419
-111.331335 -29.225961 -8.049633 -9.852606
-107.368487 -29.225961 11.425410 -0.354337
-103.405639 -29.225961 11.908129 0.204229
-99.442791 -29.225961 12.232453 -0.470874
-95.479943 -29.225961 11.202458 0.141956
-91.517095 -29.225961 10.962160 -0.071090
-87.554247 -29.225961 11.721082 -0.421353
-83.591400 -29.225961 10.772028 0.614473
-79.628552 -29.225961 11.322869 0.081883
-75.665704 -29.225961 11.979715 0.276873
-71.702856 -29.225961 11.666396 0.346402
-67.740008 -29.225961 11.747055 0.133514
-63.777160 -29.225961 11.254865 0.321697
-59.814312 -29.225961 11.499798 -0.193970
-55.851464 -29.225961 11.107164 0.085920
-51.888616 -29.225961 11.058068 -0.010342
-47.925768 -29.225961 10.878819 0.380348
-43.962920 -29.225961 11.628890 -0.500785
-40.000072 -29.225961 11.048606 0.111327
-36.037224 -29.225961 11.182169 0.504440
-32.074376 -29.225961 10.702862 0.382947
-28.111528 -29.225961 11.103580 0.336712
-24.148680 -29.225961 10.599524 0.941931
-20.185832 -29.225961 11.284872 0.383170
-16.222984 -29.225961 11.045983 0.343413
-12.260136 -29.225961 10.594567 -0.589521
-8.297289 -29.225961 10.707981 0.064534
-4.334441 -29.225961 10.650002 0.170904
-0.371593 -29.225961 11.129276 0.017639
3.591255 -29.225961 11.103779 0.285897
7.554103 -29.225961 10.744766 0.394553
11.516951 -29.225961 11.079659 -0.057118
15.479799 -29.225961 10.955638 0.359374
19.442647 -29.225961 10.764530 -0.394455
23.405495 -29.225961 10.094110 -0.410372
27.368343 -29.225961 10.775263 0.452316
31.331191 -29.225961 10.538468 -0.060513
35.294039 -29.225961 10.849344 -0.464485
39.256887 -29.225961 10.672553 -0.097098
43.219735 -29.225961 10.964387 -0.095153
47.182583 -29.225961 10.895144 0.685400
51.145431 -29.225961 11.033340 -0.825202
55.108279 -29.225961 10.706619 -0.217748
59.071127 -29.225961 10.705542 1.136064
63.033975 -29.225961 11.791396 0.608374
66.996822 -29.225961 11.149916 0.110125
-131.145575 -33.188809 7.060596 12.393040
-127.182727 -33.188809 -5.151254 2.880515
-123.219879 -33.188809 -9.586816 10.669661
-119.257031 -33.188809 11.076688 1.951253
-115.294183 -33.188809 -13.131766 7.522220
-111.331335 -33.188809 7.415171 12.069295
-107.368487 -33.188809 10.391318 0.527543
-103.405639 -33.188809 15.009722 15.423395
-99.442791 -33.188809 11.781945 -0.541599
-95.479943 -33.188809 12.094059 -1.180991
-91.517095 -33.188809 11.615492 -0.329645
-87.554247 -33.188809 10.669730 0.153033
-83.591400 -33.188809 11.063751 0.235507
-79.628552 -33.188809 11.854785 -0.134287
-75.665704 -33.188809 11.666246 0.264677
-71.702856 -33.188809 11.185074 0.372369
-67.740008 -33.188809 10.851660 0.220873
-63.777160 -33.188809 10.965178 0.165224
-59.814312 -33.188809 11.227127 0.282901
-55.851464 -33.188809 11.119510 0.210145
-51.888616 -33.188809 10.691230 0.818962
-47.925768 -33.188809 10.534966 0.493796
-43.962920 -33.188809 11.204698 -0.040182
-40.000072 -33.188809 11.153001 0.290051
-36.037224 -33.188809 11.220347 0.323649
-32.074376 -33.188809 10.737389 -0.146880
-28.111528 -33.188809 11.161222 0.264991
-24.148680 -33.188809 11.078276 0.436208
-20.185832 -33.188809 10.920429 0.035008
-16.222984 -33.188809 11.009403 0.332588
-12.260136 -33.188809 10.897407 0.148523
-8.297289 -33.188809 11.042532 0.219205
-4.334441 -33.188809 11.170735 -0.186391
-0.371593 -33.188809 10.661379 0.218503
3.591255 -33.188809 11.013006 -0.117270
7.554103 -33.188809 11.667233 0.207748
11.516951 -33.188809 10.802096 0.303267
15.479799 -33.188809 11.023855 0.784309
19.442647 -33.188809 11.099428 -0.152522
23.405495 -33.188809 11.019835 0.186150
27.368343 -33.188809 10.192860 0.488477
31.331191 -33.188809 11.063489 0.404321
35.294039 -33.188809 11.198791 0.381682
39.256887 -33.188809 10.769876 -0.500726
43.219735 -33.188809 10.801918 0.652301
47.182583 -33.188809 10.989145 0.473166
51.145431 -33.188809 10.856582 0.434328
55.108279 -33.188809 11.176527 -0.222551
59.071127 -33.188809 10.583422 0.926652
63.033975 -33.188809 -16.963539 -4.959797
66.996822 -33.188809 -8.160095 -8.761368
-131.145575 -37.151657 18.070259 -3.533523
-127.182727 -37.151657 0.249192 15.966121
-123.219879 -37.151657 -7.521248 14.329535
-119.257031 -37.151657 -12.655291 14.079054
-115.294183 -37.151657 5.444622 10.055246
-111.331335 -37.151657 10.323468 -0.217590
-107.368487 -37.151657 11.304275 -3.335483
-103.405639 -37.151657 10.523790 0.590846
-99.442791 -37.151657 10.959877 0.454721
-95.479943 -37.151657 10.543518 -0.593904
-91.517095 -37.151657 12.073804 0.575140
-87.554247 -37.151657 11.242413 -0.544372
-83.591400 -37.151657 10.656609 -0.192023
-79.628552 -37.151657 10.760266 0.533389
-75.665704 -37.151657 11.344800 -0.546181
-71.702856 -37.151657 10.931285 0.464410
-67.740008 -37.151657 10.055721 -0.370055
-63.777160 -37.151657 11.155977 -0.157419
-59.814312 -37.151657 11.259495 -0.096484
-55.851464 -37.151657 10.853902 0.031269
-51.888616 -37.151657 9.539383 0.451076
-47.925768 -37.151657 10.576751 0.345991
-43.962920 -37.151657 11.233108 0.246047
-40.000072 -37.151657 11.067119 0.104696
-36.037224 -37.151657 10.789895 0.276133
-32.074376 -37.151657 10.632533 0.436522
-28.111528 -37.151657 11.047694 0.580069
-24.148680 -37.151657 10.914485 0.007726
-20.185832 -37.151657 11.378254 0.519889
-16.222984 -37.151657 11.126480 0.396389
-12.260136 -37.151657 11.172762 0.321948
-8.297289 -37.151657 10.748999 0.031906
-4.334441 -37.151657 10.834807 0.701581
-0.371593 -37.151657 10.865182 0.438817
3.591255 -37.151657 11.515392 -0.513697
7.554103 -37.151657 10.871554 0.131615
11.516951 -37.151657 10.766087 -0.135440
15.479799 -37.151657 10.548678 -0.235467
19.442647 -37.151657 10.943703 -0.245352
23.405495 -37.151657 10.976911 0.521746
27.368343 -37.151657 11.679442 -0.457959
31.331191 -37.151657 10.673047 0.313761
35.294039 -37.151657 10.995484 -0.015295
39.256887 -37.151657 10.881045 0.257303
43.219735 -37.151657 10.268529 1.142545
47.182583 -37.151657 11.147775 -0.508041
51.145431 -37.151657 10.758856 0.004062
55.108279 -37.151657 11.357133 0.112727
59.071127 -37.151657 4.788834 13.931412
63.033975 -37.151657 10.542205 0.484693
66.996822 -37.151657 12.134641 -2.538651
-131.145575 -41.114505 15.499292 -11.870705
-127.182727 -41.114505 10.423105 4.178149
-123.219879 -41.114505 -12.762112 -14.180920
-119.257031 -41.114505 14.853970 14.901949
-115.294183 -41.114505 10.022613 -0.811806
-111.331335 -41.114505 9.251162 10.401225
-107.368487 -41.114505 10.703816 -0.376777
-103.405639 -41.114505 10.653637 0.100935
-99.442791 -41.114505 11.166279 0.597348
-95.479943 -41.114505 12.089506 0.315543
-91.517095 -41.114505 9.786968 0.493767
-87.554247 -41.114505 10.974231 -0.130075
-83.591400 -41.114505 10.019433 0.239767
-79.628552 -41.114505 10.536791 0.069351
-75.665704 -41.114505 10.980193 0.054022
-71.702856 -41.114505 11.625846 -0.447089
-67.740008 -41.114505 10.393936 0.492607
-63.777160 -41.114505 10.609141 0.403625
-59.814312 -41.114505 11.129197 0.223894
-55.851464 -41.114505 10.645715 0.422593
-51.888616 -41.114505 10.003518 0.172730
-47.925768 -41.114505 11.672031 0.334559
-43.962920 -41.114505 10.806907 0.371666
-40.000072 -41.114505 10.979827 -0.042306
-36.037224 -41.114505 11.884653 0.220662
-32.074376 -41.114505 11.272987 0.294751
-28.111528 -41.114505 10.822217 -0.000098
-24.148680 -41.114505 10.786622 0.167598
-20.185832 -41.114505 10.975595 0.610857
-16.222984 -41.114505 11.359541 0.399660
-12.260136 -41.114505 10.787018 0.016696
-8.297289 -41.114505 11.588463 1.088340
-4.334441 -41.114505 10.757318 -0.528716
-0.371593 -41.114505 11.167570 0.436880
3.591255 -41.114505 10.546868 0.108274
7.554103 -41.114505 10.939359 0.424246
11.516951 -41.114505 11.464247 0.791782
15.479799 -41.114505 11.200957 0.549418
19.442647 -41.114505 10.679868 0.266270
23.405495 -41.114505 10.561756 0.474182
27.368343 -41.114505 11.213324 -0.375519
31.331191 -41.114505 11.073245 0.361018
35.294039 -41.114505 11.430070 0.031894
39.256887 -41.114505 10.491968 1.573996
43.219735 -41.114505 10.974886 1.267295
47.182583 -41.114505 10.829081 -0.129595
51.145431 -41.114505 10.381452 -0.098598
55.108279 -41.114505 15.271660 -15.151673
59.071127 -41.114505 10.827428 0.523891
63.033975 -41.114505 10.565258 0.540893
66.996822 -41.114505 10.373632 -0.033170
-131.145575 -45.077353 -7.013372 10.292000
-127.182727 -45.077353 14.425234 -9.074496
-123.219879 -45.077353 18.103889 5.376644
-119.257031 -45.077353 13.208981 -1.473385
-115.294183 -45.077353 7.280118 16.247684
-111.331335 -45.077353 17.096575 -8.993962
-107.368487 -45.077353 11.912194 -0.116811
-103.405639 -45.077353 11.153976 2.454826
-99.442791 -45.077353 10.512484 0.081315
-95.479943 -45.077353 11.228978 0.347895
-91.517095 -45.077353 9.912197 -0.633201
-87.554247 -45.077353 11.471668 0.810648
-83.591400 -45.077353 11.234421 0.574389
-79.628552 -45.077353 10.605639 0.332479
-75.665704 -45.077353 11.334937 0.110901
-71.702856 -45.077353 10.461202 0.643368
-67.740008 -45.077353 11.808571 0.177441
-63.777160 -45.077353 11.194888 0.089213
-59.814312 -45.077353 10.854405 -0.485854
-55.851464 -45.077353 9.516717 0.315640
-51.888616 -45.077353 10.280443 -0.257706
-47.925768 -45.077353 11.550533 0.307889
-43.962920 -45.077353 10.669361 0.391924
-40.000072 -45.077353 10.708333 0.575998
-36.037224 -45.077353 10.742317 -0.076622
-32.074376 -45.077353 11.207103 0.461355
-28.111528 -45.077353 10.813205 0.200909
-24.148680 -45.077353 10.886573 0.760913
-20.185832 -45.077353 10.829963 -0.120231
-16.222984 -45.077353 10.993064 0.080101
-12.260136 -45.077353 10.555032 -0.066840
-8.297289 -45.077353 11.192027 0.423373
-4.334441 -45.077353 11.278031 -0.338031
-0.371593 -45.077353 10.738945 0.663619
3.591255 -45.077353 10.108072 0.162263
7.554103 -45.077353 10.495470 0.467976
11.516951 -45.077353 11.488482 0.428787
15.479799 -45.077353 10.734465 -0.429028
19.442647 -45.077353 10.026705 0.222815
23.405495 -45.077353 10.697173 -0.501589
27.368343 -45.077353 11.188484 -0.384436
31.331191 -45.077353 10.531720 -0.197896
35.294039 -45.077353 10.507550 -0.017454
39.256887 -45.077353 10.601672 0.105687
43.219735 -45.077353 10.527683 0.578630
47.182583 -45.077353 -9.203540 13.612099
51.145431 -45.077353 9.760966 0.521911
55.108279 -45.077353 11.681737 0.928732
59.071127 -45.077353 7.572116 -8.604215
63.033975 -45.077353 5.866816 16.732925
66.996822 -45.077353 10.597965 0.437784
-131.145575 -49.040201 1.036627 -3.998123
-127.182727 -49.040201 -6.944331 -12.444921
-123.219879 -49.040201 12.473105 -10.749155
-119.257031 -49.040201 1.591407 -16.766897
-115.294183 -49.040201 10.242636 -3.806579
-111.331335 -49.040201 10.525993 0.534624
-107.368487 -49.040201 11.376784 0.595321
-103.405639 -49.040201 12.195290 1.179704
-99.442791 -49.040201 11.142569 -0.431499
-95.479943 -49.040201 10.791800 0.249549
-91.517095 -49.040201 10.749876 -0.965300
-87.554247 -49.040201 10.635009 -0.600224
-83.591400 -49.040201 11.382486 -0.016840
-79.628552 -49.040201 11.698491 -0.505838
-75.665704 -49.040201 11.060532 -0.232685
-71.702856 -49.040201 11.617706 -0.144588
-67.740008 -49.040201 11.733140 0.325269
-63.777160 -49.040201 11.438623 0.643610
-59.814312 -49.040201 10.729382 0.278065
-55.851464 -49.040201 10.479466 0.105664
-51.888616 -49.040201 11.114752 0.337835
-47.925768 -49.040201 12.122695 -1.081049
-43.962920 -49.040201 9.806510 -0.100464
-40.000072 -49.040201 11.209009 0.585612
-36.037224 -49.040201 9.912816 0.099996
-32.074376 -49.040201 10.370446 0.342664
-28.111528 -49.040201 10.577873 0.363550
-24.148680 -49.040201 10.530633 0.233350
-20.185832 -49.040201 11.658459 0.399295
-16.222984 -49.040201 10.876864 0.656823
-12.260136 -49.040201 11.373510 0.333360
-8.297289 -49.040201 11.020726 0.216613
-4.334441 -49.040201 11.037430 0.116539
-0.371593 -49.040201 11.785250 0.581903
3.591255 -49.040201 10.443199 -0.287242
7.554103 -49.040201 11.236667 -0.086459
11.516951 -49.040201 11.032896 -0.126262
15.479799 -49.040201 11.729592 -0.159494
19.442647 -49.040201 10.675686 -0.168507
23.405495 -49.040201 10.740070 -0.021575
27.368343 -49.040201 10.536076 -0.640261
31.331191 -49.040201 12.026430 -0.866663
35.294039 -49.040201 10.949802 0.150953
39.256887 -49.040201 10.670446 -0.637919
43.219735 -49.040201 9.964588 0.980817
47.182583 -49.040201 11.581842 0.061377
51.145431 -49.040201 10.703842 -0.378084
55.108279 -49.040201 10.503356 0.298650
59.071127 -49.040201 10.109706 -0.338108
63.033975 -49.040201 10.738648 0.355216
66.996822 -49.040201 3.168138 -9.647220
-131.145575 -53.003049 0.000000 0.000000
-127.182727 -53.003049 0.000000 0.000000
-123.219879 -53.003049 0.000000 0.000000
-119.257031 -53.003049 0.000000 0.000000
-115.294183 -53.003049 0.000000 0.000000
-111.331335 -53.003049 0.000000 0.000000
-107.368487 -53.003049 0.000000 0.000000
-103.405639 -53.003049 0.000000 0.000000
-99.442791 -53.003049 0.000000 0.000000
-95.479943 -53.003049 0.000000 0.000000
-91.517095 -53.003049 0.000000 0.000000
-87.554247 -53.003049 0.000000 0.000000
-83.591400 -53.003049 0.000000 0.000000
-79.628552 -53.003049 0.000000 0.000000
-75.665704 -53.003049 0.000000 0.000000
-71.702856 -53.003049 0.000000 0.000000
-67.740008 -53.003049 0.000000 0.000000
-63.777160 -53.003049 0.000000 0.000000
-59.814312 -53.003049 0.000000 0.000000
-55.851464 -53.003049 0.000000 0.000000
-51.888616 -53.003049 0.000000 0.000000
-47.925768 -53.003049 0.000000 0.000000
-43.962920 -53.003049 0.000000 0.000000
-40.000072 -53.003049 0.000000 0.000000
-36.037224 -53.003049 0.000000 0.000000
-32.074376 -53.003049 0.000000 0.000000
-28.111528 -53.003049 0.000000 0.000000
-24.148680 -53.003049 0.000000 0.000000
-20.185832 -53.003049 0.000000 0.000000
-16.222984 -53.003049 0.000000 0.000000
-12.260136 -53.003049 0.000000 0.000000
-8.297289 -53.003049 0.000000 0.000000
-4.334441 -53.003049 0.000000 0.000000
-0.371593 -53.003049 0.000000 0.000000
3.591255 -53.003049 0.000000 0.000000
7.554103 -53.003049 0.000000 0.000000
11.516951 -53.003049 0.000000 0.000000
15.479799 -53.003049 0.000000 0.000000
19.442647 -53.003049 0.000000 0.000000
23.405495 -53.003049 0.000000 0.000000
27.368343 -53.003049 0.000000 0.000000
31.331191 -53.003049 0.000000 0.000000
35.294039 -53.003049 0.000000 0.000000
39.256887 -53.003049 0.000000 0.000000
43.219735 -53.003049 0.000000 0.000000
47.182583 -53.003049 0.000000 0.000000
51.145431 -53.003049 0.000000 0.000000
55.108279 -53.003049 0.000000 0.000000
59.071127 -53.003049 0.000000 0.000000
63.033975 -53.003049 0.000000 0.000000
66.996822 -53.003049 0.000000 0.000000
