TITLE = "B00020"
VARIABLES = "position", "position(2)", "Vx", "Vy"
ZONE T="Frame 0", I=51, J=39
-131.145575 97.585173 11.450696 0.668702
-127.182727 97.585173 11.138339 0.558619
-123.219879 97.585173 11.129729 0.392717
-119.257031 97.585173 11.307360 0.440727
-115.294183 97.585173 11.219846 0.454707
-111.331335 97.585173 0.000000 0.000000
-107.368487 97.585173 0.000000 0.000000
-103.405639 97.585173 0.000000 0.000000
-99.442791 97.585173 0.000000 0.000000
-95.479943 97.585173 0.000000 0.000000
-91.517095 97.585173 0.000000 0.000000
-87.554247 97.585173 11.299432 0.295943
-83.591400 97.585173 11.337287 0.390536
-79.628552 97.585173 11.484102 0.358652
-75.665704 97.585173 11.338565 0.312760
-71.702856 97.585173 11.423201 0.328851
-67.740008 97.585173 11.532883 0.168881
-63.777160 97.585173 11.649124 0.198663
-59.814312 97.585173 11.405574 0.156533
-55.851464 97.585173 11.235457 0.098087
-51.888616 97.585173 11.268031 -0.079308
-47.925768 97.585173 11.272090 -0.095601
-43.962920 97.585173 11.370564 0.070619
-40.000072 97.585173 11.465736 -0.117838
-36.037224 97.585173 11.455796 0.028501
-32.074376 97.585173 11.413808 -0.227851
-28.111528 97.585173 11.194380 -0.014422
-24.148680 97.585173 11.271360 -0.175745
-20.185832 97.585173 11.205987 0.001186
-16.222984 97.585173 11.108272 -0.102011
-12.260136 97.585173 0.000000 0.000000
-8.297289 97.585173 0.000000 0.000000
-4.334441 97.585173 0.000000 0.000000
-0.371593 97.585173 11.152738 -0.032601
3.591255 97.585173 11.117368 -0.080251
7.554103 97.585173 11.068514 0.072618
11.516951 97.585173 11.089799 -0.090171
15.479799 97.585173 11.046782 0.058652
19.442647 97.585173 11.046564 0.167047
23.405495 97.585173 10.992623 0.345775
27.368343 97.585173 11.021996 -0.028364
31.331191 97.585173 10.997923 0.063835
35.294039 97.585173 11.012845 0.199039
39.256887 97.585173 11.001049 -0.142558
43.219735 97.585173 11.039953 -0.113097
47.182583 97.585173 10.900323 0.215583
51.145431 97.585173 11.010283 -0.165434
55.108279 97.585173 10.912461 0.042480
59.071127 97.585173 10.902861 0.091978
63.033975 97.585173 11.014421 0.135107
66.996822 97.585173 10.872345 0.113299
-131.145575 93.622325 16.479597 7.223173
-127.182727 93.622325 10.864890 0.643832
-123.219879 93.622325 11.278311 0.773763
-119.257031 93.622325 11.176144 0.485426
-115.294183 93.622325 11.347095 0.558701
-111.331335 93.622325 0.000000 0.000000
-107.368487 93.622325 0.000000 0.000000
-103.405639 93.622325 0.000000 0.000000
-99.442791 93.622325 0.000000 0.000000
-95.479943 93.622325 0.000000 0.000000
-91.517095 93.622325 0.000000 0.000000
-87.554247 93.622325 11.469284 0.451378
-83.591400 93.622325 11.447645 0.312613
-79.628552 93.622325 11.579596 0.247299
-75.665704 93.622325 11.549519 0.290140
-71.702856 93.622325 11.467785 0.175550
-67.740008 93.622325 11.173164 0.241282
-63.777160 93.622325 11.561866 0.121912
-59.814312 93.622325 11.341185 0.189444
-55.851464 93.622325 11.346834 0.018694
-51.888616 93.622325 11.309162 -0.024864
-47.925768 93.622325 11.373783 0.205615
-43.962920 93.622325 11.411231 -0.012158
-40.000072 93.622325 11.365861 0.092533
-36.037224 93.622325 11.300945 -0.137938
-32.074376 93.622325 11.314091 -0.120312
-28.111528 93.622325 11.459691 -0.180607
-24.148680 93.622325 11.283987 -0.015688
-20.185832 93.622325 11.268400 -0.163536
-16.222984 93.622325 11.123844 0.113311
-12.260136 93.622325 0.000000 0.000000
-8.297289 93.622325 0.000000 0.000000
-4.334441 93.622325 0.000000 0.000000
-0.371593 93.622325 11.028203 -0.132866
3.591255 93.622325 11.026311 -0.116315
7.554103 93.622325 11.036164 -0.229613
11.516951 93.622325 10.999946 -0.149589
15.479799 93.622325 11.110535 -0.124012
19.442647 93.622325 10.914818 0.032250
23.405495 93.622325 11.038445 0.175130
27.368343 93.622325 11.010068 0.039248
31.331191 93.622325 10.995819 -0.067868
35.294039 93.622325 10.956949 -0.014652
39.256887 93.622325 10.958262 0.022672
43.219735 93.622325 11.098038 0.087404
47.182583 93.622325 10.803356 0.005853
51.145431 93.622325 10.927734 0.292748
55.108279 93.622325 10.916202 -0.070439
59.071127 93.622325 10.908409 0.044503
63.033975 93.622325 10.945006 0.006786
66.996822 93.622325 10.955777 0.123480
-131.145575 89.659477 1.753729 -4.094795
-127.182727 89.659477 11.398529 0.757347
-123.219879 89.659477 11.120556 0.671264
-119.257031 89.659477 10.876862 0.264247
-115.294183 89.659477 11.123665 0.630500
-111.331335 89.659477 0.000000 0.000000
-107.368487 89.659477 0.000000 0.000000
-103.405639 89.659477 0.000000 0.000000
-99.442791 89.659477 0.000000 0.000000
-95.479943 89.659477 0.000000 0.000000
-91.517095 89.659477 0.000000 0.000000
-87.554247 89.659477 11.526190 0.528134
-83.591400 89.659477 11.530321 0.363651
-79.628552 89.659477 11.583096 0.266497
-75.665704 89.659477 11.508438 0.114436
-71.702856 89.659477 11.519579 0.375083
-67.740008 89.659477 11.542042 0.208776
-63.777160 89.659477 11.354598 -0.026160
-59.814312 89.659477 11.431909 0.178384
-55.851464 89.659477 11.447028 -0.021445
-51.888616 89.659477 11.268675 -0.007064
-47.925768 89.659477 11.495794 -0.111660
-43.962920 89.659477 11.367586 0.133586
-40.000072 89.659477 11.447563 0.037983
-36.037224 89.659477 11.204276 0.047217
-32.074376 89.659477 11.212564 -0.007789
-28.111528 89.659477 11.251078 -0.216658
-24.148680 89.659477 11.265062 -0.116480
-20.185832 89.659477 11.168949 -0.002064
-16.222984 89.659477 11.283976 -0.313102
-12.260136 89.659477 0.000000 0.000000
-8.297289 89.659477 0.000000 0.000000
-4.334441 89.659477 0.000000 0.000000
-0.371593 89.659477 11.060020 -0.129374
3.591255 89.659477 11.022633 -0.007227
7.554103 89.659477 11.158113 -0.180116
11.516951 89.659477 11.039944 -0.247174
15.479799 89.659477 11.180075 0.173681
19.442647 89.659477 11.129060 0.047842
23.405495 89.659477 10.976648 0.145372
27.368343 89.659477 11.046619 0.034416
31.331191 89.659477 10.944121 0.085573
35.294039 89.659477 11.052197 -0.063805
39.256887 89.659477 10.916219 -0.099426
43.219735 89.659477 10.922545 -0.072220
47.182583 89.659477 10.968328 -0.080191
51.145431 89.659477 10.867845 0.031919
55.108279 89.659477 11.109361 0.160934
59.071127 89.659477 11.081050 0.088950
63.033975 89.659477 10.927330 0.079482
66.996822 89.659477 10.879525 -0.145397
-131.145575 85.696629 17.565567 -12.588100
-127.182727 85.696629 10.831614 0.444609
-123.219879 85.696629 10.891019 0.653423
-119.257031 85.696629 10.991134 0.446317
-115.294183 85.696629 10.879814 0.518210
-111.331335 85.696629 0.000000 0.000000
-107.368487 85.696629 0.000000 0.000000
-103.405639 85.696629 0.000000 0.000000
-99.442791 85.696629 0.000000 0.000000
-95.479943 85.696629 0.000000 0.000000
-91.517095 85.696629 0.000000 0.000000
-87.554247 85.696629 11.480964 0.443729
-83.591400 85.696629 11.542360 0.462138
-79.628552 85.696629 11.490107 0.343912
-75.665704 85.696629 11.682725 0.323075
-71.702856 85.696629 11.672634 0.286734
-67.740008 85.696629 11.516229 0.198176
-63.777160 85.696629 11.606894 0.126617
-59.814312 85.696629 11.653289 0.176144
-55.851464 85.696629 11.630250 0.192569
-51.888616 85.696629 11.436524 0.033871
-47.925768 85.696629 11.476881 0.044598
-43.962920 85.696629 11.316923 -0.147372
-40.000072 85.696629 11.363084 -0.040582
-36.037224 85.696629 11.395133 -0.136536
-32.074376 85.696629 11.486537 -0.046201
-28.111528 85.696629 11.231531 -0.146768
-24.148680 85.696629 11.255900 -0.084298
-20.185832 85.696629 11.319960 -0.282467
-16.222984 85.696629 11.305120 -0.100789
-12.260136 85.696629 0.000000 0.000000
-8.297289 85.696629 0.000000 0.000000
-4.334441 85.696629 0.000000 0.000000
-0.371593 85.696629 11.058837 -0.028972
3.591255 85.696629 11.059056 -0.111053
7.554103 85.696629 11.049047 0.001432
11.516951 85.696629 10.952196 0.060176
15.479799 85.696629 11.028399 -0.057484
19.442647 85.696629 11.086649 -0.132332
23.405495 85.696629 11.050056 -0.139696
27.368343 85.696629 10.894673 -0.064609
31.331191 85.696629 10.991476 -0.167525
35.294039 85.696629 10.921976 0.093030
39.256887 85.696629 10.885700 0.155946
43.219735 85.696629 10.905190 -0.086118
47.182583 85.696629 11.024219 -0.162019
51.145431 85.696629 10.985682 0.251985
55.108279 85.696629 10.960382 -0.068495
59.071127 85.696629 10.955870 0.164147
63.033975 85.696629 11.010760 0.090306
66.996822 85.696629 10.864863 0.111358
-131.145575 81.733781 11.456672 0.798635
-127.182727 81.733781 11.352185 1.124154
-123.219879 81.733781 11.315735 0.575612
-119.257031 81.733781 11.288347 0.660729
-115.294183 81.733781 11.484905 0.685181
-111.331335 81.733781 0.000000 0.000000
-107.368487 81.733781 0.000000 0.000000
-103.405639 81.733781 0.000000 0.000000
-99.442791 81.733781 0.000000 0.000000
-95.479943 81.733781 0.000000 0.000000
-91.517095 81.733781 0.000000 0.000000
-87.554247 81.733781 11.338955 0.411922
-83.591400 81.733781 11.746534 0.444878
-79.628552 81.733781 11.769489 0.515536
-75.665704 81.733781 11.592869 0.380925
-71.702856 81.733781 11.627572 0.276095
-67.740008 81.733781 11.634323 0.187667
-63.777160 81.733781 11.532112 0.169977
-59.814312 81.733781 11.616781 0.253090
-55.851464 81.733781 11.592763 0.116528
-51.888616 81.733781 11.506836 -0.163450
-47.925768 81.733781 11.473666 0.035092
-43.962920 81.733781 11.486807 -0.142450
-40.000072 81.733781 11.311322 -0.207941
-36.037224 81.733781 11.522511 0.048212
-32.074376 81.733781 11.401448 -0.197055
-28.111528 81.733781 11.417389 -0.123712
-24.148680 81.733781 11.385612 -0.201189
-20.185832 81.733781 11.091852 -0.156433
-16.222984 81.733781 11.336471 -0.307815
-12.260136 81.733781 0.000000 0.000000
-8.297289 81.733781 0.000000 0.000000
-4.334441 81.733781 0.000000 0.000000
-0.371593 81.733781 11.134135 -0.117837
3.591255 81.733781 11.080283 0.030069
7.554103 81.733781 10.991929 -0.216746
11.516951 81.733781 11.004663 -0.095605
15.479799 81.733781 10.916014 0.018700
19.442647 81.733781 11.011153 -0.005564
23.405495 81.733781 10.985308 0.080567
27.368343 81.733781 10.993168 0.068640
31.331191 81.733781 11.065157 -0.213746
35.294039 81.733781 11.030524 0.016874
39.256887 81.733781 10.926582 -0.115987
43.219735 81.733781 10.846570 -0.154764
47.182583 81.733781 11.041074 -0.017678
51.145431 81.733781 10.986935 -0.049705
55.108279 81.733781 11.051956 -0.062472
59.071127 81.733781 10.956178 -0.170467
63.033975 81.733781 10.940496 0.081602
66.996822 81.733781 10.984792 0.230459
-131.145575 77.770933 10.879622 0.767369
-127.182727 77.770933 10.955093 1.073921
-123.219879 77.770933 10.957899 0.529026
-119.257031 77.770933 11.238625 0.657489
-115.294183 77.770933 11.448831 0.556693
-111.331335 77.770933 0.000000 0.000000
-107.368487 77.770933 0.000000 0.000000
-103.405639 77.770933 0.000000 0.000000
-99.442791 77.770933 0.000000 0.000000
-95.479943 77.770933 0.000000 0.000000
-91.517095 77.770933 11.309112 0.525405
-87.554247 77.770933 11.457720 0.447442
-83.591400 77.770933 11.575043 0.433425
-79.628552 77.770933 11.698233 0.280399
-75.665704 77.770933 11.761648 0.206548
-71.702856 77.770933 11.712131 0.380707
-67.740008 77.770933 11.583855 0.225560
-63.777160 77.770933 11.634178 0.087592
-59.814312 77.770933 11.593913 0.220140
-55.851464 77.770933 11.504491 0.018949
-51.888616 77.770933 11.575887 0.085057
-47.925768 77.770933 11.602631 -0.089787
-43.962920 77.770933 11.452403 -0.010811
-40.000072 77.770933 11.378249 -0.024715
-36.037224 77.770933 11.327622 -0.223982
-32.074376 77.770933 11.255168 -0.121272
-28.111528 77.770933 11.479583 -0.222034
-24.148680 77.770933 11.353014 -0.271227
-20.185832 77.770933 11.150036 -0.199465
-16.222984 77.770933 11.103667 -0.083277
-12.260136 77.770933 0.000000 0.000000
-8.297289 77.770933 0.000000 0.000000
-4.334441 77.770933 0.000000 0.000000
-0.371593 77.770933 11.027181 -0.153405
3.591255 77.770933 11.033076 -0.209857
7.554103 77.770933 10.936778 -0.098970
11.516951 77.770933 10.938229 -0.107993
15.479799 77.770933 10.938899 -0.066555
19.442647 77.770933 10.857254 -0.205163
23.405495 77.770933 10.877445 0.015550
27.368343 77.770933 10.947626 -0.121187
31.331191 77.770933 11.019333 0.078271
35.294039 77.770933 10.939272 0.003882
39.256887 77.770933 11.027839 -0.114062
43.219735 77.770933 10.808439 -0.140128
47.182583 77.770933 10.958419 0.073561
51.145431 77.770933 11.063535 -0.019515
55.108279 77.770933 11.009582 0.120323
59.071127 77.770933 10.850260 0.036007
63.033975 77.770933 10.807461 -0.068309
66.996822 77.770933 11.011466 -0.055276
-131.145575 73.808085 -8.649496 1.555139
-127.182727 73.808085 11.240376 0.689152
-123.219879 73.808085 11.332999 0.904996
-119.257031 73.808085 11.507892 0.593325
-115.294183 73.808085 11.450123 0.635808
-111.331335 73.808085 0.000000 0.000000
-107.368487 73.808085 0.000000 0.000000
-103.405639 73.808085 0.000000 0.000000
-99.442791 73.808085 0.000000 0.000000
-95.479943 73.808085 0.000000 0.000000
-91.517095 73.808085 11.621366 0.614965
-87.554247 73.808085 11.520166 0.539627
-83.591400 73.808085 11.628442 0.440585
-79.628552 73.808085 11.733165 0.394954
-75.665704 73.808085 11.860804 0.273657
-71.702856 73.808085 11.736387 0.287277
-67.740008 73.808085 11.777222 0.198275
-63.777160 73.808085 11.602561 0.106715
-59.814312 73.808085 11.626504 0.157291
-55.851464 73.808085 11.511094 -0.040170
-51.888616 73.808085 11.678495 -0.001910
-47.925768 73.808085 11.429739 -0.062795
-43.962920 73.808085 11.601665 -0.087959
-40.000072 73.808085 11.481229 -0.079202
-36.037224 73.808085 11.553855 -0.189835
-32.074376 73.808085 11.468284 -0.129182
-28.111528 73.808085 11.140204 -0.306378
-24.148680 73.808085 11.256310 -0.169723
-20.185832 73.808085 11.197310 -0.197830
-16.222984 73.808085 11.432858 -0.275505
-12.260136 73.808085 0.000000 0.000000
-8.297289 73.808085 0.000000 0.000000
-4.334441 73.808085 0.000000 0.000000
-0.371593 73.808085 11.159351 -0.101138
3.591255 73.808085 10.919672 -0.122153
7.554103 73.808085 11.147290 -0.228639
11.516951 73.808085 11.034793 -0.071101
15.479799 73.808085 10.927344 -0.186735
19.442647 73.808085 10.918899 -0.237864
23.405495 73.808085 10.936223 -0.218630
27.368343 73.808085 10.980543 -0.074968
31.331191 73.808085 11.036297 0.024734
35.294039 73.808085 10.970984 -0.074366
39.256887 73.808085 10.855663 -0.037125
43.219735 73.808085 10.882049 0.133059
47.182583 73.808085 10.870417 0.027445
51.145431 73.808085 10.997227 0.012172
55.108279 73.808085 10.803457 0.085927
59.071127 73.808085 11.362691 0.141551
63.033975 73.808085 10.771442 0.181030
66.996822 73.808085 10.879790 -0.099698
-131.145575 69.845237 -15.136535 8.965936
-127.182727 69.845237 7.320049 -4.585959
-123.219879 69.845237 11.217913 0.840428
-119.257031 69.845237 11.078524 0.696010
-115.294183 69.845237 11.137341 0.572195
-111.331335 69.845237 0.000000 0.000000
-107.368487 69.845237 0.000000 0.000000
-103.405639 69.845237 0.000000 0.000000
-99.442791 69.845237 0.000000 0.000000
-95.479943 69.845237 0.000000 0.000000
-91.517095 69.845237 11.538726 0.536115
-87.554247 69.845237 11.753032 0.462537
-83.591400 69.845237 11.656984 0.216100
-79.628552 69.845237 11.799270 0.249437
-75.665704 69.845237 11.622622 0.203046
-71.702856 69.845237 11.826537 0.107080
-67.740008 69.845237 11.757814 0.156040
-63.777160 69.845237 11.827364 -0.093697
-59.814312 69.845237 11.595646 -0.088737
-55.851464 69.845237 11.673133 -0.136432
-51.888616 69.845237 11.644024 -0.269519
-47.925768 69.845237 11.637271 0.009620
-43.962920 69.845237 11.637321 -0.150886
-40.000072 69.845237 11.424541 -0.204961
-36.037224 69.845237 11.401561 -0.158401
-32.074376 69.845237 11.457106 -0.263471
-28.111528 69.845237 11.379867 -0.292062
-24.148680 69.845237 11.248354 -0.295323
-20.185832 69.845237 11.474784 -0.381363
-16.222984 69.845237 11.276542 -0.228805
-12.260136 69.845237 0.000000 0.000000
-8.297289 69.845237 0.000000 0.000000
-4.334441 69.845237 0.000000 0.000000
-0.371593 69.845237 11.045614 -0.249247
3.591255 69.845237 11.125844 -0.293970
7.554103 69.845237 11.054650 -0.049643
11.516951 69.845237 10.852429 -0.083229
15.479799 69.845237 10.922295 -0.205249
19.442647 69.845237 11.093785 -0.074128
23.405495 69.845237 10.914433 0.082594
27.368343 69.845237 10.894512 -0.142060
31.331191 69.845237 10.864601 -0.062494
35.294039 69.845237 10.898754 -0.206891
39.256887 69.845237 10.953727 -0.115467
43.219735 69.845237 10.826716 0.159383
47.182583 69.845237 10.800037 0.146862
51.145431 69.845237 10.870205 0.007049
55.108279 69.845237 10.980463 0.017957
59.071127 69.845237 10.899925 -0.141581
63.033975 69.845237 10.931415 0.106506
66.996822 69.845237 10.806355 0.107532
-131.145575 65.882389 9.795678 -16.858063
-127.182727 65.882389 10.950198 1.470243
-123.219879 65.882389 11.423613 1.145690
-119.257031 65.882389 10.952102 0.771482
-115.294183 65.882389 11.533712 0.765116
-111.331335 65.882389 0.000000 0.000000
-107.368487 65.882389 0.000000 0.000000
-103.405639 65.882389 0.000000 0.000000
-99.442791 65.882389 0.000000 0.000000
-95.479943 65.882389 0.000000 0.000000
-91.517095 65.882389 11.713856 0.748748
-87.554247 65.882389 11.622682 0.690545
-83.591400 65.882389 11.691422 0.401016
-79.628552 65.882389 11.912178 0.443052
-75.665704 65.882389 11.963130 0.123598
-71.702856 65.882389 11.949459 0.260841
-67.740008 65.882389 11.824768 -0.033282
-63.777160 65.882389 11.892843 -0.090691
-59.814312 65.882389 11.797715 0.166664
-55.851464 65.882389 11.791758 -0.170023
-51.888616 65.882389 11.619532 -0.050084
-47.925768 65.882389 11.728250 -0.106383
-43.962920 65.882389 11.604928 -0.265214
-40.000072 65.882389 11.530765 -0.173964
-36.037224 65.882389 11.663450 -0.382931
-32.074376 65.882389 11.514293 -0.143490
-28.111528 65.882389 11.530340 -0.202737
-24.148680 65.882389 11.339657 -0.232785
-20.185832 65.882389 11.243910 -0.354475
-16.222984 65.882389 11.234575 -0.425149
-12.260136 65.882389 0.000000 0.000000
-8.297289 65.882389 0.000000 0.000000
-4.334441 65.882389 11.047418 -0.288501
-0.371593 65.882389 11.138925 -0.297432
3.591255 65.882389 10.903400 -0.223718
7.554103 65.882389 11.103786 -0.081512
11.516951 65.882389 10.874996 -0.098917
15.479799 65.882389 10.845186 -0.134123
19.442647 65.882389 10.892316 -0.182649
23.405495 65.882389 10.984664 -0.197753
27.368343 65.882389 10.796292 -0.072006
31.331191 65.882389 10.956741 -0.110090
35.294039 65.882389 10.869214 -0.193329
39.256887 65.882389 11.001180 -0.091970
43.219735 65.882389 10.694165 0.149241
47.182583 65.882389 10.832812 -0.034181
51.145431 65.882389 10.834386 -0.062890
55.108279 65.882389 10.888267 -0.120739
59.071127 65.882389 10.705400 -0.154805
63.033975 65.882389 10.781242 0.096377
66.996822 65.882389 10.872251 -0.014247
-131.145575 61.919541 8.484937 -14.745752
-127.182727 61.919541 2.310905 -10.657662
-123.219879 61.919541 11.073491 0.975217
-119.257031 61.919541 11.119604 0.987540
-115.294183 61.919541 10.940504 0.929862
-111.331335 61.919541 0.000000 0.000000
-107.368487 61.919541 0.000000 0.000000
-103.405639 61.919541 0.000000 0.000000
-99.442791 61.919541 0.000000 0.000000
-95.479943 61.919541 0.000000 0.000000
-91.517095 61.919541 11.978043 0.519095
-87.554247 61.919541 11.813117 0.554518
-83.591400 61.919541 11.873141 0.570652
-79.628552 61.919541 11.755430 0.125399
-75.665704 61.919541 11.879895 0.029830
-71.702856 61.919541 11.996977 0.317972
-67.740008 61.919541 11.854018 0.149071
-63.777160 61.919541 11.838458 0.070136
-59.814312 61.919541 11.829273 -0.205860
-55.851464 61.919541 11.999617 -0.058090
-51.888616 61.919541 11.758120 -0.057946
-47.925768 61.919541 11.743470 -0.284030
-43.962920 61.919541 11.778431 -0.347353
-40.000072 61.919541 11.633904 -0.364185
-36.037224 61.919541 11.768988 -0.294348
-32.074376 61.919541 11.563590 -0.079150
-28.111528 61.919541 11.420764 -0.308742
-24.148680 61.919541 11.127734 -0.363552
-20.185832 61.919541 11.063390 -0.427847
-16.222984 61.919541 11.277872 -0.535887
-12.260136 61.919541 0.000000 0.000000
-8.297289 61.919541 0.000000 0.000000
-4.334441 61.919541 11.043537 -0.298103
-0.371593 61.919541 11.075154 -0.295146
3.591255 61.919541 10.988480 -0.258061
7.554103 61.919541 11.008966 -0.152878
11.516951 61.919541 10.832472 -0.320034
15.479799 61.919541 10.862446 -0.132924
19.442647 61.919541 10.911436 -0.011645
23.405495 61.919541 10.936927 -0.066119
27.368343 61.919541 10.928493 0.138095
31.331191 61.919541 10.820129 -0.170350
35.294039 61.919541 10.838510 -0.054026
39.256887 61.919541 10.947023 -0.272699
43.219735 61.919541 10.780756 -0.075663
47.182583 61.919541 10.882738 -0.025399
51.145431 61.919541 10.936573 0.024147
55.108279 61.919541 11.033529 0.212192
59.071127 61.919541 10.948576 0.165017
63.033975 61.919541 10.739483 0.015507
66.996822 61.919541 10.816309 0.105395
-131.145575 57.956694 10.326768 15.224833
-127.182727 57.956694 10.482484 0.557060
-123.219879 57.956694 11.228706 0.641986
-119.257031 57.956694 11.079541 1.186136
-115.294183 57.956694 11.284435 0.975247
-111.331335 57.956694 0.000000 0.000000
-107.368487 57.956694 0.000000 0.000000
-103.405639 57.956694 0.000000 0.000000
-99.442791 57.956694 0.000000 0.000000
-95.479943 57.956694 11.839007 0.729613
-91.517095 57.956694 12.183807 0.890233
-87.554247 57.956694 12.050060 0.751524
-83.591400 57.956694 11.875134 0.514853
-79.628552 57.956694 12.020927 0.324251
-75.665704 57.956694 12.177669 0.263231
-71.702856 57.956694 11.969327 0.359818
-67.740008 57.956694 11.985883 0.215950
-63.777160 57.956694 11.814469 -0.161814
-59.814312 57.956694 11.914530 0.218201
-55.851464 57.956694 11.872936 -0.034585
-51.888616 57.956694 11.822297 -0.141371
-47.925768 57.956694 11.740585 -0.345579
-43.962920 57.956694 11.814462 -0.220078
-40.000072 57.956694 11.755184 -0.341026
-36.037224 57.956694 11.509954 -0.450734
-32.074376 57.956694 11.535190 -0.345328
-28.111528 57.956694 11.384622 -0.479679
-24.148680 57.956694 11.098319 -0.550690
-20.185832 57.956694 11.342488 -0.487540
-16.222984 57.956694 11.158553 -0.497482
-12.260136 57.956694 0.000000 0.000000
-8.297289 57.956694 0.000000 0.000000
-4.334441 57.956694 10.877575 -0.226144
-0.371593 57.956694 10.799281 -0.422626
3.591255 57.956694 10.793908 -0.348115
7.554103 57.956694 10.906591 -0.197494
11.516951 57.956694 10.878284 -0.230981
15.479799 57.956694 10.825998 -0.328889
19.442647 57.956694 10.924502 -0.174679
23.405495 57.956694 10.790460 -0.107515
27.368343 57.956694 10.927038 0.023252
31.331191 57.956694 10.778090 -0.142710
35.294039 57.956694 10.856375 -0.185514
39.256887 57.956694 10.700948 0.109665
43.219735 57.956694 10.924534 -0.026862
47.182583 57.956694 11.000247 -0.090693
51.145431 57.956694 10.825953 0.108746
55.108279 57.956694 11.069426 0.032524
59.071127 57.956694 10.956749 0.133148
63.033975 57.956694 11.107415 0.035775
66.996822 57.956694 10.836936 0.547052
-131.145575 53.993846 -14.705956 4.115276
-127.182727 53.993846 -6.717547 13.674630
-123.219879 53.993846 11.437505 1.118829
-119.257031 53.993846 10.714778 0.978397
-115.294183 53.993846 10.862940 1.063750
-111.331335 53.993846 0.000000 0.000000
-107.368487 53.993846 0.000000 0.000000
-103.405639 53.993846 0.000000 0.000000
-99.442791 53.993846 0.000000 0.000000
-95.479943 53.993846 12.044832 1.143318
-91.517095 53.993846 12.217222 1.029732
-87.554247 53.993846 12.325832 0.944520
-83.591400 53.993846 12.106441 0.635114
-79.628552 53.993846 12.207283 0.542650
-75.665704 53.993846 12.125756 0.374027
-71.702856 53.993846 12.178177 0.235150
-67.740008 53.993846 12.012825 -0.115653
-63.777160 53.993846 12.034278 0.099158
-59.814312 53.993846 12.029682 0.064410
-55.851464 53.993846 11.875566 -0.304487
-51.888616 53.993846 11.873416 -0.260637
-47.925768 53.993846 11.762383 -0.430934
-43.962920 53.993846 11.779699 -0.415979
-40.000072 53.993846 11.714335 -0.378316
-36.037224 53.993846 11.609587 -0.372036
-32.074376 53.993846 11.557610 -0.460069
-28.111528 53.993846 11.261228 -0.476038
-24.148680 53.993846 11.273867 -0.654493
-20.185832 53.993846 11.315277 -0.629879
-16.222984 53.993846 11.198935 -0.567896
-12.260136 53.993846 11.089437 -0.438446
-8.297289 53.993846 0.000000 0.000000
-4.334441 53.993846 10.886047 -0.537849
-0.371593 53.993846 10.872465 -0.319192
3.591255 53.993846 10.751549 -0.174782
7.554103 53.993846 10.964592 -0.290487
11.516951 53.993846 10.538350 -0.082088
15.479799 53.993846 10.889484 0.005037
19.442647 53.993846 10.787971 -0.192919
23.405495 53.993846 10.723806 -0.192272
27.368343 53.993846 10.898699 -0.211021
31.331191 53.993846 10.814904 -0.188819
35.294039 53.993846 10.838635 -0.238453
39.256887 53.993846 10.856138 -0.173154
43.219735 53.993846 10.763019 -0.189328
47.182583 53.993846 10.795350 0.145551
51.145431 53.993846 10.863306 -0.021131
55.108279 53.993846 11.060221 0.063363
59.071127 53.993846 11.010941 0.084342
63.033975 53.993846 11.097309 0.104792
66.996822 53.993846 10.795543 -0.146162
-131.145575 50.030998 -15.583733 -5.284317
-127.182727 50.030998 10.259941 0.571844
-123.219879 50.030998 10.600414 0.403754
-119.257031 50.030998 11.014747 1.245684
-115.294183 50.030998 11.078926 1.516424
-111.331335 50.030998 0.000000 0.000000
-107.368487 50.030998 0.000000 0.000000
-103.405639 50.030998 0.000000 0.000000
-99.442791 50.030998 0.000000 0.000000
-95.479943 50.030998 12.111509 1.298975
-91.517095 50.030998 12.212648 1.275075
-87.554247 50.030998 12.449676 0.837640
-83.591400 50.030998 12.379892 0.626885
-79.628552 50.030998 12.510127 0.487628
-75.665704 50.030998 12.454600 0.384178
-71.702856 50.030998 12.392134 0.092770
-67.740008 50.030998 12.191069 -0.093238
-63.777160 50.030998 12.067161 -0.241031
-59.814312 50.030998 12.178789 -0.328847
-55.851464 50.030998 12.101105 -0.348594
-51.888616 50.030998 11.968700 -0.378889
-47.925768 50.030998 11.905135 -0.489433
-43.962920 50.030998 11.860384 -0.527659
-40.000072 50.030998 11.758935 -0.596096
-36.037224 50.030998 11.553814 -0.459230
-32.074376 50.030998 11.567316 -0.642528
-28.111528 50.030998 11.527544 -0.579141
-24.148680 50.030998 11.372971 -0.527158
-20.185832 50.030998 11.205218 -0.643127
-16.222984 50.030998 11.026600 -0.661637
-12.260136 50.030998 11.290910 -0.424666
-8.297289 50.030998 0.000000 0.000000
-4.334441 50.030998 10.882675 -0.648850
-0.371593 50.030998 10.800806 -0.497031
3.591255 50.030998 10.689268 -0.308220
7.554103 50.030998 10.734059 -0.336284
11.516951 50.030998 10.665747 -0.433572
15.479799 50.030998 10.738256 -0.061748
19.442647 50.030998 10.734607 -0.077898
23.405495 50.030998 10.762997 -0.264926
27.368343 50.030998 10.789139 0.125784
31.331191 50.030998 10.865921 -0.108254
35.294039 50.030998 10.860282 -0.232118
39.256887 50.030998 10.827676 -0.189495
43.219735 50.030998 10.704744 0.092076
47.182583 50.030998 10.639506 0.337377
51.145431 50.030998 10.919135 -0.068904
55.108279 50.030998 10.959771 -0.157692
59.071127 50.030998 11.004354 -0.395965
63.033975 50.030998 10.968679 -0.263169
66.996822 50.030998 10.896664 0.137989
-131.145575 46.068150 -2.279438 3.429752
-127.182727 46.068150 2.684875 -11.972051
-123.219879 46.068150 10.300959 1.084316
-119.257031 46.068150 10.561788 1.106697
-115.294183 46.068150 10.491059 1.690822
-111.331335 46.068150 10.984599 1.779860
-107.368487 46.068150 0.000000 0.000000
-103.405639 46.068150 0.000000 0.000000
-99.442791 46.068150 0.000000 0.000000
-95.479943 46.068150 12.346508 1.566860
-91.517095 46.068150 12.585814 1.063704
-87.554247 46.068150 12.569182 0.825997
-83.591400 46.068150 12.552711 0.767425
-79.628552 46.068150 12.464456 0.309997
-75.665704 46.068150 12.381601 0.320880
-71.702856 46.068150 12.436186 0.124491
-67.740008 46.068150 12.239161 0.010160
-63.777160 46.068150 12.210438 -0.191811
-59.814312 46.068150 12.149546 -0.360997
-55.851464 46.068150 11.899712 -0.355949
-51.888616 46.068150 11.895805 -0.247668
-47.925768 46.068150 11.863652 -0.484453
-43.962920 46.068150 11.908112 -0.637874
-40.000072 46.068150 11.557364 -0.485002
-36.037224 46.068150 11.527113 -0.534315
-32.074376 46.068150 11.707474 -0.538243
-28.111528 46.068150 11.630840 -0.739227
-24.148680 46.068150 11.390257 -0.742882
-20.185832 46.068150 11.504715 -0.763489
-16.222984 46.068150 11.237927 -0.641378
-12.260136 46.068150 10.998282 -0.719201
-8.297289 46.068150 0.000000 0.000000
-4.334441 46.068150 10.740810 -0.717066
-0.371593 46.068150 10.626305 -0.366724
3.591255 46.068150 10.526830 -0.148467
7.554103 46.068150 10.904984 -0.003198
11.516951 46.068150 10.756957 -0.164128
15.479799 46.068150 10.776487 -0.347064
19.442647 46.068150 10.666271 0.019132
23.405495 46.068150 10.498490 -0.045145
27.368343 46.068150 10.951071 0.092809
31.331191 46.068150 11.274035 -0.072030
35.294039 46.068150 10.890648 -0.253078
39.256887 46.068150 10.867433 -0.421277
43.219735 46.068150 10.534679 0.061612
47.182583 46.068150 9.904045 0.536898
51.145431 46.068150 9.268757 1.523622
55.108279 46.068150 10.871509 -0.029119
59.071127 46.068150 10.966595 -0.120099
63.033975 46.068150 10.961999 -0.438875
66.996822 46.068150 10.679432 0.260741
-131.145575 42.105302 -14.527719 15.548038
-127.182727 42.105302 3.226497 10.084618
-123.219879 42.105302 10.147643 0.762182
-119.257031 42.105302 10.041072 1.364062
-115.294183 42.105302 9.946666 1.642295
-111.331335 42.105302 10.410140 1.892994
-107.368487 42.105302 0.000000 0.000000
-103.405639 42.105302 0.000000 0.000000
-99.442791 42.105302 12.549041 2.367521
-95.479943 42.105302 12.756948 1.665625
-91.517095 42.105302 12.947711 0.840164
-87.554247 42.105302 13.031978 0.685812
-83.591400 42.105302 12.519973 0.478595
-79.628552 42.105302 12.705074 0.426791
-75.665704 42.105302 12.644828 -0.070378
-71.702856 42.105302 12.853400 -0.123750
-67.740008 42.105302 12.274405 -0.247130
-63.777160 42.105302 12.278838 -0.150620
-59.814312 42.105302 12.269463 -0.374308
-55.851464 42.105302 11.899574 -0.532635
-51.888616 42.105302 12.073387 -0.354057
-47.925768 42.105302 11.796390 -0.436669
-43.962920 42.105302 11.797590 -0.715012
-40.000072 42.105302 11.866692 -0.709006
-36.037224 42.105302 11.712566 -0.624446
-32.074376 42.105302 11.791781 -0.628286
-28.111528 42.105302 11.537935 -0.867938
-24.148680 42.105302 11.314351 -0.782582
-20.185832 42.105302 11.184907 -0.713200
-16.222984 42.105302 11.416659 -0.965199
-12.260136 42.105302 10.976689 -1.001939
-8.297289 42.105302 0.000000 0.000000
-4.334441 42.105302 10.614521 -1.068434
-0.371593 42.105302 9.916750 -0.634056
3.591255 42.105302 9.774721 0.536724
7.554103 42.105302 11.484006 0.398565
11.516951 42.105302 11.085813 -0.703678
15.479799 42.105302 10.484834 -0.576062
19.442647 42.105302 10.241031 -0.519994
23.405495 42.105302 10.408043 -0.479011
27.368343 42.105302 10.969861 -0.608959
31.331191 42.105302 11.019287 -0.121342
35.294039 42.105302 10.930774 -0.335154
39.256887 42.105302 10.924929 -0.425973
43.219735 42.105302 10.120015 -0.429167
47.182583 42.105302 8.523633 0.380714
51.145431 42.105302 8.383087 1.168160
55.108279 42.105302 10.869891 1.430643
59.071127 42.105302 11.242917 -0.895004
63.033975 42.105302 10.547336 -0.980228
66.996822 42.105302 10.497073 -0.643469
-131.145575 38.142454 -7.933540 11.988295
-127.182727 38.142454 -12.270334 -12.784947
-123.219879 38.142454 7.411363 -17.361052
-119.257031 38.142454 10.173782 0.930836
-115.294183 38.142454 9.626393 1.480618
-111.331335 38.142454 9.489725 2.988381
-107.368487 38.142454 0.000000 0.000000
-103.405639 38.142454 0.000000 0.000000
-99.442791 38.142454 0.000000 0.000000
-95.479943 38.142454 0.000000 0.000000
-91.517095 38.142454 0.000000 0.000000
-87.554247 38.142454 0.000000 0.000000
-83.591400 38.142454 0.000000 0.000000
-79.628552 38.142454 0.000000 0.000000
-75.665704 38.142454 0.000000 0.000000
-71.702856 38.142454 0.000000 0.000000
-67.740008 38.142454 0.000000 0.000000
-63.777160 38.142454 0.000000 0.000000
-59.814312 38.142454 0.000000 0.000000
-55.851464 38.142454 0.000000 0.000000
-51.888616 38.142454 0.000000 0.000000
-47.925768 38.142454 0.000000 0.000000
-43.962920 38.142454 0.000000 0.000000
-40.000072 38.142454 0.000000 0.000000
-36.037224 38.142454 0.000000 0.000000
-32.074376 38.142454 0.000000 0.000000
-28.111528 38.142454 0.000000 0.000000
-24.148680 38.142454 11.059514 -0.930441
-20.185832 38.142454 11.445640 -0.710147
-16.222984 38.142454 11.634115 -1.727643
-12.260136 38.142454 10.662338 -1.403538
-8.297289 38.142454 0.000000 0.000000
-4.334441 38.142454 10.179408 -2.010034
-0.371593 38.142454 8.870253 -1.546104
3.591255 38.142454 4.416986 3.707083
7.554103 38.142454 6.011447 4.160190
11.516951 38.142454 10.388002 -1.191870
15.479799 38.142454 10.583222 -1.296967
19.442647 38.142454 10.315780 -0.846960
23.405495 38.142454 10.215272 -1.329016
27.368343 38.142454 9.506431 0.395914
31.331191 38.142454 9.405460 1.604688
35.294039 38.142454 9.671800 1.621616
39.256887 38.142454 10.719563 -1.359665
43.219735 38.142454 9.768038 -1.234762
47.182583 38.142454 8.097445 -0.343124
51.145431 38.142454 8.526058 -0.093649
55.108279 38.142454 9.630486 2.274940
59.071127 38.142454 9.883929 -1.088496
63.033975 38.142454 9.987873 -1.665782
66.996822 38.142454 10.922129 -2.314219
-131.145575 34.179606 -14.254973 -4.030929
-127.182727 34.179606 16.087374 15.336109
-123.219879 34.179606 -10.381363 -13.483199
-119.257031 34.179606 8.991384 0.575391
-115.294183 34.179606 0.000000 0.000000
-111.331335 34.179606 0.000000 0.000000
-107.368487 34.179606 0.000000 0.000000
-103.405639 34.179606 0.000000 0.000000
-99.442791 34.179606 0.000000 0.000000
-95.479943 34.179606 0.000000 0.000000
-91.517095 34.179606 0.000000 0.000000
-87.554247 34.179606 0.000000 0.000000
-83.591400 34.179606 0.000000 0.000000
-79.628552 34.179606 0.000000 0.000000
-75.665704 34.179606 0.000000 0.000000
-71.702856 34.179606 0.000000 0.000000
-67.740008 34.179606 0.000000 0.000000
-63.777160 34.179606 0.000000 0.000000
-59.814312 34.179606 0.000000 0.000000
-55.851464 34.179606 0.000000 0.000000
-51.888616 34.179606 0.000000 0.000000
-47.925768 34.179606 0.000000 0.000000
-43.962920 34.179606 0.000000 0.000000
-40.000072 34.179606 0.000000 0.000000
-36.037224 34.179606 0.000000 0.000000
-32.074376 34.179606 0.000000 0.000000
-28.111528 34.179606 0.000000 0.000000
-24.148680 34.179606 0.000000 0.000000
-20.185832 34.179606 0.000000 0.000000
-16.222984 34.179606 0.000000 0.000000
-12.260136 34.179606 0.000000 0.000000
-8.297289 34.179606 0.000000 0.000000
-4.334441 34.179606 0.000000 0.000000
-0.371593 34.179606 8.102243 -2.900268
3.591255 34.179606 9.273958 -0.286746
7.554103 34.179606 8.058778 3.816013
11.516951 34.179606 9.142860 0.720289
15.479799 34.179606 10.518073 -1.091529
19.442647 34.179606 10.484641 -1.650925
23.405495 34.179606 9.550931 -1.539189
27.368343 34.179606 7.064194 1.549674
31.331191 34.179606 9.769529 2.410643
35.294039 34.179606 9.665131 1.980803
39.256887 34.179606 10.571081 -1.652822
43.219735 34.179606 10.114978 -0.996860
47.182583 34.179606 8.695802 -1.329204
51.145431 34.179606 11.085383 0.454418
55.108279 34.179606 9.755787 1.725337
59.071127 34.179606 9.566737 0.606597
63.033975 34.179606 10.443507 -1.167290
66.996822 34.179606 10.874061 -1.478116
-131.145575 30.216758 15.464570 -7.562948
-127.182727 30.216758 -8.288823 7.495780
-123.219879 30.216758 0.000000 0.000000
-119.257031 30.216758 0.000000 0.000000
-115.294183 30.216758 0.000000 0.000000
-111.331335 30.216758 0.000000 0.000000
-107.368487 30.216758 0.000000 0.000000
-103.405639 30.216758 0.000000 0.000000
-99.442791 30.216758 0.000000 0.000000
-95.479943 30.216758 0.000000 0.000000
-91.517095 30.216758 0.000000 0.000000
-87.554247 30.216758 0.000000 0.000000
-83.591400 30.216758 0.000000 0.000000
-79.628552 30.216758 0.000000 0.000000
-75.665704 30.216758 0.000000 0.000000
-71.702856 30.216758 0.000000 0.000000
-67.740008 30.216758 0.000000 0.000000
-63.777160 30.216758 0.000000 0.000000
-59.814312 30.216758 0.000000 0.000000
-55.851464 30.216758 0.000000 0.000000
-51.888616 30.216758 0.000000 0.000000
-47.925768 30.216758 0.000000 0.000000
-43.962920 30.216758 0.000000 0.000000
-40.000072 30.216758 0.000000 0.000000
-36.037224 30.216758 0.000000 0.000000
-32.074376 30.216758 0.000000 0.000000
-28.111528 30.216758 0.000000 0.000000
-24.148680 30.216758 0.000000 0.000000
-20.185832 30.216758 0.000000 0.000000
-16.222984 30.216758 0.000000 0.000000
-12.260136 30.216758 0.000000 0.000000
-8.297289 30.216758 0.000000 0.000000
-4.334441 30.216758 0.000000 0.000000
-0.371593 30.216758 0.000000 0.000000
3.591255 30.216758 0.000000 0.000000
7.554103 30.216758 10.529978 2.044868
11.516951 30.216758 9.668801 1.290450
15.479799 30.216758 9.604378 0.357981
19.442647 30.216758 10.281824 -0.558655
23.405495 30.216758 11.081795 -0.152878
27.368343 30.216758 11.925063 1.163835
31.331191 30.216758 10.870052 1.632436
35.294039 30.216758 9.721065 1.321025
39.256887 30.216758 9.929247 -1.167741
43.219735 30.216758 10.754672 -1.034426
47.182583 30.216758 11.151680 -0.599851
51.145431 30.216758 11.135839 1.075753
55.108279 30.216758 10.860730 1.571160
59.071127 30.216758 10.057016 0.898146
63.033975 30.216758 10.500503 -1.362687
66.996822 30.216758 11.675425 -2.000634
-131.145575 26.253910 4.432940 3.245674
-127.182727 26.253910 2.197066 5.304504
-123.219879 26.253910 0.000000 0.000000
-119.257031 26.253910 0.000000 0.000000
-115.294183 26.253910 0.000000 0.000000
-111.331335 26.253910 0.000000 0.000000
-107.368487 26.253910 0.000000 0.000000
-103.405639 26.253910 0.000000 0.000000
-99.442791 26.253910 0.000000 0.000000
-95.479943 26.253910 0.000000 0.000000
-91.517095 26.253910 0.000000 0.000000
-87.554247 26.253910 0.000000 0.000000
-83.591400 26.253910 0.000000 0.000000
-79.628552 26.253910 0.000000 0.000000
-75.665704 26.253910 0.000000 0.000000
-71.702856 26.253910 0.000000 0.000000
-67.740008 26.253910 0.000000 0.000000
-63.777160 26.253910 0.000000 0.000000
-59.814312 26.253910 0.000000 0.000000
-55.851464 26.253910 0.000000 0.000000
-51.888616 26.253910 0.000000 0.000000
-47.925768 26.253910 0.000000 0.000000
-43.962920 26.253910 0.000000 0.000000
-40.000072 26.253910 0.000000 0.000000
-36.037224 26.253910 0.000000 0.000000
-32.074376 26.253910 0.000000 0.000000
-28.111528 26.253910 0.000000 0.000000
-24.148680 26.253910 0.000000 0.000000
-20.185832 26.253910 0.000000 0.000000
-16.222984 26.253910 0.000000 0.000000
-12.260136 26.253910 0.000000 0.000000
-8.297289 26.253910 0.000000 0.000000
-4.334441 26.253910 0.000000 0.000000
-0.371593 26.253910 0.000000 0.000000
3.591255 26.253910 0.000000 0.000000
7.554103 26.253910 0.000000 0.000000
11.516951 26.253910 10.210138 0.667040
15.479799 26.253910 9.685229 0.406103
19.442647 26.253910 10.313190 -0.246234
23.405495 26.253910 10.962941 0.220785
27.368343 26.253910 11.397303 0.366567
31.331191 26.253910 10.707393 0.890464
35.294039 26.253910 9.800461 0.748878
39.256887 26.253910 9.891857 -0.227125
43.219735 26.253910 10.477699 -0.345667
47.182583 26.253910 11.365610 0.396632
51.145431 26.253910 11.053561 0.299678
55.108279 26.253910 10.816839 0.640412
59.071127 26.253910 10.479206 0.490543
63.033975 26.253910 10.462517 -0.367572
66.996822 26.253910 10.883237 -0.928867
-131.145575 22.291062 -12.084933 16.624117
-127.182727 22.291062 7.912490 2.178298
-123.219879 22.291062 0.000000 0.000000
-119.257031 22.291062 0.000000 0.000000
-115.294183 22.291062 0.000000 0.000000
-111.331335 22.291062 0.000000 0.000000
-107.368487 22.291062 0.000000 0.000000
-103.405639 22.291062 0.000000 0.000000
-99.442791 22.291062 0.000000 0.000000
-95.479943 22.291062 0.000000 0.000000
-91.517095 22.291062 0.000000 0.000000
-87.554247 22.291062 0.000000 0.000000
-83.591400 22.291062 0.000000 0.000000
-79.628552 22.291062 0.000000 0.000000
-75.665704 22.291062 0.000000 0.000000
-71.702856 22.291062 0.000000 0.000000
-67.740008 22.291062 0.000000 0.000000
-63.777160 22.291062 0.000000 0.000000
-59.814312 22.291062 0.000000 0.000000
-55.851464 22.291062 0.000000 0.000000
-51.888616 22.291062 0.000000 0.000000
-47.925768 22.291062 0.000000 0.000000
-43.962920 22.291062 0.000000 0.000000
-40.000072 22.291062 0.000000 0.000000
-36.037224 22.291062 0.000000 0.000000
-32.074376 22.291062 0.000000 0.000000
-28.111528 22.291062 0.000000 0.000000
-24.148680 22.291062 0.000000 0.000000
-20.185832 22.291062 0.000000 0.000000
-16.222984 22.291062 0.000000 0.000000
-12.260136 22.291062 0.000000 0.000000
-8.297289 22.291062 0.000000 0.000000
-4.334441 22.291062 10.671133 0.851326
-0.371593 22.291062 10.998610 0.602321
3.591255 22.291062 10.993853 0.449789
7.554103 22.291062 10.642121 0.824574
11.516951 22.291062 10.593104 0.665166
15.479799 22.291062 10.295863 0.500920
19.442647 22.291062 10.915095 -0.380341
23.405495 22.291062 10.984484 -0.468477
27.368343 22.291062 10.760590 0.166017
31.331191 22.291062 11.062992 0.016156
35.294039 22.291062 10.463211 0.401604
39.256887 22.291062 10.589098 0.085636
43.219735 22.291062 10.902721 -0.288049
47.182583 22.291062 10.918324 -0.196859
51.145431 22.291062 11.074771 0.073446
55.108279 22.291062 10.832232 0.492120
59.071127 22.291062 10.595071 0.628859
63.033975 22.291062 11.124143 -0.575119
66.996822 22.291062 10.821296 -0.393227
-131.145575 18.328214 10.016102 6.582601
-127.182727 18.328214 12.122425 0.317644
-123.219879 18.328214 -15.251889 -7.277040
-119.257031 18.328214 10.699526 0.089525
-115.294183 18.328214 -12.260735 3.150064
-111.331335 18.328214 16.377651 7.137302
-107.368487 18.328214 0.000000 0.000000
-103.405639 18.328214 0.000000 0.000000
-99.442791 18.328214 0.000000 0.000000
-95.479943 18.328214 0.000000 0.000000
-91.517095 18.328214 0.000000 0.000000
-87.554247 18.328214 0.000000 0.000000
-83.591400 18.328214 0.000000 0.000000
-79.628552 18.328214 0.000000 0.000000
-75.665704 18.328214 0.000000 0.000000
-71.702856 18.328214 0.000000 0.000000
-67.740008 18.328214 0.000000 0.000000
-63.777160 18.328214 0.000000 0.000000
-59.814312 18.328214 0.000000 0.000000
-55.851464 18.328214 0.000000 0.000000
-51.888616 18.328214 11.979679 0.564162
-47.925768 18.328214 11.018608 0.476253
-43.962920 18.328214 11.651583 0.641148
-40.000072 18.328214 11.608048 0.844224
-36.037224 18.328214 11.865055 0.613791
-32.074376 18.328214 11.265629 0.869497
-28.111528 18.328214 11.142344 0.771107
-24.148680 18.328214 11.115003 0.737307
-20.185832 18.328214 11.096324 0.666798
-16.222984 18.328214 10.716045 0.712483
-12.260136 18.328214 11.205970 0.729792
-8.297289 18.328214 10.788157 0.727727
-4.334441 18.328214 10.748639 0.908929
-0.371593 18.328214 10.639542 0.767790
3.591255 18.328214 10.449818 0.585832
7.554103 18.328214 10.649362 0.729061
11.516951 18.328214 10.741652 0.605158
15.479799 18.328214 10.415901 0.584463
19.442647 18.328214 10.957915 0.334150
23.405495 18.328214 10.938007 0.139507
27.368343 18.328214 10.818040 0.249790
31.331191 18.328214 10.801647 0.101507
35.294039 18.328214 10.939502 0.201518
39.256887 18.328214 10.967995 0.231314
43.219735 18.328214 10.774648 0.291011
47.182583 18.328214 10.516798 0.876034
51.145431 18.328214 10.792643 -0.097648
55.108279 18.328214 11.090905 0.105335
59.071127 18.328214 10.959072 0.215920
63.033975 18.328214 10.347809 0.635738
66.996822 18.328214 10.845466 -0.240947
-131.145575 14.365366 1.363846 -16.576904
-127.182727 14.365366 4.761398 0.000128
-123.219879 14.365366 10.224388 0.494014
-119.257031 14.365366 9.147121 14.178831
-115.294183 14.365366 10.306225 -0.168987
-111.331335 14.365366 10.813663 -0.874153
-107.368487 14.365366 10.385312 -0.816653
-103.405639 14.365366 11.128852 -0.766772
-99.442791 14.365366 11.615689 -0.767713
-95.479943 14.365366 11.715782 -0.704531
-91.517095 14.365366 11.268056 -0.647312
-87.554247 14.365366 11.860133 -0.424038
-83.591400 14.365366 12.052514 -0.473468
-79.628552 14.365366 12.032160 -0.489784
-75.665704 14.365366 11.738829 0.016422
-71.702856 14.365366 12.473872 0.394280
-67.740008 14.365366 11.975707 0.110029
-63.777160 14.365366 11.934109 0.058237
-59.814312 14.365366 11.836197 0.314809
-55.851464 14.365366 11.824457 0.517050
-51.888616 14.365366 11.941829 0.675254
-47.925768 14.365366 11.266284 0.568195
-43.962920 14.365366 11.536127 0.802366
-40.000072 14.365366 11.680631 0.814051
-36.037224 14.365366 11.584781 0.617808
-32.074376 14.365366 11.445994 0.596492
-28.111528 14.365366 11.304378 0.747705
-24.148680 14.365366 11.079358 0.795820
-20.185832 14.365366 11.121405 0.684446
-16.222984 14.365366 11.263232 0.629185
-12.260136 14.365366 11.020606 0.678490
-8.297289 14.365366 10.941000 0.807690
-4.334441 14.365366 10.968670 0.805849
-0.371593 14.365366 10.962111 0.759355
3.591255 14.365366 10.685470 0.620727
7.554103 14.365366 10.946780 0.595017
11.516951 14.365366 10.816574 0.253843
15.479799 14.365366 10.448752 0.745200
19.442647 14.365366 10.614784 0.437849
23.405495 14.365366 10.618081 0.434527
27.368343 14.365366 10.740977 0.524061
31.331191 14.365366 10.765771 -0.170214
35.294039 14.365366 10.884027 0.319851
39.256887 14.365366 10.906375 -0.262749
43.219735 14.365366 10.529732 0.104092
47.182583 14.365366 10.892371 -0.307378
51.145431 14.365366 10.785622 0.658779
55.108279 14.365366 11.018981 0.334685
59.071127 14.365366 10.678580 0.398475
63.033975 14.365366 10.922519 -0.223441
66.996822 14.365366 10.744574 -0.132580
-131.145575 10.402518 1.888727 8.977347
-127.182727 10.402518 10.123452 0.347565
-123.219879 10.402518 11.636210 10.639750
-119.257031 10.402518 8.597635 -6.687334
-115.294183 10.402518 6.484590 10.284619
-111.331335 10.402518 10.572116 -0.702554
-107.368487 10.402518 10.644876 -0.881714
-103.405639 10.402518 11.147394 -0.622331
-99.442791 10.402518 11.798198 -0.594534
-95.479943 10.402518 11.669787 -0.307700
-91.517095 10.402518 11.333337 -0.628005
-87.554247 10.402518 11.685726 -0.489709
-83.591400 10.402518 11.811859 -0.057604
-79.628552 10.402518 12.004381 -0.527358
-75.665704 10.402518 12.060179 -0.272540
-71.702856 10.402518 12.007129 -0.168694
-67.740008 10.402518 11.465097 0.272126
-63.777160 10.402518 11.913684 0.177349
-59.814312 10.402518 11.962446 0.611279
-55.851464 10.402518 11.777983 0.544177
-51.888616 10.402518 11.740178 0.448967
-47.925768 10.402518 11.708657 0.407351
-43.962920 10.402518 11.557455 0.538916
-40.000072 10.402518 11.530952 0.526801
-36.037224 10.402518 11.416391 0.626453
-32.074376 10.402518 11.684815 0.564724
-28.111528 10.402518 11.119576 0.638398
-24.148680 10.402518 11.495392 0.560288
-20.185832 10.402518 11.149465 0.644138
-16.222984 10.402518 11.288099 0.650625
-12.260136 10.402518 11.028254 0.647130
-8.297289 10.402518 10.969989 0.479076
-4.334441 10.402518 10.703862 0.501426
-0.371593 10.402518 11.555691 0.636046
3.591255 10.402518 10.559370 0.165573
7.554103 10.402518 10.537001 0.420546
11.516951 10.402518 10.593646 0.714667
15.479799 10.402518 10.775489 0.604775
19.442647 10.402518 10.828290 0.422317
23.405495 10.402518 10.761319 0.342671
27.368343 10.402518 10.801066 0.050247
31.331191 10.402518 10.729675 0.806545
35.294039 10.402518 10.751098 0.525544
39.256887 10.402518 10.738943 0.329670
43.219735 10.402518 11.016549 -0.096108
47.182583 10.402518 11.011813 0.372257
51.145431 10.402518 10.602829 0.583779
55.108279 10.402518 10.524966 0.145807
59.071127 10.402518 10.786008 0.345630
63.033975 10.402518 11.227896 -0.540783
66.996822 10.402518 10.816874 0.010216
-131.145575 6.439670 15.129253 -0.421515
-127.182727 6.439670 2.616258 7.943201
-123.219879 6.439670 -10.836834 13.551816
-119.257031 6.439670 10.860860 0.107555
-115.294183 6.439670 11.120518 -0.576632
-111.331335 6.439670 10.361068 0.116544
-107.368487 6.439670 11.453075 -1.165200
-103.405639 6.439670 11.558419 -0.567396
-99.442791 6.439670 11.973776 -0.774287
-95.479943 6.439670 11.941886 -0.336255
-91.517095 6.439670 11.975560 -0.691892
-87.554247 6.439670 11.528803 -0.398860
-83.591400 6.439670 11.812678 0.386888
-79.628552 6.439670 11.825645 -0.020492
-75.665704 6.439670 12.216105 -0.312355
-71.702856 6.439670 11.730768 0.044891
-67.740008 6.439670 11.581121 0.322461
-63.777160 6.439670 11.934422 -0.075874
-59.814312 6.439670 11.844643 0.103078
-55.851464 6.439670 11.647196 0.437826
-51.888616 6.439670 11.927487 0.598369
-47.925768 6.439670 11.798673 0.367334
-43.962920 6.439670 11.501820 0.614687
-40.000072 6.439670 11.150877 0.466148
-36.037224 6.439670 11.408040 0.277258
-32.074376 6.439670 11.353841 0.669007
-28.111528 6.439670 11.408021 0.476424
-24.148680 6.439670 11.240950 0.479603
-20.185832 6.439670 11.217734 0.636848
-16.222984 6.439670 10.945481 0.583059
-12.260136 6.439670 11.261295 0.682040
-8.297289 6.439670 10.780464 0.628582
-4.334441 6.439670 10.787167 0.519534
-0.371593 6.439670 11.059416 0.018152
3.591255 6.439670 10.918619 0.387023
7.554103 6.439670 10.717065 0.599509
11.516951 6.439670 10.960015 0.099450
15.479799 6.439670 10.757977 0.101266
19.442647 6.439670 10.791096 0.546147
23.405495 6.439670 10.805936 -0.019523
27.368343 6.439670 10.562535 0.059796
31.331191 6.439670 10.494754 0.597103
35.294039 6.439670 10.996185 -0.158544
39.256887 6.439670 10.695848 0.357622
43.219735 6.439670 10.615059 0.472032
47.182583 6.439670 10.800746 0.087805
51.145431 6.439670 10.634998 0.422135
55.108279 6.439670 10.777408 0.278794
59.071127 6.439670 10.875216 0.041210
63.033975 6.439670 10.566649 0.677525
66.996822 6.439670 11.383940 0.197841
-131.145575 2.476822 -7.746047 2.897171
-127.182727 2.476822 8.636797 15.399174
-123.219879 2.476822 -0.325891 1.740003
-119.257031 2.476822 10.424638 -2.782475
-115.294183 2.476822 3.064360 7.322735
-111.331335 2.476822 11.012531 -1.229087
-107.368487 2.476822 10.625591 -0.231994
-103.405639 2.476822 11.343763 -0.018180
-99.442791 2.476822 12.392621 -0.369107
-95.479943 2.476822 11.552567 -0.687537
-91.517095 2.476822 10.931596 -0.794930
-87.554247 2.476822 11.335390 -0.396362
-83.591400 2.476822 11.882223 -0.548013
-79.628552 2.476822 11.844043 -0.656511
-75.665704 2.476822 11.796677 -0.077067
-71.702856 2.476822 11.629213 -0.064047
-67.740008 2.476822 11.984254 -0.320050
-63.777160 2.476822 11.997396 0.259202
-59.814312 2.476822 11.556458 0.156948
-55.851464 2.476822 11.898799 0.250989
-51.888616 2.476822 11.753369 0.124172
-47.925768 2.476822 11.680173 0.128228
-43.962920 2.476822 11.492080 0.569576
-40.000072 2.476822 11.478339 0.529175
-36.037224 2.476822 11.508913 0.520706
-32.074376 2.476822 11.091503 0.473944
-28.111528 2.476822 11.247169 0.810959
-24.148680 2.476822 10.961076 0.444558
-20.185832 2.476822 11.022127 0.585406
-16.222984 2.476822 11.137918 0.642099
-12.260136 2.476822 11.198371 0.605509
-8.297289 2.476822 10.474663 0.344628
-4.334441 2.476822 11.417999 0.415556
-0.371593 2.476822 10.745033 0.548036
3.591255 2.476822 10.878242 0.438518
7.554103 2.476822 10.895628 0.531274
11.516951 2.476822 10.871783 -0.048051
15.479799 2.476822 11.013009 0.497396
19.442647 2.476822 11.017010 0.109319
23.405495 2.476822 10.990335 0.395986
27.368343 2.476822 11.024838 -0.011406
31.331191 2.476822 10.543482 0.389513
35.294039 2.476822 10.715529 -0.254826
39.256887 2.476822 10.706554 -0.019852
43.219735 2.476822 10.913276 0.369287
47.182583 2.476822 10.974117 -0.275223
51.145431 2.476822 10.683235 0.359275
55.108279 2.476822 10.788102 0.160868
59.071127 2.476822 10.878392 -0.429778
63.033975 2.476822 10.718164 0.503042
66.996822 2.476822 10.479640 0.531507
-131.145575 -1.486026 -7.605685 -4.696936
-127.182727 -1.486026 -12.302724 -17.291595
-123.219879 -1.486026 14.836850 -1.080861
-119.257031 -1.486026 8.273267 2.517632
-115.294183 -1.486026 10.509690 -0.672218
-111.331335 -1.486026 10.591045 -0.382853
-107.368487 -1.486026 10.925544 -0.367421
-103.405639 -1.486026 10.755426 -0.861807
-99.442791 -1.486026 10.887026 -0.527474
-95.479943 -1.486026 11.270111 0.113733
-91.517095 -1.486026 11.285906 -0.308537
-87.554247 -1.486026 12.052217 0.190074
-83.591400 -1.486026 11.481637 -0.246915
-79.628552 -1.486026 11.567241 0.112414
-75.665704 -1.486026 11.646148 -0.212372
-71.702856 -1.486026 11.531955 0.290723
-67.740008 -1.486026 11.615612 0.353530
-63.777160 -1.486026 11.987309 0.274866
-59.814312 -1.486026 11.377709 0.440687
-55.851464 -1.486026 11.495209 0.309868
-51.888616 -1.486026 11.487940 0.476826
-47.925768 -1.486026 11.593983 0.213756
-43.962920 -1.486026 11.276554 0.765908
-40.000072 -1.486026 11.434827 0.473410
-36.037224 -1.486026 11.293918 0.689200
-32.074376 -1.486026 10.862622 1.394797
-28.111528 -1.486026 13.369036 -17.791340
-24.148680 -1.486026 11.187168 0.085038
-20.185832 -1.486026 10.910287 0.590256
-16.222984 -1.486026 11.122506 0.522579
-12.260136 -1.486026 11.367823 0.071252
-8.297289 -1.486026 10.895245 0.752573
-4.334441 -1.486026 11.305769 0.519857
-0.371593 -1.486026 11.114567 0.417586
3.591255 -1.486026 10.696111 0.347295
7.554103 -1.486026 10.972757 0.533656
11.516951 -1.486026 10.783549 0.320986
15.479799 -1.486026 10.911229 0.335345
19.442647 -1.486026 11.004958 0.331609
23.405495 -1.486026 10.897983 0.355280
27.368343 -1.486026 10.833084 0.079133
31.331191 -1.486026 11.170614 0.592025
35.294039 -1.486026 10.957884 -0.121962
39.256887 -1.486026 10.750452 -0.491250
43.219735 -1.486026 10.905107 0.337847
47.182583 -1.486026 10.935775 0.539398
51.145431 -1.486026 10.942883 0.389368
55.108279 -1.486026 10.791291 0.235442
59.071127 -1.486026 10.852217 0.230624
63.033975 -1.486026 10.907857 -0.106960
66.996822 -1.486026 11.456064 0.269247
-131.145575 -5.448874 3.982466 -5.087453
-127.182727 -5.448874 -5.823382 0.208435
-123.219879 -5.448874 -6.278626 16.090269
-119.257031 -5.448874 -11.070295 -9.036573
-115.294183 -5.448874 10.058426 0.731311
-111.331335 -5.448874 -14.774630 -17.012684
-107.368487 -5.448874 10.849739 0.220709
-103.405639 -5.448874 11.949224 -1.563937
-99.442791 -5.448874 11.361177 -0.158928
-95.479943 -5.448874 11.528634 -0.306103
-91.517095 -5.448874 11.149122 -0.254526
-87.554247 -5.448874 11.587605 -0.111433
-83.591400 -5.448874 11.576403 -0.382088
-79.628552 -5.448874 10.537608 0.336582
-75.665704 -5.448874 11.144295 0.443254
-71.702856 -5.448874 11.296367 0.323489
-67.740008 -5.448874 11.874598 0.456726
-63.777160 -5.448874 11.486095 0.171844
-59.814312 -5.448874 11.512321 0.048527
-55.851464 -5.448874 11.426054 0.487953
-51.888616 -5.448874 11.602050 0.286639
-47.925768 -5.448874 11.364617 0.347479
-43.962920 -5.448874 11.749593 0.253545
-40.000072 -5.448874 11.383163 0.399746
-36.037224 -5.448874 11.311546 0.513174
-32.074376 -5.448874 11.494071 0.566969
-28.111528 -5.448874 11.129869 0.549025
-24.148680 -5.448874 10.661254 0.398935
-20.185832 -5.448874 11.009579 0.433957
-16.222984 -5.448874 11.387560 0.492149
-12.260136 -5.448874 11.025258 0.333141
-8.297289 -5.448874 10.981343 0.593694
-4.334441 -5.448874 11.176079 0.191415
-0.371593 -5.448874 11.384596 0.172142
3.591255 -5.448874 11.102667 0.185250
7.554103 -5.448874 10.704233 0.466494
11.516951 -5.448874 10.959455 0.341372
15.479799 -5.448874 10.863396 0.070554
19.442647 -5.448874 11.021201 0.083200
23.405495 -5.448874 10.897375 0.416608
27.368343 -5.448874 10.873904 0.328392
31.331191 -5.448874 11.149662 0.445134
35.294039 -5.448874 10.844255 0.097005
39.256887 -5.448874 11.081470 0.456014
43.219735 -5.448874 10.696371 0.774920
47.182583 -5.448874 11.021965 0.326513
51.145431 -5.448874 10.996212 0.009834
55.108279 -5.448874 10.953924 -0.078201
59.071127 -5.448874 11.168031 -0.293506
63.033975 -5.448874 11.002761 -0.172418
66.996822 -5.448874 10.946108 -0.034948
-131.145575 -9.411722 17.790190 -8.673772
-127.182727 -9.411722 -4.640926 3.925051
-123.219879 -9.411722 10.439882 0.332785
-119.257031 -9.411722 11.710838 -0.324681
-115.294183 -9.411722 11.119686 -1.157331
-111.331335 -9.411722 12.727403 -4.490460
-107.368487 -9.411722 10.838539 -0.179610
-103.405639 -9.411722 10.973344 -0.563753
-99.442791 -9.411722 10.758198 -0.074234
-95.479943 -9.411722 10.524608 -0.107381
-91.517095 -9.411722 11.345747 -0.372094
-87.554247 -9.411722 10.838953 0.128465
-83.591400 -9.411722 11.089435 -0.471971
-79.628552 -9.411722 11.109754 -0.222251
-75.665704 -9.411722 11.236291 0.060496
-71.702856 -9.411722 11.346516 0.408604
-67.740008 -9.411722 11.735336 0.192616
-63.777160 -9.411722 11.698370 0.260213
-59.814312 -9.411722 11.638835 0.070003
-55.851464 -9.411722 11.109730 0.152343
-51.888616 -9.411722 11.341004 0.280084
-47.925768 -9.411722 11.021775 0.660524
-43.962920 -9.411722 11.421949 0.567666
-40.000072 -9.411722 11.049454 0.400484
-36.037224 -9.411722 11.264556 0.504873
-32.074376 -9.411722 11.285050 0.252429
-28.111528 -9.411722 11.079696 0.391487
-24.148680 -9.411722 11.065853 0.410418
-20.185832 -9.411722 11.346564 0.269987
-16.222984 -9.411722 11.107885 0.166875
-12.260136 -9.411722 11.099577 0.443607
-8.297289 -9.411722 10.818572 0.530532
-4.334441 -9.411722 11.141188 0.499551
-0.371593 -9.411722 10.760972 0.391766
3.591255 -9.411722 11.299661 0.141014
7.554103 -9.411722 10.802079 0.414566
11.516951 -9.411722 10.842385 0.175335
15.479799 -9.411722 10.927652 0.227405
19.442647 -9.411722 10.831602 0.450749
23.405495 -9.411722 10.661820 0.307972
27.368343 -9.411722 10.569792 0.168810
31.331191 -9.411722 10.602610 0.297682
35.294039 -9.411722 10.888934 0.351117
39.256887 -9.411722 11.027832 0.549853
43.219735 -9.411722 10.955488 0.342758
47.182583 -9.411722 11.089090 0.455770
51.145431 -9.411722 11.307099 -0.235171
55.108279 -9.411722 11.180313 -0.013423
59.071127 -9.411722 10.853525 0.304419
63.033975 -9.411722 11.433434 -0.293493
66.996822 -9.411722 10.686535 0.158364
-131.145575 -13.374570 -4.618045 9.243087
-127.182727 -13.374570 9.509205 -0.317039
-123.219879 -13.374570 -11.521878 -12.994793
-119.257031 -13.374570 -0.922653 -14.613365
-115.294183 -13.374570 11.276412 -0.752995
-111.331335 -13.374570 11.506964 -0.196839
-107.368487 -13.374570 10.500021 -0.507707
-103.405639 -13.374570 10.243048 0.592301
-99.442791 -13.374570 11.413344 -0.614798
-95.479943 -13.374570 11.008436 -0.613378
-91.517095 -13.374570 12.493535 -0.618654
-87.554247 -13.374570 11.726621 0.260349
-83.591400 -13.374570 11.147599 -0.078203
-79.628552 -13.374570 11.214707 -0.284945
-75.665704 -13.374570 11.250077 -0.315050
-71.702856 -13.374570 11.543568 0.216246
-67.740008 -13.374570 10.999743 0.296381
-63.777160 -13.374570 11.099840 0.317366
-59.814312 -13.374570 11.251473 0.180379
-55.851464 -13.374570 11.694118 0.147777
-51.888616 -13.374570 11.094229 0.272649
-47.925768 -13.374570 11.115697 0.454748
-43.962920 -13.374570 11.352375 -0.226826
-40.000072 -13.374570 10.945392 0.531114
-36.037224 -13.374570 11.349110 0.381288
-32.074376 -13.374570 10.947571 0.631564
-28.111528 -13.374570 11.645757 0.488979
-24.148680 -13.374570 10.957069 0.446428
-20.185832 -13.374570 11.142550 0.477197
-16.222984 -13.374570 11.201733 -0.005604
-12.260136 -13.374570 11.141749 0.335191
-8.297289 -13.374570 10.757887 0.599480
-4.334441 -13.374570 11.002888 0.377793
-0.371593 -13.374570 11.256686 0.792674
3.591255 -13.374570 11.167666 0.861781
7.554103 -13.374570 11.009345 0.276591
11.516951 -13.374570 10.707154 -0.133820
15.479799 -13.374570 11.114610 0.348511
19.442647 -13.374570 11.287364 0.176740
23.405495 -13.374570 10.840809 0.296972
27.368343 -13.374570 10.909468 0.107708
31.331191 -13.374570 11.130493 -0.293049
35.294039 -13.374570 11.133390 0.322561
39.256887 -13.374570 10.606693 0.391610
43.219735 -13.374570 11.039837 0.143401
47.182583 -13.374570 11.085227 0.394972
51.145431 -13.374570 10.809821 -0.312056
55.108279 -13.374570 11.267684 0.701041
59.071127 -13.374570 10.817944 -0.178117
63.033975 -13.374570 11.061838 0.290323
66.996822 -13.374570 10.513918 0.351952
-131.145575 -17.337417 8.100277 2.227727
-127.182727 -17.337417 -2.797167 2.338662
-123.219879 -17.337417 -6.791917 13.049419
-119.257031 -17.337417 7.848168 -4.276405
-115.294183 -17.337417 -9.304674 2.444535
-111.331335 -17.337417 9.911647 -2.508539
-107.368487 -17.337417 -5.209945 -6.430173
-103.405639 -17.337417 11.226636 0.426652
-99.442791 -17.337417 9.962790 0.263727
-95.479943 -17.337417 9.913197 -0.767124
-91.517095 -17.337417 10.101369 -0.113605
-87.554247 -17.337417 11.276732 -0.532835
-83.591400 -17.337417 10.561224 -0.001839
-79.628552 -17.337417 10.683565 -0.551098
-75.665704 -17.337417 11.447249 -0.019942
-71.702856 -17.337417 11.155155 -0.044930
-67.740008 -17.337417 10.973910 0.161848
-63.777160 -17.337417 11.517359 0.620980
-59.814312 -17.337417 11.244085 0.009326
-55.851464 -17.337417 10.939147 0.017917
-51.888616 -17.337417 11.558506 0.331831
-47.925768 -17.337417 11.208877 0.415316
-43.962920 -17.337417 11.355839 0.684185
-40.000072 -17.337417 11.283322 0.298744
-36.037224 -17.337417 11.246238 0.193871
-32.074376 -17.337417 11.036007 0.262265
-28.111528 -17.337417 10.967156 0.353369
-24.148680 -17.337417 11.013532 -0.158270
-20.185832 -17.337417 11.189076 0.742867
-16.222984 -17.337417 11.208826 0.645978
-12.260136 -17.337417 11.029852 0.453240
-8.297289 -17.337417 10.955110 0.395861
-4.334441 -17.337417 11.264930 0.345405
-0.371593 -17.337417 10.963763 0.415018
3.591255 -17.337417 11.053864 0.644610
7.554103 -17.337417 11.074769 0.244802
11.516951 -17.337417 11.025028 0.436064
15.479799 -17.337417 11.008215 0.356982
19.442647 -17.337417 11.550900 0.535960
23.405495 -17.337417 10.743657 0.273494
27.368343 -17.337417 10.961859 0.587856
31.331191 -17.337417 10.778768 0.045040
35.294039 -17.337417 10.641285 0.321769
39.256887 -17.337417 10.888718 0.095142
43.219735 -17.337417 10.930755 0.021605
47.182583 -17.337417 10.932822 0.221643
51.145431 -17.337417 10.618086 -0.839512
55.108279 -17.337417 11.023110 0.384281
59.071127 -17.337417 10.748718 -0.341148
63.033975 -17.337417 10.165011 0.482444
66.996822 -17.337417 10.567614 0.988333
-131.145575 -21.300265 -6.918198 -8.062769
-127.182727 -21.300265 4.375410 -7.879419
-123.219879 -21.300265 -10.124569 -6.178973
-119.257031 -21.300265 -9.415409 12.458118
-115.294183 -21.300265 -4.306804 -8.155004
-111.331335 -21.300265 11.490993 0.292698
-107.368487 -21.300265 11.241820 -0.451732
-103.405639 -21.300265 10.754128 -0.714212
-99.442791 -21.300265 10.331679 -0.472387
-95.479943 -21.300265 11.542192 0.154849
-91.517095 -21.300265 12.123178 0.276173
-87.554247 -21.300265 11.443268 -0.077301
-83.591400 -21.300265 11.341192 -0.718682
-79.628552 -21.300265 11.334315 0.306859
-75.665704 -21.300265 11.748269 -0.098933
-71.702856 -21.300265 11.160848 0.247727
-67.740008 -21.300265 11.255894 -0.400212
-63.777160 -21.300265 11.155603 -0.089750
-59.814312 -21.300265 11.157560 0.689365
-55.851464 -21.300265 11.377895 0.718807
-51.888616 -21.300265 11.927001 0.649920
-47.925768 -21.300265 11.486151 0.151898
-43.962920 -21.300265 11.150181 0.097159
-40.000072 -21.300265 11.188511 -0.014790
-36.037224 -21.300265 11.230020 0.363762
-32.074376 -21.300265 11.208335 0.162469
-28.111528 -21.300265 11.102583 0.450682
-24.148680 -21.300265 11.173810 0.571000
-20.185832 -21.300265 11.059285 0.586378
-16.222984 -21.300265 11.112967 0.331871
-12.260136 -21.300265 11.449137 0.507915
-8.297289 -21.300265 11.306263 -0.043514
-4.334441 -21.300265 10.893439 0.526910
-0.371593 -21.300265 10.597544 0.465457
3.591255 -21.300265 11.212894 -0.364479
7.554103 -21.300265 10.871463 0.279303
11.516951 -21.300265 10.835003 0.146897
15.479799 -21.300265 10.512739 0.677731
19.442647 -21.300265 10.733300 -0.117745
23.405495 -21.300265 11.019767 -0.055395
27.368343 -21.300265 10.978800 0.429291
31.331191 -21.300265 10.925233 0.076867
35.294039 -21.300265 11.012194 0.638301
39.256887 -21.300265 10.870065 0.196624
43.219735 -21.300265 10.817057 -0.061648
47.182583 -21.300265 11.283813 -0.038666
51.145431 -21.300265 10.862583 -0.137117
55.108279 -21.300265 11.487320 0.725139
59.071127 -21.300265 10.758825 0.991829
63.033975 -21.300265 10.659439 0.555268
66.996822 -21.300265 10.872825 0.574308
-131.145575 -25.263113 16.001551 7.011985
-127.182727 -25.263113 -2.911112 12.253028
-123.219879 -25.263113 12.012808 9.664361
-119.257031 -25.263113 -8.873098 12.678784
-115.294183 -25.263113 10.956930 -0.587147
-111.331335 -25.263113 11.660163 -0.067408
-107.368487 -25.263113 9.490383 -0.824670
-103.405639 -25.263113 10.730784 0.548115
-99.442791 -25.263113 10.996591 -0.523064
-95.479943 -25.263113 10.851795 -0.463439
-91.517095 -25.263113 11.114073 0.054315
-87.554247 -25.263113 11.253252 0.072355
-83.591400 -25.263113 10.784168 -0.366742
-79.628552 -25.263113 10.785555 0.476936
-75.665704 -25.263113 11.022985 0.305234
-71.702856 -25.263113 11.426158 0.306391
-67.740008 -25.263113 11.420060 0.150075
-63.777160 -25.263113 11.487082 -0.160914
-59.814312 -25.263113 11.182983 -0.167206
-55.851464 -25.263113 10.949535 0.279072
-51.888616 -25.263113 10.699338 1.481748
-47.925768 -25.263113 11.068555 -0.077559
-43.962920 -25.263113 11.092226 0.027482
-40.000072 -25.263113 11.464859 0.530912
-36.037224 -25.263113 10.894175 0.803341
-32.074376 -25.263113 11.001343 0.221470
-28.111528 -25.263113 11.368421 0.590220
-24.148680 -25.263113 11.366155 0.388297
-20.185832 -25.263113 11.182757 -0.003577
-16.222984 -25.263113 11.251316 0.266564
-12.260136 -25.263113 10.997653 -0.105893
-8.297289 -25.263113 10.956553 0.594133
-4.334441 -25.263113 11.227855 0.519195
-0.371593 -25.263113 11.280015 0.192221
3.591255 -25.263113 11.189588 -0.066254
7.554103 -25.263113 11.182511 0.129395
11.516951 -25.263113 10.685804 0.279344
15.479799 -25.263113 10.947503 0.681879
19.442647 -25.263113 11.130867 0.373745
23.405495 -25.263113 10.660699 0.326789
27.368343 -25.263113 11.223194 0.035205
31.331191 -25.263113 11.391901 -0.227211
35.294039 -25.263113 10.751327 0.455721
39.256887 -25.263113 10.665032 1.032494
43.219735 -25.263113 10.735783 -0.430548
47.182583 -25.263113 10.809597 0.434351
51.145431 -25.263113 -6.317230 -6.040267
55.108279 -25.263113 11.894195 -0.589265
59.071127 -25.263113 10.998243 -0.070171
63.033975 -25.263113 11.483413 -0.025051
66.996822 -25.263113 11.473873 -0.797380
-131.145575 -29.225961 -12.488565 -7.401300
-127.182727 -29.225961 9.465890 5.903296
-123.219879 -29.225961 -4.234741 -12.394568
-119.257031 -29.225961 10.139716 0.995721
-115.294183 -29.225961 10.425744 -0.519162
-111.331335 -29.225961 13.012773 0.678925
-107.368487 -29.225961 10.077867 0.218111
-103.405639 -29.225961 10.494014 -0.344904
-99.442791 -29.225961 12.035758 -0.310845
-95.479943 -29.225961 11.147047 0.153480
-91.517095 -29.225961 11.053556 0.354214
-87.554247 -29.225961 10.956009 0.146456
-83.591400 -29.225961 11.529046 -0.027900
-79.628552 -29.225961 11.027328 0.249008
-75.665704 -29.225961 11.112178 -0.126027
-71.702856 -29.225961 10.933556 0.179383
-67.740008 -29.225961 10.831053 0.295280
-63.777160 -29.225961 11.407281 0.185052
-59.814312 -29.225961 11.395957 0.138592
-55.851464 -29.225961 11.218429 0.014917
-51.888616 -29.225961 11.805778 0.285844
-47.925768 -29.225961 11.242909 0.263380
-43.962920 -29.225961 11.403219 -0.428390
-40.000072 -29.225961 11.212791 0.547936
-36.037224 -29.225961 11.341765 0.294995
-32.074376 -29.225961 10.619508 0.207197
-28.111528 -29.225961 11.167067 0.135501
-24.148680 -29.225961 11.052843 0.496335
-20.185832 -29.225961 11.340912 0.495037
-16.222984 -29.225961 11.035685 0.529790
-12.260136 -29.225961 11.211842 0.425674
-8.297289 -29.225961 11.135470 0.337190
-4.334441 -29.225961 11.337757 0.353882
-0.371593 -29.225961 11.014021 0.720174
3.591255 -29.225961 10.873316 0.676742
7.554103 -29.225961 10.832072 0.362494
11.516951 -29.225961 10.896151 0.136415
15.479799 -29.225961 10.661073 0.361588
19.442647 -29.225961 11.243989 0.046919
23.405495 -29.225961 10.668386 0.327424
27.368343 -29.225961 11.169363 -0.284996
31.331191 -29.225961 10.426879 0.260318
35.294039 -29.225961 10.609523 -0.244478
39.256887 -29.225961 10.870134 0.644226
43.219735 -29.225961 11.242630 0.834687
47.182583 -29.225961 10.590734 0.700845
51.145431 -29.225961 11.401038 -0.346066
55.108279 -29.225961 11.035135 1.494142
59.071127 -29.225961 10.500758 -0.673924
63.033975 -29.225961 11.075774 0.243973
66.996822 -29.225961 11.184719 0.119151
-131.145575 -33.188809 -7.404321 12.509905
-127.182727 -33.188809 3.433768 -3.532489
-123.219879 -33.188809 -6.716487 -13.650393
-119.257031 -33.188809 -4.762562 5.484783
-115.294183 -33.188809 3.446176 0.802693
-111.331335 -33.188809 12.138188 -0.166756
-107.368487 -33.188809 10.947195 -0.558856
-103.405639 -33.188809 12.268295 -0.880144
-99.442791 -33.188809 9.946671 -0.248570
-95.479943 -33.188809 10.972116 0.179861
-91.517095 -33.188809 10.528114 -0.629452
-87.554247 -33.188809 11.026008 -0.349081
-83.591400 -33.188809 10.945573 0.131060
-79.628552 -33.188809 11.299331 -0.636359
-75.665704 -33.188809 10.776958 -0.567126
-71.702856 -33.188809 10.989630 0.551767
-67.740008 -33.188809 10.776402 0.294911
-63.777160 -33.188809 11.291276 0.354899
-59.814312 -33.188809 11.002891 -0.249508
-55.851464 -33.188809 11.326398 0.135019
-51.888616 -33.188809 10.775978 0.100496
-47.925768 -33.188809 10.812209 0.499640
-43.962920 -33.188809 10.794429 0.119326
-40.000072 -33.188809 11.125960 0.380635
-36.037224 -33.188809 10.909359 0.287011
-32.074376 -33.188809 11.277226 0.215930
-28.111528 -33.188809 11.252225 0.118869
-24.148680 -33.188809 11.356333 0.495177
-20.185832 -33.188809 11.341846 -0.052093
-16.222984 -33.188809 11.347926 0.001179
-12.260136 -33.188809 10.688427 0.372709
-8.297289 -33.188809 11.351134 -0.022321
-4.334441 -33.188809 11.125767 0.223241
-0.371593 -33.188809 11.424193 0.324494
3.591255 -33.188809 10.521587 0.198025
7.554103 -33.188809 10.486263 -0.211530
11.516951 -33.188809 10.702251 0.378287
15.479799 -33.188809 11.120448 0.261019
19.442647 -33.188809 11.557277 0.645256
23.405495 -33.188809 11.267494 0.960464
27.368343 -33.188809 10.583584 -0.174370
31.331191 -33.188809 10.822436 0.069534
35.294039 -33.188809 10.966566 -0.432457
39.256887 -33.188809 11.199195 0.266216
43.219735 -33.188809 11.237053 0.029053
47.182583 -33.188809 10.645707 0.250218
51.145431 -33.188809 9.343905 0.102083
55.108279 -33.188809 11.625513 -0.607127
59.071127 -33.188809 9.889765 0.439435
63.033975 -33.188809 11.707510 0.393041
66.996822 -33.188809 10.393394 0.742003
-131.145575 -37.151657 8.162808 -4.674366
-127.182727 -37.151657 0.331684 8.712972
-123.219879 -37.151657 14.579885 7.441733
-119.257031 -37.151657 -11.474365 -11.580389
-115.294183 -37.151657 12.137772 0.655101
-111.331335 -37.151657 9.792020 1.412046
-107.368487 -37.151657 10.093011 -0.055405
-103.405639 -37.151657 11.924277 -0.299443
-99.442791 -37.151657 11.001085 -0.167018
-95.479943 -37.151657 11.751326 -0.632739
-91.517095 -37.151657 10.948027 0.018299
-87.554247 -37.151657 12.089719 -0.808973
-83.591400 -37.151657 11.829971 -0.603853
-79.628552 -37.151657 12.009920 0.377534
-75.665704 -37.151657 11.057275 0.773065
-71.702856 -37.151657 11.170485 -0.155042
-67.740008 -37.151657 10.966879 -0.124834
-63.777160 -37.151657 10.885237 -0.246123
-59.814312 -37.151657 11.341696 -0.012487
-55.851464 -37.151657 10.944606 0.185987
-51.888616 -37.151657 11.131058 -0.309728
-47.925768 -37.151657 10.751339 0.003047
-43.962920 -37.151657 11.287432 0.249573
-40.000072 -37.151657 10.669583 0.222140
-36.037224 -37.151657 11.359861 0.376471
-32.074376 -37.151657 11.795305 0.045349
-28.111528 -37.151657 11.516546 0.108831
-24.148680 -37.151657 11.436471 -0.085335
-20.185832 -37.151657 10.562099 0.629998
-16.222984 -37.151657 11.243763 0.369385
-12.260136 -37.151657 11.579152 0.186718
-8.297289 -37.151657 11.112473 0.259490
-4.334441 -37.151657 10.805183 0.693372
-0.371593 -37.151657 10.627062 -0.212496
3.591255 -37.151657 10.797772 0.164624
7.554103 -37.151657 11.152128 0.379434
11.516951 -37.151657 11.243741 -0.048956
15.479799 -37.151657 10.714672 0.474259
19.442647 -37.151657 10.397821 0.505179
23.405495 -37.151657 11.086726 0.088720
27.368343 -37.151657 11.754032 0.488586
31.331191 -37.151657 10.698670 0.269517
35.294039 -37.151657 11.480470 -0.064639
39.256887 -37.151657 11.474447 0.800540
43.219735 -37.151657 10.759987 -0.447230
47.182583 -37.151657 10.790136 -0.766852
51.145431 -37.151657 11.098598 0.203571
55.108279 -37.151657 9.687428 -0.380223
59.071127 -37.151657 17.739264 13.456004
63.033975 -37.151657 10.976903 0.321070
66.996822 -37.151657 -10.678740 6.557283
-131.145575 -41.114505 7.775514 7.247134
-127.182727 -41.114505 16.632746 3.027769
-123.219879 -41.114505 15.387797 -0.590010
-119.257031 -41.114505 -13.855929 0.520856
-115.294183 -41.114505 10.459311 -14.849559
-111.331335 -41.114505 10.873282 0.348999
-107.368487 -41.114505 10.951637 -1.363352
-103.405639 -41.114505 9.957738 -10.549440
-99.442791 -41.114505 10.611925 -0.048219
-95.479943 -41.114505 11.287998 0.673245
-91.517095 -41.114505 10.752166 -0.030545
-87.554247 -41.114505 10.859727 -0.551550
-83.591400 -41.114505 10.732471 0.580514
-79.628552 -41.114505 11.807872 0.694214
-75.665704 -41.114505 11.038555 -0.326524
-71.702856 -41.114505 11.567924 0.450003
-67.740008 -41.114505 11.498658 -0.125713
-63.777160 -41.114505 11.081216 0.157948
-59.814312 -41.114505 10.859648 1.174779
-55.851464 -41.114505 10.910808 -0.546999
-51.888616 -41.114505 10.609016 0.425394
-47.925768 -41.114505 11.327012 0.157861
-43.962920 -41.114505 10.759295 0.474568
-40.000072 -41.114505 11.158835 0.135148
-36.037224 -41.114505 11.315962 -0.105227
-32.074376 -41.114505 11.178298 0.067154
-28.111528 -41.114505 10.825439 1.016757
-24.148680 -41.114505 11.223266 0.271017
-20.185832 -41.114505 11.204782 0.155218
-16.222984 -41.114505 11.412142 0.694675
-12.260136 -41.114505 10.816642 0.756533
-8.297289 -41.114505 11.175775 -0.395091
-4.334441 -41.114505 10.821424 0.090946
-0.371593 -41.114505 10.691960 0.639367
3.591255 -41.114505 11.422933 0.180884
7.554103 -41.114505 10.723254 -0.068853
11.516951 -41.114505 10.519566 0.247876
15.479799 -41.114505 10.722220 0.530919
19.442647 -41.114505 10.981504 -0.145228
23.405495 -41.114505 11.083133 -0.096035
27.368343 -41.114505 10.827946 0.187740
31.331191 -41.114505 10.577206 0.598905
35.294039 -41.114505 9.619041 1.028854
39.256887 -41.114505 10.790105 0.742736
43.219735 -41.114505 11.070030 -0.588130
47.182583 -41.114505 11.013847 1.222565
51.145431 -41.114505 10.925801 -0.119855
55.108279 -41.114505 10.119622 1.063335
59.071127 -41.114505 10.600692 -0.433060
63.033975 -41.114505 10.860084 -0.191201
66.996822 -41.114505 -0.913139 -0.835389
-131.145575 -45.077353 16.944904 -14.043341
-127.182727 -45.077353 18.101835 2.037133
-123.219879 -45.077353 -2.377691 -17.106976
-119.257031 -45.077353 -3.146970 -11.299167
-115.294183 -45.077353 -4.536069 -2.526949
-111.331335 -45.077353 8.578116 1.937431
-107.368487 -45.077353 11.809895 0.355281
-103.405639 -45.077353 12.672228 -0.403501
-99.442791 -45.077353 9.146338 -0.038147
-95.479943 -45.077353 11.886260 -1.461912
-91.517095 -45.077353 11.112610 -0.410476
-87.554247 -45.077353 11.026260 -0.300769
-83.591400 -45.077353 11.049184 0.768800
-79.628552 -45.077353 11.439279 -0.295015
-75.665704 -45.077353 10.701909 1.557427
-71.702856 -45.077353 10.824343 -0.293648
-67.740008 -45.077353 10.660167 0.739113
-63.777160 -45.077353 11.100503 -0.194926
-59.814312 -45.077353 10.886213 0.007915
-55.851464 -45.077353 10.919910 -0.232046
-51.888616 -45.077353 11.678401 -0.142252
-47.925768 -45.077353 11.682521 0.442397
-43.962920 -45.077353 10.860901 0.378772
-40.000072 -45.077353 11.476349 -0.092899
-36.037224 -45.077353 11.194394 0.950484
-32.074376 -45.077353 11.066899 0.291762
-28.111528 -45.077353 10.948769 -0.419387
-24.148680 -45.077353 10.860833 0.334468
-20.185832 -45.077353 11.299825 0.008019
-16.222984 -45.077353 10.715547 -0.061089
-12.260136 -45.077353 11.064862 0.451057
-8.297289 -45.077353 10.703064 0.429175
-4.334441 -45.077353 10.688615 0.308987
-0.371593 -45.077353 10.676513 0.427615
3.591255 -45.077353 11.521675 0.612555
7.554103 -45.077353 10.816579 0.117770
11.516951 -45.077353 11.115577 -0.003956
15.479799 -45.077353 10.990482 0.441225
19.442647 -45.077353 10.851855 0.564484
23.405495 -45.077353 10.496859 0.379131
27.368343 -45.077353 11.488445 -0.234704
31.331191 -45.077353 10.424952 0.451334
35.294039 -45.077353 10.744549 -0.274508
39.256887 -45.077353 10.667546 0.540592
43.219735 -45.077353 11.214982 0.361248
47.182583 -45.077353 10.804330 -1.000256
51.145431 -45.077353 1.692991 3.313388
55.108279 -45.077353 11.999233 0.705447
59.071127 -45.077353 10.950145 1.799106
63.033975 -45.077353 10.484862 -0.218292
66.996822 -45.077353 1.342029 -12.890834
-131.145575 -49.040201 -5.116553 -17.222536
-127.182727 -49.040201 2.163048 -16.844997
-123.219879 -49.040201 0.172927 1.482712
-119.257031 -49.040201 6.263551 10.714276
-115.294183 -49.040201 3.052694 -3.605536
-111.331335 -49.040201 -6.034153 12.020314
-107.368487 -49.040201 10.711999 -0.706092
-103.405639 -49.040201 8.208434 -0.444483
-99.442791 -49.040201 10.907443 -0.048360
-95.479943 -49.040201 10.356421 0.688369
-91.517095 -49.040201 10.239216 -0.617406
-87.554247 -49.040201 11.562107 -1.175783
-83.591400 -49.040201 9.927644 -0.295736
-79.628552 -49.040201 11.209889 0.419683
-75.665704 -49.040201 11.092674 0.547409
-71.702856 -49.040201 10.245331 0.393000
-67.740008 -49.040201 11.232666 -0.477034
-63.777160 -49.040201 9.630606 -0.090031
-59.814312 -49.040201 11.319254 0.293144
-55.851464 -49.040201 11.254355 0.235301
-51.888616 -49.040201 10.236085 0.876737
-47.925768 -49.040201 10.948822 0.638488
-43.962920 -49.040201 11.696276 0.843958
-40.000072 -49.040201 10.975470 -0.038941
-36.037224 -49.040201 10.937689 -0.063299
-32.074376 -49.040201 10.652538 0.854978
-28.111528 -49.040201 11.788286 0.361532
-24.148680 -49.040201 11.089705 0.203466
-20.185832 -49.040201 11.478311 0.467890
-16.222984 -49.040201 11.027548 -0.019924
-12.260136 -49.040201 10.712302 0.799527
-8.297289 -49.040201 11.209378 0.134643
-4.334441 -49.040201 11.225295 -0.159261
-0.371593 -49.040201 11.082850 -0.189351
3.591255 -49.040201 10.877089 0.457021
7.554103 -49.040201 10.679634 0.175459
11.516951 -49.040201 10.643234 -0.472315
15.479799 -49.040201 10.886502 0.059070
19.442647 -49.040201 10.515345 -0.040556
23.405495 -49.040201 10.699013 0.384812
27.368343 -49.040201 10.521968 0.541095
31.331191 -49.040201 10.873150 0.513467
35.294039 -49.040201 12.000631 0.466189
39.256887 -49.040201 10.436836 0.564014
43.219735 -49.040201 11.481856 -0.001249
47.182583 -49.040201 9.983068 -0.046114
51.145431 -49.040201 9.953325 0.259142
55.108279 -49.040201 10.338419 1.368611
59.071127 -49.040201 11.238050 -1.338886
63.033975 -49.040201 10.634020 -0.291760
66.996822 -49.040201 10.544012 0.168490
-131.145575 -53.003049 0.000000 0.000000
-127.182727 -53.003049 0.000000 0.000000
-123.219879 -53.003049 0.000000 0.000000
-119.257031 -53.003049 0.000000 0.000000
-115.294183 -53.003049 0.000000 0.000000
-111.331335 -53.003049 0.000000 0.000000
-107.368487 -53.003049 0.000000 0.000000
-103.405639 -53.003049 0.000000 0.000000
-99.442791 -53.003049 0.000000 0.000000
-95.479943 -53.003049 0.000000 0.000000
-91.517095 -53.003049 0.000000 0.000000
-87.554247 -53.003049 0.000000 0.000000
-83.591400 -53.003049 0.000000 0.000000
-79.628552 -53.003049 0.000000 0.000000
-75.665704 -53.003049 0.000000 0.000000
-71.702856 -53.003049 0.000000 0.000000
-67.740008 -53.003049 0.000000 0.000000
-63.777160 -53.003049 0.000000 0.000000
-59.814312 -53.003049 0.000000 0.000000
-55.851464 -53.003049 0.000000 0.000000
-51.888616 -53.003049 0.000000 0.000000
-47.925768 -53.003049 0.000000 0.000000
-43.962920 -53.003049 0.000000 0.000000
-40.000072 -53.003049 0.000000 0.000000
-36.037224 -53.003049 0.000000 0.000000
-32.074376 -53.003049 0.000000 0.000000
-28.111528 -53.003049 0.000000 0.000000
-24.148680 -53.003049 0.000000 0.000000
-20.185832 -53.003049 0.000000 0.000000
-16.222984 -53.003049 0.000000 0.000000
-12.260136 -53.003049 0.000000 0.000000
-8.297289 -53.003049 0.000000 0.000000
-4.334441 -53.003049 0.000000 0.000000
-0.371593 -53.003049 0.000000 0.000000
3.591255 -53.003049 0.000000 0.000000
7.554103 -53.003049 0.000000 0.000000
11.516951 -53.003049 0.000000 0.000000
15.479799 -53.003049 0.000000 0.000000
19.442647 -53.003049 0.000000 0.000000
23.405495 -53.003049 0.000000 0.000000
27.368343 -53.003049 0.000000 0.000000
31.331191 -53.003049 0.000000 0.000000
35.294039 -53.003049 0.000000 0.000000
39.256887 -53.003049 0.000000 0.000000
43.219735 -53.003049 0.000000 0.000000
47.182583 -53.003049 0.000000 0.000000
51.145431 -53.003049 0.000000 0.000000
55.108279 -53.003049 0.000000 0.000000
59.071127 -53.003049 0.000000 0.000000
63.033975 -53.003049 0.000000 0.000000
66.996822 -53.003049 0.000000 0.000000
