TITLE = "B00016"
VARIABLES = "position", "position(2)", "Vx", "Vy"
ZONE T="Frame 0", I=51, J=39
-131.145575 97.585173 11.562223 -0.044509
-127.182727 97.585173 10.976527 0.355301
-123.219879 97.585173 11.464367 0.269910
-119.257031 97.585173 11.012392 0.268383
-115.294183 97.585173 11.444674 0.316618
-111.331335 97.585173 0.000000 0.000000
-107.368487 97.585173 0.000000 0.000000
-103.405639 97.585173 0.000000 0.000000
-99.442791 97.585173 0.000000 0.000000
-95.479943 97.585173 0.000000 0.000000
-91.517095 97.585173 0.000000 0.000000
-87.554247 97.585173 11.472857 0.334195
-83.591400 97.585173 11.389968 0.292685
-79.628552 97.585173 11.396976 0.398348
-75.665704 97.585173 11.425066 0.053047
-71.702856 97.585173 11.540644 0.111517
-67.740008 97.585173 11.546309 0.271501
-63.777160 97.585173 11.242343 0.106636
-59.814312 97.585173 11.558389 0.106891
-55.851464 97.585173 11.485761 -0.224774
-51.888616 97.585173 11.454526 -0.099133
-47.925768 97.585173 11.617400 0.027269
-43.962920 97.585173 11.385666 0.001781
-40.000072 97.585173 11.534536 0.073591
-36.037224 97.585173 11.525320 -0.299806
-32.074376 97.585173 11.357857 -0.186731
-28.111528 97.585173 11.483013 0.202252
-24.148680 97.585173 11.368897 -0.135919
-20.185832 97.585173 11.141940 0.139649
-16.222984 97.585173 11.289307 -0.210547
-12.260136 97.585173 0.000000 0.000000
-8.297289 97.585173 0.000000 0.000000
-4.334441 97.585173 0.000000 0.000000
-0.371593 97.585173 10.885613 -0.162303
3.591255 97.585173 11.027427 -0.067686
7.554103 97.585173 11.364537 0.072299
11.516951 97.585173 11.002450 -0.270729
15.479799 97.585173 11.138325 -0.036187
19.442647 97.585173 11.077531 -0.211282
23.405495 97.585173 10.931490 0.094183
27.368343 97.585173 11.144000 -0.036281
31.331191 97.585173 10.990671 -0.118319
35.294039 97.585173 10.996296 -0.036502
39.256887 97.585173 10.926932 -0.092329
43.219735 97.585173 10.926527 0.051300
47.182583 97.585173 11.089643 0.115449
51.145431 97.585173 10.970398 -0.029518
55.108279 97.585173 10.931321 0.089791
59.071127 97.585173 10.985199 -0.179726
63.033975 97.585173 10.998772 -0.018412
66.996822 97.585173 11.004086 0.042276
-131.145575 93.622325 10.545386 0.780642
-127.182727 93.622325 11.197503 0.601448
-123.219879 93.622325 11.026969 0.473446
-119.257031 93.622325 11.238181 0.452876
-115.294183 93.622325 11.211801 0.520693
-111.331335 93.622325 0.000000 0.000000
-107.368487 93.622325 0.000000 0.000000
-103.405639 93.622325 0.000000 0.000000
-99.442791 93.622325 0.000000 0.000000
-95.479943 93.622325 0.000000 0.000000
-91.517095 93.622325 0.000000 0.000000
-87.554247 93.622325 11.405642 0.251030
-83.591400 93.622325 11.393501 0.428597
-79.628552 93.622325 11.476633 0.116864
-75.665704 93.622325 11.442940 0.188052
-71.702856 93.622325 11.442878 0.131168
-67.740008 93.622325 11.515667 0.286443
-63.777160 93.622325 11.224067 -0.120050
-59.814312 93.622325 11.523922 0.268380
-55.851464 93.622325 11.460791 0.119570
-51.888616 93.622325 11.432114 0.048305
-47.925768 93.622325 11.241131 -0.068518
-43.962920 93.622325 11.495753 0.029625
-40.000072 93.622325 11.183087 -0.079314
-36.037224 93.622325 11.211502 0.037517
-32.074376 93.622325 11.391891 -0.068606
-28.111528 93.622325 11.204497 -0.062689
-24.148680 93.622325 10.940562 -0.253665
-20.185832 93.622325 11.107162 -0.348204
-16.222984 93.622325 11.235901 -0.266429
-12.260136 93.622325 0.000000 0.000000
-8.297289 93.622325 0.000000 0.000000
-4.334441 93.622325 0.000000 0.000000
-0.371593 93.622325 11.130693 -0.121816
3.591255 93.622325 11.174078 0.097750
7.554103 93.622325 11.085453 -0.302341
11.516951 93.622325 11.153159 -0.197899
15.479799 93.622325 11.091358 -0.132297
19.442647 93.622325 11.030398 -0.186325
23.405495 93.622325 10.939434 -0.117770
27.368343 93.622325 11.121053 0.149628
31.331191 93.622325 11.124981 0.147458
35.294039 93.622325 11.077733 -0.094950
39.256887 93.622325 10.878842 -0.090094
43.219735 93.622325 11.014291 -0.051679
47.182583 93.622325 11.046169 -0.289702
51.145431 93.622325 11.093081 -0.088130
55.108279 93.622325 11.015643 -0.134187
59.071127 93.622325 10.858049 -0.051748
63.033975 93.622325 10.967096 0.151004
66.996822 93.622325 11.066683 0.044305
-131.145575 89.659477 -3.842458 -15.687059
-127.182727 89.659477 11.462164 0.215939
-123.219879 89.659477 11.158845 0.434085
-119.257031 89.659477 11.269509 0.506218
-115.294183 89.659477 11.376145 0.569592
-111.331335 89.659477 0.000000 0.000000
-107.368487 89.659477 0.000000 0.000000
-103.405639 89.659477 0.000000 0.000000
-99.442791 89.659477 0.000000 0.000000
-95.479943 89.659477 0.000000 0.000000
-91.517095 89.659477 0.000000 0.000000
-87.554247 89.659477 11.540336 0.456832
-83.591400 89.659477 11.482051 0.409333
-79.628552 89.659477 11.648936 0.403226
-75.665704 89.659477 11.484107 0.346167
-71.702856 89.659477 11.400378 0.310479
-67.740008 89.659477 11.222753 0.288331
-63.777160 89.659477 11.343853 0.198633
-59.814312 89.659477 11.763639 0.330589
-55.851464 89.659477 11.551087 -0.107914
-51.888616 89.659477 11.624279 0.102544
-47.925768 89.659477 11.501731 -0.101627
-43.962920 89.659477 11.437187 -0.024468
-40.000072 89.659477 11.529639 -0.260505
-36.037224 89.659477 11.341797 0.018253
-32.074376 89.659477 11.341879 0.066144
-28.111528 89.659477 11.321905 -0.159711
-24.148680 89.659477 11.400742 -0.081079
-20.185832 89.659477 11.171304 -0.144571
-16.222984 89.659477 11.190872 -0.053889
-12.260136 89.659477 0.000000 0.000000
-8.297289 89.659477 0.000000 0.000000
-4.334441 89.659477 0.000000 0.000000
-0.371593 89.659477 11.080681 -0.065675
3.591255 89.659477 10.979877 -0.094324
7.554103 89.659477 11.100457 -0.177949
11.516951 89.659477 11.181108 0.166819
15.479799 89.659477 11.281370 -0.101329
19.442647 89.659477 10.963519 -0.022320
23.405495 89.659477 11.088057 -0.004102
27.368343 89.659477 11.029738 -0.158943
31.331191 89.659477 11.026169 -0.230344
35.294039 89.659477 11.001885 -0.120720
39.256887 89.659477 11.114660 -0.110500
43.219735 89.659477 11.059192 -0.011358
47.182583 89.659477 11.005417 0.025247
51.145431 89.659477 10.943929 0.026677
55.108279 89.659477 10.845943 0.030177
59.071127 89.659477 10.982828 -0.030352
63.033975 89.659477 10.875466 0.007230
66.996822 89.659477 10.938894 -0.260692
-131.145575 85.696629 -6.527180 11.245328
-127.182727 85.696629 10.849910 0.615768
-123.219879 85.696629 10.958166 0.437168
-119.257031 85.696629 11.434249 0.350113
-115.294183 85.696629 11.072722 0.571719
-111.331335 85.696629 0.000000 0.000000
-107.368487 85.696629 0.000000 0.000000
-103.405639 85.696629 0.000000 0.000000
-99.442791 85.696629 0.000000 0.000000
-95.479943 85.696629 0.000000 0.000000
-91.517095 85.696629 0.000000 0.000000
-87.554247 85.696629 11.687115 0.490892
-83.591400 85.696629 11.599261 0.345953
-79.628552 85.696629 11.371105 0.417856
-75.665704 85.696629 11.647729 0.185186
-71.702856 85.696629 11.826111 -0.057742
-67.740008 85.696629 11.596417 0.319095
-63.777160 85.696629 11.545029 0.212195
-59.814312 85.696629 11.508995 0.111027
-55.851464 85.696629 11.376760 0.019878
-51.888616 85.696629 11.567723 -0.086560
-47.925768 85.696629 11.531574 -0.180893
-43.962920 85.696629 11.460400 -0.122963
-40.000072 85.696629 11.516274 -0.074742
-36.037224 85.696629 11.389228 -0.003261
-32.074376 85.696629 11.410792 -0.075874
-28.111528 85.696629 11.340137 -0.168288
-24.148680 85.696629 11.313120 -0.139661
-20.185832 85.696629 11.280608 -0.221589
-16.222984 85.696629 11.318449 -0.197518
-12.260136 85.696629 0.000000 0.000000
-8.297289 85.696629 0.000000 0.000000
-4.334441 85.696629 0.000000 0.000000
-0.371593 85.696629 11.109915 -0.156129
3.591255 85.696629 11.111897 -0.210443
7.554103 85.696629 11.305304 -0.247412
11.516951 85.696629 11.070953 -0.030585
15.479799 85.696629 11.123475 -0.054450
19.442647 85.696629 11.103415 -0.174556
23.405495 85.696629 10.938236 -0.041739
27.368343 85.696629 11.157139 -0.085739
31.331191 85.696629 10.899012 -0.101534
35.294039 85.696629 10.950099 0.110118
39.256887 85.696629 10.940700 -0.054673
43.219735 85.696629 10.971499 0.097348
47.182583 85.696629 10.958530 -0.017942
51.145431 85.696629 10.936226 0.234598
55.108279 85.696629 10.860501 0.030492
59.071127 85.696629 10.923611 -0.093346
63.033975 85.696629 10.953345 0.021005
66.996822 85.696629 10.950607 -0.027696
-131.145575 81.733781 -4.175635 -8.864207
-127.182727 81.733781 10.958195 0.342963
-123.219879 81.733781 11.389768 0.210367
-119.257031 81.733781 10.970295 0.518910
-115.294183 81.733781 11.199427 0.709804
-111.331335 81.733781 0.000000 0.000000
-107.368487 81.733781 0.000000 0.000000
-103.405639 81.733781 0.000000 0.000000
-99.442791 81.733781 0.000000 0.000000
-95.479943 81.733781 0.000000 0.000000
-91.517095 81.733781 0.000000 0.000000
-87.554247 81.733781 11.530116 0.310984
-83.591400 81.733781 11.598856 0.400482
-79.628552 81.733781 11.660872 0.300661
-75.665704 81.733781 11.729038 0.378263
-71.702856 81.733781 11.731709 0.284878
-67.740008 81.733781 11.520176 0.252806
-63.777160 81.733781 11.634210 0.067478
-59.814312 81.733781 11.477407 0.042312
-55.851464 81.733781 11.635283 0.118701
-51.888616 81.733781 11.544833 -0.036591
-47.925768 81.733781 11.563330 -0.117831
-43.962920 81.733781 11.432598 -0.128884
-40.000072 81.733781 11.334795 -0.168262
-36.037224 81.733781 11.576089 -0.202770
-32.074376 81.733781 11.362267 -0.117757
-28.111528 81.733781 11.397645 -0.309453
-24.148680 81.733781 11.110742 -0.295099
-20.185832 81.733781 11.193871 -0.228008
-16.222984 81.733781 11.454123 -0.187091
-12.260136 81.733781 0.000000 0.000000
-8.297289 81.733781 0.000000 0.000000
-4.334441 81.733781 0.000000 0.000000
-0.371593 81.733781 11.167630 -0.294223
3.591255 81.733781 11.148450 -0.177286
7.554103 81.733781 11.197867 -0.128861
11.516951 81.733781 11.010099 -0.226782
15.479799 81.733781 11.043195 -0.035640
19.442647 81.733781 11.038118 -0.023409
23.405495 81.733781 10.948363 -0.160535
27.368343 81.733781 11.005091 -0.124094
31.331191 81.733781 10.935729 -0.110784
35.294039 81.733781 10.888857 -0.254273
39.256887 81.733781 10.953667 -0.077886
43.219735 81.733781 10.938872 -0.190100
47.182583 81.733781 10.855292 0.300712
51.145431 81.733781 11.082891 0.097577
55.108279 81.733781 10.937018 0.223827
59.071127 81.733781 10.919231 0.127685
63.033975 81.733781 11.099310 0.301925
66.996822 81.733781 10.848317 -0.323196
-131.145575 77.770933 2.585091 12.693726
-127.182727 77.770933 11.451400 0.188270
-123.219879 77.770933 11.077370 0.598396
-119.257031 77.770933 11.256472 0.705891
-115.294183 77.770933 11.213389 0.699918
-111.331335 77.770933 0.000000 0.000000
-107.368487 77.770933 0.000000 0.000000
-103.405639 77.770933 0.000000 0.000000
-99.442791 77.770933 0.000000 0.000000
-95.479943 77.770933 0.000000 0.000000
-91.517095 77.770933 11.568251 0.419372
-87.554247 77.770933 11.504302 0.480884
-83.591400 77.770933 11.632494 0.423538
-79.628552 77.770933 11.595918 0.451883
-75.665704 77.770933 11.448035 0.258140
-71.702856 77.770933 11.684194 0.252490
-67.740008 77.770933 11.637391 0.180533
-63.777160 77.770933 11.628047 0.045121
-59.814312 77.770933 11.579668 0.093153
-55.851464 77.770933 11.740849 0.183064
-51.888616 77.770933 11.537101 -0.009279
-47.925768 77.770933 11.510789 -0.204011
-43.962920 77.770933 11.431711 -0.189512
-40.000072 77.770933 11.461439 0.005089
-36.037224 77.770933 11.576409 -0.157669
-32.074376 77.770933 11.321392 -0.204675
-28.111528 77.770933 11.385593 -0.173411
-24.148680 77.770933 11.254330 -0.324721
-20.185832 77.770933 11.256187 -0.212051
-16.222984 77.770933 11.287887 -0.277252
-12.260136 77.770933 0.000000 0.000000
-8.297289 77.770933 0.000000 0.000000
-4.334441 77.770933 0.000000 0.000000
-0.371593 77.770933 11.048097 -0.218354
3.591255 77.770933 11.158445 -0.101001
7.554103 77.770933 11.034864 -0.259329
11.516951 77.770933 10.992064 -0.122049
15.479799 77.770933 11.098811 -0.218753
19.442647 77.770933 10.977858 -0.083170
23.405495 77.770933 10.807914 -0.173573
27.368343 77.770933 11.092277 -0.090024
31.331191 77.770933 11.081178 -0.140621
35.294039 77.770933 11.017721 -0.104964
39.256887 77.770933 10.911084 0.135706
43.219735 77.770933 10.973679 0.119897
47.182583 77.770933 10.993850 -0.029213
51.145431 77.770933 11.167144 -0.192724
55.108279 77.770933 10.953905 -0.133242
59.071127 77.770933 10.933001 -0.045434
63.033975 77.770933 10.888293 -0.196141
66.996822 77.770933 11.098425 -0.052019
-131.145575 73.808085 -12.932830 -3.450630
-127.182727 73.808085 11.954369 0.620133
-123.219879 73.808085 11.354911 0.670806
-119.257031 73.808085 11.332570 0.651628
-115.294183 73.808085 11.089606 0.586691
-111.331335 73.808085 0.000000 0.000000
-107.368487 73.808085 0.000000 0.000000
-103.405639 73.808085 0.000000 0.000000
-99.442791 73.808085 0.000000 0.000000
-95.479943 73.808085 0.000000 0.000000
-91.517095 73.808085 11.609675 0.521568
-87.554247 73.808085 11.655540 0.333048
-83.591400 73.808085 11.677539 0.381088
-79.628552 73.808085 11.493131 0.379694
-75.665704 73.808085 11.678869 0.345326
-71.702856 73.808085 11.667035 0.158996
-67.740008 73.808085 11.662325 0.198994
-63.777160 73.808085 11.843081 0.209743
-59.814312 73.808085 11.619844 -0.070673
-55.851464 73.808085 11.686365 0.028899
-51.888616 73.808085 11.618767 0.007123
-47.925768 73.808085 11.571263 -0.221960
-43.962920 73.808085 11.579531 -0.095946
-40.000072 73.808085 11.561218 -0.195175
-36.037224 73.808085 11.584918 -0.244316
-32.074376 73.808085 11.342968 -0.321957
-28.111528 73.808085 11.514399 -0.368338
-24.148680 73.808085 11.621143 -0.232339
-20.185832 73.808085 11.348145 -0.256037
-16.222984 73.808085 11.228997 -0.347688
-12.260136 73.808085 0.000000 0.000000
-8.297289 73.808085 0.000000 0.000000
-4.334441 73.808085 0.000000 0.000000
-0.371593 73.808085 11.068432 -0.297386
3.591255 73.808085 11.111076 -0.275500
7.554103 73.808085 11.202941 -0.181615
11.516951 73.808085 11.178908 -0.416741
15.479799 73.808085 11.178517 -0.185196
19.442647 73.808085 10.831122 -0.246337
23.405495 73.808085 11.012214 -0.163420
27.368343 73.808085 11.221239 -0.028255
31.331191 73.808085 11.083460 0.045018
35.294039 73.808085 10.954640 -0.103355
39.256887 73.808085 11.005193 -0.075873
43.219735 73.808085 10.905611 -0.112455
47.182583 73.808085 10.986419 0.093371
51.145431 73.808085 10.980316 0.066016
55.108279 73.808085 10.922394 0.084521
59.071127 73.808085 10.944763 -0.120155
63.033975 73.808085 10.930772 0.106322
66.996822 73.808085 10.857640 -0.146835
-131.145575 69.845237 -11.084353 -6.211731
-127.182727 69.845237 12.113460 1.238308
-123.219879 69.845237 10.989218 0.666384
-119.257031 69.845237 11.078492 0.364173
-115.294183 69.845237 11.138098 0.690319
-111.331335 69.845237 0.000000 0.000000
-107.368487 69.845237 0.000000 0.000000
-103.405639 69.845237 0.000000 0.000000
-99.442791 69.845237 0.000000 0.000000
-95.479943 69.845237 0.000000 0.000000
-91.517095 69.845237 11.904087 0.589433
-87.554247 69.845237 11.782557 0.424140
-83.591400 69.845237 11.720870 0.352958
-79.628552 69.845237 11.870351 0.136021
-75.665704 69.845237 11.630132 0.482014
-71.702856 69.845237 11.717117 0.257870
-67.740008 69.845237 11.722123 0.035639
-63.777160 69.845237 11.907957 0.017900
-59.814312 69.845237 11.731215 0.077475
-55.851464 69.845237 11.711376 -0.162741
-51.888616 69.845237 11.602209 -0.214541
-47.925768 69.845237 11.645779 -0.061772
-43.962920 69.845237 11.765375 -0.205742
-40.000072 69.845237 11.758925 -0.257793
-36.037224 69.845237 11.536325 -0.236093
-32.074376 69.845237 11.487593 -0.287102
-28.111528 69.845237 11.359956 -0.301519
-24.148680 69.845237 11.238361 -0.297713
-20.185832 69.845237 11.410209 -0.317760
-16.222984 69.845237 11.071845 -0.347190
-12.260136 69.845237 0.000000 0.000000
-8.297289 69.845237 0.000000 0.000000
-4.334441 69.845237 0.000000 0.000000
-0.371593 69.845237 11.088634 -0.245945
3.591255 69.845237 10.985189 -0.392787
7.554103 69.845237 11.027487 -0.122474
11.516951 69.845237 11.004997 -0.219178
15.479799 69.845237 10.848404 -0.069435
19.442647 69.845237 11.020679 -0.158350
23.405495 69.845237 11.085656 0.109858
27.368343 69.845237 10.978583 -0.058754
31.331191 69.845237 11.060849 0.211890
35.294039 69.845237 11.138199 0.271597
39.256887 69.845237 10.961676 -0.079170
43.219735 69.845237 10.833308 0.105317
47.182583 69.845237 10.992715 0.095232
51.145431 69.845237 11.109768 0.048862
55.108279 69.845237 11.129192 -0.068077
59.071127 69.845237 10.749876 0.255187
63.033975 69.845237 11.030474 0.124802
66.996822 69.845237 11.028596 -0.034222
-131.145575 65.882389 2.644368 -10.075392
-127.182727 65.882389 11.683651 1.424024
-123.219879 65.882389 10.925816 0.962384
-119.257031 65.882389 10.912053 0.611864
-115.294183 65.882389 10.937482 0.777085
-111.331335 65.882389 0.000000 0.000000
-107.368487 65.882389 0.000000 0.000000
-103.405639 65.882389 0.000000 0.000000
-99.442791 65.882389 0.000000 0.000000
-95.479943 65.882389 0.000000 0.000000
-91.517095 65.882389 11.759306 0.694730
-87.554247 65.882389 11.659312 0.698118
-83.591400 65.882389 11.776937 0.320887
-79.628552 65.882389 11.815077 0.477363
-75.665704 65.882389 11.871367 0.048345
-71.702856 65.882389 11.990530 0.261172
-67.740008 65.882389 11.862495 0.033482
-63.777160 65.882389 11.831671 0.007592
-59.814312 65.882389 11.861421 -0.159461
-55.851464 65.882389 11.725838 -0.190222
-51.888616 65.882389 11.680255 -0.080701
-47.925768 65.882389 11.654535 -0.140676
-43.962920 65.882389 11.663600 -0.092215
-40.000072 65.882389 11.531025 -0.373252
-36.037224 65.882389 11.651484 -0.042749
-32.074376 65.882389 11.550473 -0.765484
-28.111528 65.882389 11.354728 -0.287483
-24.148680 65.882389 11.302151 -0.374379
-20.185832 65.882389 11.200222 -0.368903
-16.222984 65.882389 11.193133 -0.399419
-12.260136 65.882389 0.000000 0.000000
-8.297289 65.882389 0.000000 0.000000
-4.334441 65.882389 11.185175 -0.187690
-0.371593 65.882389 11.216023 -0.373750
3.591255 65.882389 10.827960 -0.377815
7.554103 65.882389 11.033392 -0.269149
11.516951 65.882389 10.945611 -0.316985
15.479799 65.882389 11.007396 -0.206573
19.442647 65.882389 10.879612 -0.118965
23.405495 65.882389 10.997212 -0.400130
27.368343 65.882389 10.904803 -0.249273
31.331191 65.882389 10.995934 -0.145251
35.294039 65.882389 10.910789 -0.270016
39.256887 65.882389 10.843067 0.245149
43.219735 65.882389 10.975113 0.241514
47.182583 65.882389 10.949039 -0.219834
51.145431 65.882389 10.881904 -0.210430
55.108279 65.882389 10.873167 -0.095289
59.071127 65.882389 10.912810 -0.060690
63.033975 65.882389 11.184266 -0.078169
66.996822 65.882389 10.868348 0.008083
-131.145575 61.919541 -4.045951 12.086689
-127.182727 61.919541 10.690933 1.006462
-123.219879 61.919541 10.912099 0.565545
-119.257031 61.919541 11.244967 1.062506
-115.294183 61.919541 11.074277 0.912222
-111.331335 61.919541 0.000000 0.000000
-107.368487 61.919541 0.000000 0.000000
-103.405639 61.919541 0.000000 0.000000
-99.442791 61.919541 0.000000 0.000000
-95.479943 61.919541 0.000000 0.000000
-91.517095 61.919541 11.933002 0.784296
-87.554247 61.919541 11.713813 0.400182
-83.591400 61.919541 11.773316 0.330666
-79.628552 61.919541 11.767985 0.215132
-75.665704 61.919541 11.998363 0.256997
-71.702856 61.919541 12.034290 0.145416
-67.740008 61.919541 12.254577 0.418060
-63.777160 61.919541 11.940874 -0.157075
-59.814312 61.919541 11.964815 0.047167
-55.851464 61.919541 11.770914 0.009175
-51.888616 61.919541 11.820774 -0.118546
-47.925768 61.919541 11.633534 -0.325748
-43.962920 61.919541 11.747563 -0.299762
-40.000072 61.919541 11.635470 -0.202531
-36.037224 61.919541 11.785098 -0.352841
-32.074376 61.919541 11.516568 -0.377503
-28.111528 61.919541 11.477694 -0.381339
-24.148680 61.919541 11.192717 -0.467507
-20.185832 61.919541 11.429106 -0.361438
-16.222984 61.919541 11.341476 -0.387380
-12.260136 61.919541 0.000000 0.000000
-8.297289 61.919541 0.000000 0.000000
-4.334441 61.919541 11.137293 -0.405749
-0.371593 61.919541 11.018586 -0.307466
3.591255 61.919541 11.007974 -0.406554
7.554103 61.919541 10.838751 -0.501755
11.516951 61.919541 10.873656 -0.280458
15.479799 61.919541 10.946679 -0.139035
19.442647 61.919541 10.975457 -0.272531
23.405495 61.919541 10.832221 -0.299729
27.368343 61.919541 10.986773 -0.081947
31.331191 61.919541 11.034877 -0.130226
35.294039 61.919541 10.887283 0.068864
39.256887 61.919541 10.657407 -0.219080
43.219735 61.919541 10.859763 -0.223152
47.182583 61.919541 11.007937 -0.183613
51.145431 61.919541 10.823338 -0.095875
55.108279 61.919541 11.064771 -0.105765
59.071127 61.919541 10.757364 0.001798
63.033975 61.919541 10.979116 -0.052240
66.996822 61.919541 10.896524 -0.251166
-131.145575 57.956694 -12.045110 -12.287785
-127.182727 57.956694 -4.435354 8.834475
-123.219879 57.956694 10.867177 0.773012
-119.257031 57.956694 11.040897 0.711890
-115.294183 57.956694 10.958480 1.009260
-111.331335 57.956694 0.000000 0.000000
-107.368487 57.956694 0.000000 0.000000
-103.405639 57.956694 0.000000 0.000000
-99.442791 57.956694 0.000000 0.000000
-95.479943 57.956694 11.695512 0.880996
-91.517095 57.956694 11.904465 0.691247
-87.554247 57.956694 11.981911 0.661933
-83.591400 57.956694 11.981841 0.554336
-79.628552 57.956694 12.111389 0.371594
-75.665704 57.956694 11.941223 -0.021274
-71.702856 57.956694 12.026134 0.228970
-67.740008 57.956694 12.031742 0.041501
-63.777160 57.956694 12.018118 -0.164979
-59.814312 57.956694 11.975846 -0.199308
-55.851464 57.956694 11.766630 -0.245652
-51.888616 57.956694 11.813972 -0.177177
-47.925768 57.956694 11.789065 -0.356682
-43.962920 57.956694 11.751422 -0.323893
-40.000072 57.956694 11.624940 -0.344144
-36.037224 57.956694 11.533481 -0.451994
-32.074376 57.956694 11.497199 -0.333857
-28.111528 57.956694 11.488542 -0.612360
-24.148680 57.956694 11.191786 -0.544676
-20.185832 57.956694 11.057071 -0.557902
-16.222984 57.956694 11.132906 -0.437637
-12.260136 57.956694 0.000000 0.000000
-8.297289 57.956694 0.000000 0.000000
-4.334441 57.956694 10.999697 -0.484784
-0.371593 57.956694 10.957937 -0.500165
3.591255 57.956694 10.858351 -0.348910
7.554103 57.956694 11.336726 -0.305835
11.516951 57.956694 11.045237 -0.190235
15.479799 57.956694 10.873923 -0.301872
19.442647 57.956694 11.000528 -0.169750
23.405495 57.956694 10.903222 -0.118101
27.368343 57.956694 10.878037 -0.296746
31.331191 57.956694 10.850163 0.010706
35.294039 57.956694 11.009605 -0.077231
39.256887 57.956694 10.950314 -0.144739
43.219735 57.956694 10.783133 -0.246424
47.182583 57.956694 10.995286 -0.018086
51.145431 57.956694 10.945115 -0.109107
55.108279 57.956694 10.905387 -0.144529
59.071127 57.956694 10.869312 -0.076026
63.033975 57.956694 10.976245 0.152927
66.996822 57.956694 10.784501 -0.059944
-131.145575 53.993846 12.906930 -5.140208
-127.182727 53.993846 10.865577 0.836365
-123.219879 53.993846 9.776225 2.095634
-119.257031 53.993846 11.002640 0.782484
-115.294183 53.993846 11.008936 1.328059
-111.331335 53.993846 0.000000 0.000000
-107.368487 53.993846 0.000000 0.000000
-103.405639 53.993846 0.000000 0.000000
-99.442791 53.993846 0.000000 0.000000
-95.479943 53.993846 11.980513 1.026890
-91.517095 53.993846 12.129485 0.923872
-87.554247 53.993846 11.901163 0.630675
-83.591400 53.993846 12.213127 0.457226
-79.628552 53.993846 12.315404 0.223105
-75.665704 53.993846 12.231990 0.345017
-71.702856 53.993846 12.143923 -0.112534
-67.740008 53.993846 12.169444 -0.108713
-63.777160 53.993846 12.000605 -0.046857
-59.814312 53.993846 12.047766 -0.113613
-55.851464 53.993846 11.834994 -0.290342
-51.888616 53.993846 11.926037 -0.224168
-47.925768 53.993846 11.859451 -0.468540
-43.962920 53.993846 11.781502 -0.595341
-40.000072 53.993846 11.733253 -0.368784
-36.037224 53.993846 11.895689 -0.358391
-32.074376 53.993846 11.698406 -0.443038
-28.111528 53.993846 11.517296 -0.619687
-24.148680 53.993846 11.202671 -0.552131
-20.185832 53.993846 11.170918 -0.667871
-16.222984 53.993846 11.408247 -0.667273
-12.260136 53.993846 11.496530 -0.621615
-8.297289 53.993846 0.000000 0.000000
-4.334441 53.993846 10.960183 -0.589722
-0.371593 53.993846 10.866902 -0.613841
3.591255 53.993846 10.796032 -0.305432
7.554103 53.993846 10.961810 -0.433172
11.516951 53.993846 10.723126 -0.157667
15.479799 53.993846 10.775378 -0.172042
19.442647 53.993846 10.893439 0.038343
23.405495 53.993846 10.786509 -0.326726
27.368343 53.993846 10.877021 -0.257326
31.331191 53.993846 10.679167 0.053619
35.294039 53.993846 10.894442 -0.170711
39.256887 53.993846 10.953681 0.126670
43.219735 53.993846 11.049539 -0.117277
47.182583 53.993846 10.961832 -0.078587
51.145431 53.993846 10.826538 -0.082872
55.108279 53.993846 10.761770 0.425412
59.071127 53.993846 10.958046 0.046355
63.033975 53.993846 10.841342 0.097241
66.996822 53.993846 10.858144 -0.030825
-131.145575 50.030998 4.488631 9.186345
-127.182727 50.030998 2.844729 9.746951
-123.219879 50.030998 10.625367 0.657868
-119.257031 50.030998 10.731809 0.804228
-115.294183 50.030998 10.927556 1.056320
-111.331335 50.030998 0.000000 0.000000
-107.368487 50.030998 0.000000 0.000000
-103.405639 50.030998 0.000000 0.000000
-99.442791 50.030998 0.000000 0.000000
-95.479943 50.030998 12.079796 1.255600
-91.517095 50.030998 12.281475 0.908800
-87.554247 50.030998 12.609903 0.658679
-83.591400 50.030998 12.266138 0.567589
-79.628552 50.030998 12.334909 0.475000
-75.665704 50.030998 12.540963 0.192801
-71.702856 50.030998 12.354072 0.108869
-67.740008 50.030998 12.238968 -0.148426
-63.777160 50.030998 12.134647 0.071113
-59.814312 50.030998 12.105276 -0.154624
-55.851464 50.030998 12.043647 -0.362795
-51.888616 50.030998 11.945678 -0.402993
-47.925768 50.030998 11.930413 -0.403151
-43.962920 50.030998 11.864599 -0.506129
-40.000072 50.030998 11.709901 -0.639921
-36.037224 50.030998 11.566685 -0.538010
-32.074376 50.030998 11.947914 -0.382887
-28.111528 50.030998 11.674668 -0.664952
-24.148680 50.030998 11.574959 -0.717778
-20.185832 50.030998 11.331544 -0.612062
-16.222984 50.030998 11.285865 -0.693161
-12.260136 50.030998 11.021240 -0.773380
-8.297289 50.030998 0.000000 0.000000
-4.334441 50.030998 10.831337 -0.561780
-0.371593 50.030998 10.872875 -0.526355
3.591255 50.030998 10.723611 -0.390478
7.554103 50.030998 10.755672 -0.378135
11.516951 50.030998 10.616382 -0.374990
15.479799 50.030998 10.800117 -0.159412
19.442647 50.030998 10.933963 -0.218802
23.405495 50.030998 10.926464 -0.314346
27.368343 50.030998 10.831200 -0.543113
31.331191 50.030998 10.759883 -0.067001
35.294039 50.030998 10.852798 0.107647
39.256887 50.030998 10.776451 0.078982
43.219735 50.030998 10.993607 -0.031706
47.182583 50.030998 10.797796 -0.196827
51.145431 50.030998 10.755051 0.186033
55.108279 50.030998 10.810409 -0.360231
59.071127 50.030998 10.657669 0.033958
63.033975 50.030998 10.741820 0.369052
66.996822 50.030998 11.031498 -0.248836
-131.145575 46.068150 -10.290716 14.346402
-127.182727 46.068150 16.737314 11.429199
-123.219879 46.068150 10.774547 0.708920
-119.257031 46.068150 10.910544 1.284613
-115.294183 46.068150 10.593354 1.328377
-111.331335 46.068150 11.073535 1.754755
-107.368487 46.068150 0.000000 0.000000
-103.405639 46.068150 0.000000 0.000000
-99.442791 46.068150 0.000000 0.000000
-95.479943 46.068150 12.386552 1.475573
-91.517095 46.068150 12.501968 1.118513
-87.554247 46.068150 12.534477 0.832684
-83.591400 46.068150 12.340846 0.527038
-79.628552 46.068150 12.390551 0.364558
-75.665704 46.068150 12.445829 0.278409
-71.702856 46.068150 12.620978 0.023724
-67.740008 46.068150 12.400485 -0.258990
-63.777160 46.068150 12.283314 -0.339309
-59.814312 46.068150 12.040707 -0.271940
-55.851464 46.068150 12.049650 -0.546187
-51.888616 46.068150 12.192296 -0.442124
-47.925768 46.068150 11.841589 -0.365844
-43.962920 46.068150 11.914111 -0.553198
-40.000072 46.068150 11.725011 -0.647623
-36.037224 46.068150 11.813758 -0.685821
-32.074376 46.068150 11.499408 -0.590939
-28.111528 46.068150 11.684198 -0.764134
-24.148680 46.068150 11.554852 -0.689619
-20.185832 46.068150 11.267952 -0.840748
-16.222984 46.068150 11.362096 -0.901284
-12.260136 46.068150 11.018181 -0.804995
-8.297289 46.068150 0.000000 0.000000
-4.334441 46.068150 10.880051 -0.899934
-0.371593 46.068150 10.855917 -0.444582
3.591255 46.068150 10.729699 -0.425204
7.554103 46.068150 10.701775 -0.498162
11.516951 46.068150 10.321330 -0.381721
15.479799 46.068150 10.532814 -0.015429
19.442647 46.068150 10.882494 0.093156
23.405495 46.068150 11.200530 0.097465
27.368343 46.068150 10.955076 -0.328067
31.331191 46.068150 10.566608 0.137437
35.294039 46.068150 10.264757 -0.032868
39.256887 46.068150 10.007042 0.969607
43.219735 46.068150 10.860561 -0.534465
47.182583 46.068150 10.886664 -0.581509
51.145431 46.068150 10.798775 -0.170523
55.108279 46.068150 10.455412 -0.096060
59.071127 46.068150 10.384995 -0.231963
63.033975 46.068150 8.574506 0.552240
66.996822 46.068150 10.599291 0.581628
-131.145575 42.105302 1.136951 -16.356983
-127.182727 42.105302 10.259109 -0.133873
-123.219879 42.105302 10.385481 0.664991
-119.257031 42.105302 10.340665 0.850700
-115.294183 42.105302 9.505443 1.266967
-111.331335 42.105302 10.445453 1.927577
-107.368487 42.105302 0.000000 0.000000
-103.405639 42.105302 0.000000 0.000000
-99.442791 42.105302 12.477654 2.076394
-95.479943 42.105302 12.737104 1.469202
-91.517095 42.105302 12.939116 1.156920
-87.554247 42.105302 12.999654 0.928767
-83.591400 42.105302 13.170487 0.726813
-79.628552 42.105302 12.700483 0.131406
-75.665704 42.105302 12.915515 0.002181
-71.702856 42.105302 12.887749 -0.093725
-67.740008 42.105302 12.480573 -0.301297
-63.777160 42.105302 12.235446 -0.183470
-59.814312 42.105302 12.378280 -0.547726
-55.851464 42.105302 12.128835 -0.742255
-51.888616 42.105302 11.993443 -0.616118
-47.925768 42.105302 12.135034 -0.355642
-43.962920 42.105302 11.915656 -0.423900
-40.000072 42.105302 11.894862 -0.464434
-36.037224 42.105302 11.810389 -0.677958
-32.074376 42.105302 11.808740 -0.630990
-28.111528 42.105302 11.756243 -0.821947
-24.148680 42.105302 11.575838 -0.702803
-20.185832 42.105302 11.629958 -0.974258
-16.222984 42.105302 11.163668 -0.992309
-12.260136 42.105302 11.217438 -1.085676
-8.297289 42.105302 0.000000 0.000000
-4.334441 42.105302 10.393548 -0.501855
-0.371593 42.105302 10.864297 -0.358680
3.591255 42.105302 10.920115 -0.829614
7.554103 42.105302 10.629639 -0.837174
11.516951 42.105302 10.225574 -0.594417
15.479799 42.105302 10.250016 0.000700
19.442647 42.105302 11.021749 0.279992
23.405495 42.105302 11.384429 -0.336707
27.368343 42.105302 10.977157 -0.564060
31.331191 42.105302 10.688841 -0.789512
35.294039 42.105302 10.308669 -0.732535
39.256887 42.105302 10.463317 -0.150439
43.219735 42.105302 10.682661 0.404063
47.182583 42.105302 11.056788 -0.256807
51.145431 42.105302 10.688718 -0.212317
55.108279 42.105302 10.466619 -0.337071
59.071127 42.105302 11.047090 -1.112973
63.033975 42.105302 9.224302 -0.530641
66.996822 42.105302 9.382860 0.238654
-131.145575 38.142454 9.768060 -0.177789
-127.182727 38.142454 9.894305 6.398523
-123.219879 38.142454 9.928825 0.383279
-119.257031 38.142454 17.920002 13.233859
-115.294183 38.142454 9.713313 1.202274
-111.331335 38.142454 9.269718 2.276118
-107.368487 38.142454 0.000000 0.000000
-103.405639 38.142454 0.000000 0.000000
-99.442791 38.142454 0.000000 0.000000
-95.479943 38.142454 0.000000 0.000000
-91.517095 38.142454 0.000000 0.000000
-87.554247 38.142454 0.000000 0.000000
-83.591400 38.142454 0.000000 0.000000
-79.628552 38.142454 0.000000 0.000000
-75.665704 38.142454 0.000000 0.000000
-71.702856 38.142454 0.000000 0.000000
-67.740008 38.142454 0.000000 0.000000
-63.777160 38.142454 0.000000 0.000000
-59.814312 38.142454 0.000000 0.000000
-55.851464 38.142454 0.000000 0.000000
-51.888616 38.142454 0.000000 0.000000
-47.925768 38.142454 0.000000 0.000000
-43.962920 38.142454 0.000000 0.000000
-40.000072 38.142454 0.000000 0.000000
-36.037224 38.142454 0.000000 0.000000
-32.074376 38.142454 0.000000 0.000000
-28.111528 38.142454 0.000000 0.000000
-24.148680 38.142454 11.637774 -0.843532
-20.185832 38.142454 11.358719 -1.499593
-16.222984 38.142454 11.064460 -0.869094
-12.260136 38.142454 11.648765 -1.247405
-8.297289 38.142454 0.000000 0.000000
-4.334441 38.142454 9.326515 0.123297
-0.371593 38.142454 10.992445 -0.926935
3.591255 38.142454 10.951208 -1.428759
7.554103 38.142454 10.753992 -1.134240
11.516951 38.142454 10.307127 -1.494655
15.479799 38.142454 10.415257 -1.723840
19.442647 38.142454 9.296773 -0.399341
23.405495 38.142454 9.718349 1.702702
27.368343 38.142454 11.638311 -0.606788
31.331191 38.142454 10.593070 -1.357373
35.294039 38.142454 10.919130 -1.781572
39.256887 38.142454 9.181446 0.275241
43.219735 38.142454 9.135550 1.736980
47.182583 38.142454 10.144976 1.294051
51.145431 38.142454 10.717174 -0.693389
55.108279 38.142454 10.840370 -0.935488
59.071127 38.142454 11.092882 -1.036278
63.033975 38.142454 10.209551 -0.690783
66.996822 38.142454 9.099339 1.300540
-131.145575 34.179606 -1.777505 -8.511071
-127.182727 34.179606 -0.156308 -15.186918
-123.219879 34.179606 9.722180 0.156327
-119.257031 34.179606 10.460326 -0.789311
-115.294183 34.179606 0.000000 0.000000
-111.331335 34.179606 0.000000 0.000000
-107.368487 34.179606 0.000000 0.000000
-103.405639 34.179606 0.000000 0.000000
-99.442791 34.179606 0.000000 0.000000
-95.479943 34.179606 0.000000 0.000000
-91.517095 34.179606 0.000000 0.000000
-87.554247 34.179606 0.000000 0.000000
-83.591400 34.179606 0.000000 0.000000
-79.628552 34.179606 0.000000 0.000000
-75.665704 34.179606 0.000000 0.000000
-71.702856 34.179606 0.000000 0.000000
-67.740008 34.179606 0.000000 0.000000
-63.777160 34.179606 0.000000 0.000000
-59.814312 34.179606 0.000000 0.000000
-55.851464 34.179606 0.000000 0.000000
-51.888616 34.179606 0.000000 0.000000
-47.925768 34.179606 0.000000 0.000000
-43.962920 34.179606 0.000000 0.000000
-40.000072 34.179606 0.000000 0.000000
-36.037224 34.179606 0.000000 0.000000
-32.074376 34.179606 0.000000 0.000000
-28.111528 34.179606 0.000000 0.000000
-24.148680 34.179606 0.000000 0.000000
-20.185832 34.179606 0.000000 0.000000
-16.222984 34.179606 0.000000 0.000000
-12.260136 34.179606 0.000000 0.000000
-8.297289 34.179606 0.000000 0.000000
-4.334441 34.179606 0.000000 0.000000
-0.371593 34.179606 6.221109 4.664959
3.591255 34.179606 7.756182 2.546537
7.554103 34.179606 -2.295875 -17.604256
11.516951 34.179606 9.905405 -1.886314
15.479799 34.179606 9.609514 -2.137288
19.442647 34.179606 8.314090 2.947260
23.405495 34.179606 9.283710 2.503326
27.368343 34.179606 9.365243 1.065595
31.331191 34.179606 10.170565 -1.774737
35.294039 34.179606 11.504491 -0.959167
39.256887 34.179606 10.412782 -2.007826
43.219735 34.179606 9.485411 2.210513
47.182583 34.179606 9.563196 1.503047
51.145431 34.179606 9.561711 -0.158630
55.108279 34.179606 10.792655 -0.894397
59.071127 34.179606 11.647331 -0.704843
63.033975 34.179606 -14.573558 0.315215
66.996822 34.179606 9.870321 1.573527
-131.145575 30.216758 -0.641731 -11.962737
-127.182727 30.216758 -12.813048 2.929006
-123.219879 30.216758 0.000000 0.000000
-119.257031 30.216758 0.000000 0.000000
-115.294183 30.216758 0.000000 0.000000
-111.331335 30.216758 0.000000 0.000000
-107.368487 30.216758 0.000000 0.000000
-103.405639 30.216758 0.000000 0.000000
-99.442791 30.216758 0.000000 0.000000
-95.479943 30.216758 0.000000 0.000000
-91.517095 30.216758 0.000000 0.000000
-87.554247 30.216758 0.000000 0.000000
-83.591400 30.216758 0.000000 0.000000
-79.628552 30.216758 0.000000 0.000000
-75.665704 30.216758 0.000000 0.000000
-71.702856 30.216758 0.000000 0.000000
-67.740008 30.216758 0.000000 0.000000
-63.777160 30.216758 0.000000 0.000000
-59.814312 30.216758 0.000000 0.000000
-55.851464 30.216758 0.000000 0.000000
-51.888616 30.216758 0.000000 0.000000
-47.925768 30.216758 0.000000 0.000000
-43.962920 30.216758 0.000000 0.000000
-40.000072 30.216758 0.000000 0.000000
-36.037224 30.216758 0.000000 0.000000
-32.074376 30.216758 0.000000 0.000000
-28.111528 30.216758 0.000000 0.000000
-24.148680 30.216758 0.000000 0.000000
-20.185832 30.216758 0.000000 0.000000
-16.222984 30.216758 0.000000 0.000000
-12.260136 30.216758 0.000000 0.000000
-8.297289 30.216758 0.000000 0.000000
-4.334441 30.216758 0.000000 0.000000
-0.371593 30.216758 0.000000 0.000000
3.591255 30.216758 0.000000 0.000000
7.554103 30.216758 9.314754 -0.042196
11.516951 30.216758 9.850873 -0.912668
15.479799 30.216758 10.679000 -2.120090
19.442647 30.216758 12.228305 0.880014
23.405495 30.216758 10.453081 1.410623
27.368343 30.216758 9.728597 0.734081
31.331191 30.216758 10.528772 -1.045531
35.294039 30.216758 11.119240 -1.162086
39.256887 30.216758 11.291382 -0.011823
43.219735 30.216758 10.622976 1.790279
47.182583 30.216758 10.241103 0.980888
51.145431 30.216758 10.443747 0.784705
55.108279 30.216758 10.999950 -0.907649
59.071127 30.216758 10.998957 -0.799889
63.033975 30.216758 11.726377 -1.249083
66.996822 30.216758 10.960137 1.102519
-131.145575 26.253910 -13.113306 0.935797
-127.182727 26.253910 14.728688 -1.503074
-123.219879 26.253910 0.000000 0.000000
-119.257031 26.253910 0.000000 0.000000
-115.294183 26.253910 0.000000 0.000000
-111.331335 26.253910 0.000000 0.000000
-107.368487 26.253910 0.000000 0.000000
-103.405639 26.253910 0.000000 0.000000
-99.442791 26.253910 0.000000 0.000000
-95.479943 26.253910 0.000000 0.000000
-91.517095 26.253910 0.000000 0.000000
-87.554247 26.253910 0.000000 0.000000
-83.591400 26.253910 0.000000 0.000000
-79.628552 26.253910 0.000000 0.000000
-75.665704 26.253910 0.000000 0.000000
-71.702856 26.253910 0.000000 0.000000
-67.740008 26.253910 0.000000 0.000000
-63.777160 26.253910 0.000000 0.000000
-59.814312 26.253910 0.000000 0.000000
-55.851464 26.253910 0.000000 0.000000
-51.888616 26.253910 0.000000 0.000000
-47.925768 26.253910 0.000000 0.000000
-43.962920 26.253910 0.000000 0.000000
-40.000072 26.253910 0.000000 0.000000
-36.037224 26.253910 0.000000 0.000000
-32.074376 26.253910 0.000000 0.000000
-28.111528 26.253910 0.000000 0.000000
-24.148680 26.253910 0.000000 0.000000
-20.185832 26.253910 0.000000 0.000000
-16.222984 26.253910 0.000000 0.000000
-12.260136 26.253910 0.000000 0.000000
-8.297289 26.253910 0.000000 0.000000
-4.334441 26.253910 0.000000 0.000000
-0.371593 26.253910 0.000000 0.000000
3.591255 26.253910 0.000000 0.000000
7.554103 26.253910 0.000000 0.000000
11.516951 26.253910 10.017134 -0.068123
15.479799 26.253910 11.493509 -0.209244
19.442647 26.253910 10.958106 0.493620
23.405495 26.253910 10.648971 0.852707
27.368343 26.253910 9.968541 0.158983
31.331191 26.253910 10.302349 -0.211121
35.294039 26.253910 10.808146 -0.467318
39.256887 26.253910 10.987634 0.283385
43.219735 26.253910 11.205338 0.865504
47.182583 26.253910 10.497294 0.583305
51.145431 26.253910 10.532680 0.532706
55.108279 26.253910 10.448733 -0.026584
59.071127 26.253910 11.809427 -0.280254
63.033975 26.253910 11.274216 -0.204426
66.996822 26.253910 11.365294 0.225735
-131.145575 22.291062 -0.116013 -4.211037
-127.182727 22.291062 13.048363 0.676654
-123.219879 22.291062 0.000000 0.000000
-119.257031 22.291062 0.000000 0.000000
-115.294183 22.291062 0.000000 0.000000
-111.331335 22.291062 0.000000 0.000000
-107.368487 22.291062 0.000000 0.000000
-103.405639 22.291062 0.000000 0.000000
-99.442791 22.291062 0.000000 0.000000
-95.479943 22.291062 0.000000 0.000000
-91.517095 22.291062 0.000000 0.000000
-87.554247 22.291062 0.000000 0.000000
-83.591400 22.291062 0.000000 0.000000
-79.628552 22.291062 0.000000 0.000000
-75.665704 22.291062 0.000000 0.000000
-71.702856 22.291062 0.000000 0.000000
-67.740008 22.291062 0.000000 0.000000
-63.777160 22.291062 0.000000 0.000000
-59.814312 22.291062 0.000000 0.000000
-55.851464 22.291062 0.000000 0.000000
-51.888616 22.291062 0.000000 0.000000
-47.925768 22.291062 0.000000 0.000000
-43.962920 22.291062 0.000000 0.000000
-40.000072 22.291062 0.000000 0.000000
-36.037224 22.291062 0.000000 0.000000
-32.074376 22.291062 0.000000 0.000000
-28.111528 22.291062 0.000000 0.000000
-24.148680 22.291062 0.000000 0.000000
-20.185832 22.291062 0.000000 0.000000
-16.222984 22.291062 0.000000 0.000000
-12.260136 22.291062 0.000000 0.000000
-8.297289 22.291062 0.000000 0.000000
-4.334441 22.291062 10.689552 1.001032
-0.371593 22.291062 10.547381 0.924184
3.591255 22.291062 10.259995 0.679332
7.554103 22.291062 10.587924 0.271816
11.516951 22.291062 10.624736 0.234003
15.479799 22.291062 10.887144 0.147219
19.442647 22.291062 10.887332 0.291450
23.405495 22.291062 10.479473 0.109585
27.368343 22.291062 10.401200 0.276046
31.331191 22.291062 10.657997 0.191263
35.294039 22.291062 10.711264 0.168694
39.256887 22.291062 10.896842 -0.069332
43.219735 22.291062 10.918187 0.184658
47.182583 22.291062 10.962878 0.094039
51.145431 22.291062 0.476491 4.754172
55.108279 22.291062 10.752913 0.460491
59.071127 22.291062 10.791385 0.206444
63.033975 22.291062 11.135464 -0.263957
66.996822 22.291062 10.969767 0.354758
-131.145575 18.328214 15.239705 -1.313448
-127.182727 18.328214 12.190642 9.418180
-123.219879 18.328214 -0.652458 4.925799
-119.257031 18.328214 10.604227 -1.847680
-115.294183 18.328214 10.741276 -1.241793
-111.331335 18.328214 12.548250 -0.743300
-107.368487 18.328214 0.000000 0.000000
-103.405639 18.328214 0.000000 0.000000
-99.442791 18.328214 0.000000 0.000000
-95.479943 18.328214 0.000000 0.000000
-91.517095 18.328214 0.000000 0.000000
-87.554247 18.328214 0.000000 0.000000
-83.591400 18.328214 0.000000 0.000000
-79.628552 18.328214 0.000000 0.000000
-75.665704 18.328214 0.000000 0.000000
-71.702856 18.328214 0.000000 0.000000
-67.740008 18.328214 0.000000 0.000000
-63.777160 18.328214 0.000000 0.000000
-59.814312 18.328214 0.000000 0.000000
-55.851464 18.328214 0.000000 0.000000
-51.888616 18.328214 11.589974 0.788070
-47.925768 18.328214 12.252273 0.784799
-43.962920 18.328214 11.641440 0.660344
-40.000072 18.328214 11.732015 0.686896
-36.037224 18.328214 11.468684 0.522495
-32.074376 18.328214 11.264277 0.592709
-28.111528 18.328214 11.139954 0.712696
-24.148680 18.328214 11.241816 0.840315
-20.185832 18.328214 10.975329 0.639738
-16.222984 18.328214 10.984900 0.937721
-12.260136 18.328214 10.835258 0.708333
-8.297289 18.328214 11.149809 0.659456
-4.334441 18.328214 10.657928 0.677908
-0.371593 18.328214 10.768890 0.740527
3.591255 18.328214 10.344953 0.593197
7.554103 18.328214 10.652141 0.421094
11.516951 18.328214 10.861732 0.282179
15.479799 18.328214 10.668428 0.412873
19.442647 18.328214 10.900455 0.327826
23.405495 18.328214 10.545355 0.285159
27.368343 18.328214 13.118630 16.188604
31.331191 18.328214 10.539148 0.531164
35.294039 18.328214 10.639101 0.182368
39.256887 18.328214 -9.493420 -2.502323
43.219735 18.328214 10.677291 0.238849
47.182583 18.328214 10.794436 0.554800
51.145431 18.328214 10.652076 -0.143236
55.108279 18.328214 10.793479 0.417943
59.071127 18.328214 11.074204 -0.087404
63.033975 18.328214 11.020338 -0.005070
66.996822 18.328214 11.191251 -0.606660
-131.145575 14.365366 12.666752 -1.582217
-127.182727 14.365366 -12.453935 6.221394
-123.219879 14.365366 -7.201660 -1.508757
-119.257031 14.365366 9.869512 -13.675367
-115.294183 14.365366 -5.392629 -4.066786
-111.331335 14.365366 10.732524 -0.937475
-107.368487 14.365366 10.583417 -1.241953
-103.405639 14.365366 11.134266 -1.098528
-99.442791 14.365366 11.512206 -0.880966
-95.479943 14.365366 11.973639 -0.779503
-91.517095 14.365366 11.872999 -0.868971
-87.554247 14.365366 12.148088 -0.158387
-83.591400 14.365366 12.173860 -0.197790
-79.628552 14.365366 12.113112 -0.241636
-75.665704 14.365366 12.164436 -0.105409
-71.702856 14.365366 11.988585 -0.214273
-67.740008 14.365366 11.865959 0.264721
-63.777160 14.365366 11.827986 0.080824
-59.814312 14.365366 11.991998 0.358520
-55.851464 14.365366 11.934791 0.434064
-51.888616 14.365366 11.941214 0.535495
-47.925768 14.365366 11.499106 0.586850
-43.962920 14.365366 11.607680 0.628876
-40.000072 14.365366 11.414188 0.584328
-36.037224 14.365366 11.506500 0.591750
-32.074376 14.365366 11.524469 0.617026
-28.111528 14.365366 11.227450 0.796874
-24.148680 14.365366 11.350430 0.620228
-20.185832 14.365366 11.249511 0.604486
-16.222984 14.365366 10.829679 0.749334
-12.260136 14.365366 11.080028 0.578661
-8.297289 14.365366 10.834272 0.645510
-4.334441 14.365366 11.165039 0.365756
-0.371593 14.365366 10.560542 0.694747
3.591255 14.365366 10.851298 0.324140
7.554103 14.365366 10.632634 0.368488
11.516951 14.365366 10.698670 0.457573
15.479799 14.365366 10.781399 0.382381
19.442647 14.365366 10.736694 0.352501
23.405495 14.365366 10.588881 0.203036
27.368343 14.365366 10.797935 -0.048657
31.331191 14.365366 10.841552 0.226671
35.294039 14.365366 10.595536 0.337252
39.256887 14.365366 16.922018 11.440282
43.219735 14.365366 10.847252 -0.247530
47.182583 14.365366 11.011117 0.186636
51.145431 14.365366 11.238232 -0.109639
55.108279 14.365366 10.394498 -0.291687
59.071127 14.365366 10.999152 0.111805
63.033975 14.365366 11.420491 0.004217
66.996822 14.365366 10.854538 0.078124
-131.145575 10.402518 -11.324652 -4.733466
-127.182727 10.402518 12.634226 -4.389717
-123.219879 10.402518 6.137737 -9.413983
-119.257031 10.402518 11.489444 -0.837744
-115.294183 10.402518 -6.568003 -2.693887
-111.331335 10.402518 10.967619 -0.698823
-107.368487 10.402518 -9.831299 4.859755
-103.405639 10.402518 11.055465 -0.614965
-99.442791 10.402518 11.229735 -0.754197
-95.479943 10.402518 11.639271 -0.585922
-91.517095 10.402518 12.027587 -0.739042
-87.554247 10.402518 11.875653 -0.418745
-83.591400 10.402518 12.050851 -0.327232
-79.628552 10.402518 11.672491 -0.466401
-75.665704 10.402518 11.800675 -0.172862
-71.702856 10.402518 11.992887 0.026552
-67.740008 10.402518 12.084852 0.308732
-63.777160 10.402518 11.970780 0.136027
-59.814312 10.402518 11.859118 0.343821
-55.851464 10.402518 11.776081 0.283312
-51.888616 10.402518 12.051864 0.157451
-47.925768 10.402518 11.612669 0.557161
-43.962920 10.402518 11.455647 0.575604
-40.000072 10.402518 11.699520 0.545124
-36.037224 10.402518 11.514910 0.655742
-32.074376 10.402518 11.147223 0.650535
-28.111528 10.402518 11.597576 0.643735
-24.148680 10.402518 11.189467 0.488742
-20.185832 10.402518 11.439916 0.625109
-16.222984 10.402518 11.103277 0.630383
-12.260136 10.402518 10.842696 0.623209
-8.297289 10.402518 10.801366 0.626288
-4.334441 10.402518 11.044291 0.528867
-0.371593 10.402518 11.073643 0.617947
3.591255 10.402518 10.741891 0.535407
7.554103 10.402518 10.723286 0.478223
11.516951 10.402518 10.579000 0.357940
15.479799 10.402518 10.751931 0.399621
19.442647 10.402518 10.867134 0.370378
23.405495 10.402518 10.815304 0.276452
27.368343 10.402518 10.695183 -0.543914
31.331191 10.402518 10.415231 0.278344
35.294039 10.402518 10.864316 0.199253
39.256887 10.402518 10.694823 -0.264266
43.219735 10.402518 10.810320 0.227497
47.182583 10.402518 10.882458 0.661742
51.145431 10.402518 10.804915 0.378461
55.108279 10.402518 10.552682 0.263644
59.071127 10.402518 10.718073 0.360249
63.033975 10.402518 10.660009 0.167402
66.996822 10.402518 10.872096 0.075321
-131.145575 6.439670 6.731051 -15.060558
-127.182727 6.439670 5.264781 -5.578368
-123.219879 6.439670 -4.688874 5.217190
-119.257031 6.439670 -4.080950 7.694621
-115.294183 6.439670 -7.216019 1.052275
-111.331335 6.439670 10.813913 -0.411158
-107.368487 6.439670 12.034213 -0.053922
-103.405639 6.439670 11.424501 -1.090367
-99.442791 6.439670 11.447035 -0.568063
-95.479943 6.439670 11.847319 -0.632029
-91.517095 6.439670 11.493628 -0.662222
-87.554247 6.439670 11.561818 -0.169703
-83.591400 6.439670 11.901662 -0.545411
-79.628552 6.439670 11.948770 -0.157340
-75.665704 6.439670 11.929108 -0.067429
-71.702856 6.439670 12.092119 0.151362
-67.740008 6.439670 11.756789 -0.108721
-63.777160 6.439670 12.244319 0.108239
-59.814312 6.439670 11.749930 0.063378
-55.851464 6.439670 11.795238 0.418120
-51.888616 6.439670 11.946767 0.065316
-47.925768 6.439670 11.750497 0.466598
-43.962920 6.439670 11.422773 0.595858
-40.000072 6.439670 11.836566 0.442365
-36.037224 6.439670 11.424314 0.523457
-32.074376 6.439670 11.007545 0.627974
-28.111528 6.439670 11.350394 0.553434
-24.148680 6.439670 11.191670 0.602795
-20.185832 6.439670 10.862140 0.563488
-16.222984 6.439670 10.988094 0.754912
-12.260136 6.439670 10.943160 0.707848
-8.297289 6.439670 11.006416 0.514680
-4.334441 6.439670 10.900203 0.751913
-0.371593 6.439670 10.995810 0.428333
3.591255 6.439670 10.992196 0.399805
7.554103 6.439670 10.803089 0.299906
11.516951 6.439670 11.143492 0.131306
15.479799 6.439670 10.661198 0.394237
19.442647 6.439670 10.903880 0.313884
23.405495 6.439670 10.742592 0.247697
27.368343 6.439670 10.817835 0.132660
31.331191 6.439670 10.810987 -0.078711
35.294039 6.439670 10.822930 0.152912
39.256887 6.439670 10.814092 -0.078498
43.219735 6.439670 11.026243 0.263797
47.182583 6.439670 10.673098 0.309844
51.145431 6.439670 10.855606 0.406170
55.108279 6.439670 10.957052 0.195027
59.071127 6.439670 11.242377 -0.345713
63.033975 6.439670 10.971610 0.059365
66.996822 6.439670 10.497138 0.082418
-131.145575 2.476822 -2.672115 10.645982
-127.182727 2.476822 -13.324190 14.753485
-123.219879 2.476822 12.874464 -13.154249
-119.257031 2.476822 -2.077449 -2.408213
-115.294183 2.476822 -9.953866 -2.273888
-111.331335 2.476822 11.518019 -0.895621
-107.368487 2.476822 10.855401 -0.208587
-103.405639 2.476822 12.139731 -0.431298
-99.442791 2.476822 11.561418 -0.792828
-95.479943 2.476822 12.200893 -0.381619
-91.517095 2.476822 11.718532 -0.333143
-87.554247 2.476822 11.684916 -0.397474
-83.591400 2.476822 11.841389 -0.356758
-79.628552 2.476822 12.110411 -0.211777
-75.665704 2.476822 11.845515 -0.093919
-71.702856 2.476822 11.796329 0.340877
-67.740008 2.476822 11.683803 0.114583
-63.777160 2.476822 11.757286 0.244656
-59.814312 2.476822 11.651496 0.407158
-55.851464 2.476822 11.850685 -0.197570
-51.888616 2.476822 11.296190 0.615091
-47.925768 2.476822 11.548668 0.471202
-43.962920 2.476822 11.588827 0.573878
-40.000072 2.476822 11.188535 0.469210
-36.037224 2.476822 11.453560 0.432022
-32.074376 2.476822 11.131091 0.466735
-28.111528 2.476822 11.227708 0.373707
-24.148680 2.476822 11.217400 0.536648
-20.185832 2.476822 11.162542 0.467578
-16.222984 2.476822 11.125058 0.797097
-12.260136 2.476822 11.093754 0.588209
-8.297289 2.476822 11.445707 0.751341
-4.334441 2.476822 10.838596 0.374037
-0.371593 2.476822 11.090713 0.189615
3.591255 2.476822 11.027201 0.407319
7.554103 2.476822 10.932107 0.402149
11.516951 2.476822 10.903861 0.483975
15.479799 2.476822 10.821385 0.032053
19.442647 2.476822 10.807999 0.398715
23.405495 2.476822 10.700275 0.483754
27.368343 2.476822 10.756046 0.421269
31.331191 2.476822 10.608783 0.332970
35.294039 2.476822 10.932044 0.312289
39.256887 2.476822 10.770705 0.089002
43.219735 2.476822 10.864516 0.431869
47.182583 2.476822 10.484843 0.211860
51.145431 2.476822 10.629966 0.450987
55.108279 2.476822 10.523320 0.307911
59.071127 2.476822 10.827613 0.265586
63.033975 2.476822 10.612140 0.482020
66.996822 2.476822 10.921160 0.454811
-131.145575 -1.486026 12.472903 1.911941
-127.182727 -1.486026 -12.258503 4.272231
-123.219879 -1.486026 -0.015580 -15.644258
-119.257031 -1.486026 12.080525 -0.110418
-115.294183 -1.486026 -15.036150 -17.424067
-111.331335 -1.486026 11.062320 -2.210467
-107.368487 -1.486026 10.804316 -0.628207
-103.405639 -1.486026 11.593103 0.007089
-99.442791 -1.486026 11.989058 -0.651772
-95.479943 -1.486026 11.477236 -0.332508
-91.517095 -1.486026 11.647049 -0.510351
-87.554247 -1.486026 11.497850 -0.819216
-83.591400 -1.486026 11.754695 -0.204613
-79.628552 -1.486026 11.701296 -0.159560
-75.665704 -1.486026 11.364921 0.151234
-71.702856 -1.486026 11.892918 -0.087827
-67.740008 -1.486026 11.340840 -0.141183
-63.777160 -1.486026 11.657206 0.376157
-59.814312 -1.486026 11.691251 0.062379
-55.851464 -1.486026 11.365664 0.370062
-51.888616 -1.486026 11.404702 -0.123826
-47.925768 -1.486026 11.367290 0.664085
-43.962920 -1.486026 11.421662 0.468704
-40.000072 -1.486026 11.121031 0.549931
-36.037224 -1.486026 11.315132 0.392692
-32.074376 -1.486026 11.232524 0.391911
-28.111528 -1.486026 10.768485 1.253602
-24.148680 -1.486026 11.227867 0.606027
-20.185832 -1.486026 11.065501 0.355580
-16.222984 -1.486026 11.147601 0.578197
-12.260136 -1.486026 11.168450 0.615150
-8.297289 -1.486026 11.082028 0.685392
-4.334441 -1.486026 10.747381 0.358064
-0.371593 -1.486026 10.681225 0.257356
3.591255 -1.486026 10.887568 0.255025
7.554103 -1.486026 11.120152 0.020242
11.516951 -1.486026 10.726933 0.261479
15.479799 -1.486026 10.759095 0.238488
19.442647 -1.486026 10.857235 0.777139
23.405495 -1.486026 10.836208 -0.033972
27.368343 -1.486026 10.364221 0.562943
31.331191 -1.486026 10.938262 -0.143360
35.294039 -1.486026 10.925233 0.320179
39.256887 -1.486026 10.921461 -0.040740
43.219735 -1.486026 10.963517 0.185567
47.182583 -1.486026 11.050288 0.006773
51.145431 -1.486026 11.028656 -0.041900
55.108279 -1.486026 10.462296 -0.036103
59.071127 -1.486026 11.088945 1.058829
63.033975 -1.486026 11.723941 -0.136017
66.996822 -1.486026 10.890171 -0.195981
-131.145575 -5.448874 6.584239 -4.687283
-127.182727 -5.448874 16.910580 -13.955763
-123.219879 -5.448874 16.440559 -1.613714
-119.257031 -5.448874 17.428030 13.125254
-115.294183 -5.448874 10.426795 -0.965894
-111.331335 -5.448874 10.047501 -8.604316
-107.368487 -5.448874 11.221803 -0.475448
-103.405639 -5.448874 11.057685 0.007645
-99.442791 -5.448874 11.592766 -0.065027
-95.479943 -5.448874 11.131701 -0.526477
-91.517095 -5.448874 11.079702 -0.392811
-87.554247 -5.448874 11.325101 -0.411646
-83.591400 -5.448874 11.720968 -0.261360
-79.628552 -5.448874 11.301821 -0.532876
-75.665704 -5.448874 11.682649 0.242683
-71.702856 -5.448874 11.754035 0.031679
-67.740008 -5.448874 11.262216 -0.151126
-63.777160 -5.448874 11.695070 0.162672
-59.814312 -5.448874 11.579000 0.324716
-55.851464 -5.448874 12.003639 0.173796
-51.888616 -5.448874 11.696727 0.073117
-47.925768 -5.448874 11.683106 0.508488
-43.962920 -5.448874 10.998745 0.385752
-40.000072 -5.448874 11.418758 0.322470
-36.037224 -5.448874 11.090093 0.684174
-32.074376 -5.448874 11.026557 0.465908
-28.111528 -5.448874 11.370264 0.846716
-24.148680 -5.448874 11.145254 0.439527
-20.185832 -5.448874 11.170786 0.202745
-16.222984 -5.448874 10.701659 0.267909
-12.260136 -5.448874 11.143408 0.452693
-8.297289 -5.448874 11.076003 0.545157
-4.334441 -5.448874 10.935284 0.406323
-0.371593 -5.448874 11.040856 0.563356
3.591255 -5.448874 10.891932 0.228071
7.554103 -5.448874 10.717282 0.651181
11.516951 -5.448874 10.950424 0.456228
15.479799 -5.448874 11.049408 -0.009989
19.442647 -5.448874 10.787048 0.345196
23.405495 -5.448874 10.641463 0.154635
27.368343 -5.448874 10.976368 0.239261
31.331191 -5.448874 11.203487 -0.068798
35.294039 -5.448874 10.958619 -0.029617
39.256887 -5.448874 11.358203 0.028301
43.219735 -5.448874 10.872126 -0.369003
47.182583 -5.448874 10.679658 0.806471
51.145431 -5.448874 10.585430 -0.028967
55.108279 -5.448874 11.165678 0.144651
59.071127 -5.448874 11.189031 -0.361472
63.033975 -5.448874 11.362819 0.075066
66.996822 -5.448874 10.895264 -0.316921
-131.145575 -9.411722 -15.894720 9.118389
-127.182727 -9.411722 -15.616560 -6.331725
-123.219879 -9.411722 14.691093 10.989946
-119.257031 -9.411722 0.383980 -4.553963
-115.294183 -9.411722 9.396664 0.004381
-111.331335 -9.411722 9.007419 0.915757
-107.368487 -9.411722 11.926847 0.283594
-103.405639 -9.411722 11.180304 0.304017
-99.442791 -9.411722 11.126878 -1.120287
-95.479943 -9.411722 11.240415 -0.686441
-91.517095 -9.411722 10.880851 -0.494037
-87.554247 -9.411722 11.618936 -0.134130
-83.591400 -9.411722 11.235194 -0.200661
-79.628552 -9.411722 11.422055 -0.301556
-75.665704 -9.411722 11.500405 0.198962
-71.702856 -9.411722 11.452885 0.196389
-67.740008 -9.411722 11.576944 -0.047760
-63.777160 -9.411722 11.300037 0.420781
-59.814312 -9.411722 11.189296 -0.097721
-55.851464 -9.411722 11.407808 0.221782
-51.888616 -9.411722 11.229152 0.266057
-47.925768 -9.411722 11.621489 0.197981
-43.962920 -9.411722 11.191330 0.393055
-40.000072 -9.411722 11.327272 0.076524
-36.037224 -9.411722 11.070090 0.354662
-32.074376 -9.411722 11.084031 0.563755
-28.111528 -9.411722 11.140831 0.299805
-24.148680 -9.411722 11.269196 0.245278
-20.185832 -9.411722 11.164702 0.715982
-16.222984 -9.411722 11.564674 0.432409
-12.260136 -9.411722 10.997197 0.308185
-8.297289 -9.411722 10.782330 0.513605
-4.334441 -9.411722 10.973437 0.042748
-0.371593 -9.411722 10.900022 0.306537
3.591255 -9.411722 10.687286 0.512728
7.554103 -9.411722 11.187200 0.091570
11.516951 -9.411722 10.987195 0.345643
15.479799 -9.411722 10.850732 0.238821
19.442647 -9.411722 11.045111 -0.002563
23.405495 -9.411722 10.845738 -0.194365
27.368343 -9.411722 10.794957 0.366428
31.331191 -9.411722 11.023833 0.551403
35.294039 -9.411722 11.133196 -0.175221
39.256887 -9.411722 10.862817 0.512153
43.219735 -9.411722 11.041375 0.705742
47.182583 -9.411722 10.455706 0.627279
51.145431 -9.411722 11.067635 0.342307
55.108279 -9.411722 11.070346 0.044282
59.071127 -9.411722 10.354399 -0.385352
63.033975 -9.411722 10.629814 -0.298188
66.996822 -9.411722 10.672690 0.780163
-131.145575 -13.374570 -1.742513 -15.790779
-127.182727 -13.374570 0.356215 -9.532396
-123.219879 -13.374570 7.795225 16.730583
-119.257031 -13.374570 10.412471 0.250411
-115.294183 -13.374570 11.486400 0.539914
-111.331335 -13.374570 11.319816 -0.867802
-107.368487 -13.374570 10.648192 -1.760309
-103.405639 -13.374570 11.578116 -0.047274
-99.442791 -13.374570 11.320890 -0.273057
-95.479943 -13.374570 11.278882 -0.468678
-91.517095 -13.374570 11.158772 -0.264932
-87.554247 -13.374570 10.998472 -0.205301
-83.591400 -13.374570 11.319811 0.065492
-79.628552 -13.374570 11.410510 -0.101363
-75.665704 -13.374570 11.680004 -0.422336
-71.702856 -13.374570 11.612740 0.087448
-67.740008 -13.374570 11.069008 0.165160
-63.777160 -13.374570 11.041754 0.444862
-59.814312 -13.374570 11.414924 0.216442
-55.851464 -13.374570 11.136577 0.315576
-51.888616 -13.374570 11.640129 -0.097433
-47.925768 -13.374570 11.665205 0.348409
-43.962920 -13.374570 11.401185 0.293195
-40.000072 -13.374570 11.129590 0.200234
-36.037224 -13.374570 11.751371 0.336491
-32.074376 -13.374570 11.220559 0.550547
-28.111528 -13.374570 11.246149 0.524067
-24.148680 -13.374570 10.996561 0.617387
-20.185832 -13.374570 10.996308 0.292697
-16.222984 -13.374570 11.074408 0.226087
-12.260136 -13.374570 10.846586 0.220538
-8.297289 -13.374570 10.993954 0.432412
-4.334441 -13.374570 10.988860 0.149176
-0.371593 -13.374570 11.101257 0.542375
3.591255 -13.374570 10.840496 0.371833
7.554103 -13.374570 11.043905 0.370926
11.516951 -13.374570 10.998704 0.244020
15.479799 -13.374570 10.833176 0.090086
19.442647 -13.374570 10.749237 0.434263
23.405495 -13.374570 10.530727 0.197262
27.368343 -13.374570 10.940225 0.039551
31.331191 -13.374570 10.334333 1.315628
35.294039 -13.374570 10.882615 0.690592
39.256887 -13.374570 11.208643 0.223162
43.219735 -13.374570 10.840520 0.360788
47.182583 -13.374570 10.975192 0.598807
51.145431 -13.374570 11.022741 0.178896
55.108279 -13.374570 10.789406 0.476774
59.071127 -13.374570 11.909158 0.450791
63.033975 -13.374570 10.856312 -0.284845
66.996822 -13.374570 10.933905 -0.060162
-131.145575 -17.337417 7.997716 -1.184832
-127.182727 -17.337417 -0.526599 5.403124
-123.219879 -17.337417 -1.159977 7.931665
-119.257031 -17.337417 15.509312 -0.808795
-115.294183 -17.337417 -15.168535 4.069100
-111.331335 -17.337417 11.254230 -0.936934
-107.368487 -17.337417 10.704741 0.217715
-103.405639 -17.337417 -10.315259 14.490758
-99.442791 -17.337417 13.211688 -0.542883
-95.479943 -17.337417 10.917889 -0.454324
-91.517095 -17.337417 11.670455 0.494517
-87.554247 -17.337417 11.050590 -0.815805
-83.591400 -17.337417 10.967120 0.514816
-79.628552 -17.337417 11.700554 -0.075473
-75.665704 -17.337417 11.792131 -0.337446
-71.702856 -17.337417 11.569948 -0.104190
-67.740008 -17.337417 11.322683 -0.330082
-63.777160 -17.337417 11.511497 0.271793
-59.814312 -17.337417 11.621110 0.095274
-55.851464 -17.337417 11.558029 0.027291
-51.888616 -17.337417 11.576195 0.404644
-47.925768 -17.337417 11.629958 0.356168
-43.962920 -17.337417 11.071026 0.433759
-40.000072 -17.337417 10.817936 -0.001610
-36.037224 -17.337417 11.006065 0.615654
-32.074376 -17.337417 11.081604 0.042333
-28.111528 -17.337417 10.985368 0.392952
-24.148680 -17.337417 11.150684 0.317646
-20.185832 -17.337417 10.759493 -0.413859
-16.222984 -17.337417 10.886414 0.249533
-12.260136 -17.337417 10.902302 0.344767
-8.297289 -17.337417 11.316036 0.598267
-4.334441 -17.337417 10.803036 0.059616
-0.371593 -17.337417 11.228732 0.375116
3.591255 -17.337417 10.635151 0.410730
7.554103 -17.337417 10.714874 0.470631
11.516951 -17.337417 11.129025 0.588189
15.479799 -17.337417 10.912461 0.328087
19.442647 -17.337417 10.726663 0.506552
23.405495 -17.337417 11.497910 -0.127526
27.368343 -17.337417 10.716624 -0.085978
31.331191 -17.337417 11.368830 0.589719
35.294039 -17.337417 10.907669 0.547991
39.256887 -17.337417 10.424127 -0.452537
43.219735 -17.337417 10.433202 0.638283
47.182583 -17.337417 10.772225 0.227328
51.145431 -17.337417 11.188573 0.312723
55.108279 -17.337417 10.600739 0.361191
59.071127 -17.337417 11.446881 -0.249067
63.033975 -17.337417 10.956532 0.115954
66.996822 -17.337417 11.125175 0.348410
-131.145575 -21.300265 2.091961 -16.333029
-127.182727 -21.300265 -11.430327 -11.521293
-123.219879 -21.300265 13.165799 -0.754815
-119.257031 -21.300265 -4.480217 14.741730
-115.294183 -21.300265 11.390286 -1.204509
-111.331335 -21.300265 11.504259 -0.744447
-107.368487 -21.300265 11.574778 -1.649472
-103.405639 -21.300265 11.074663 0.017555
-99.442791 -21.300265 10.808613 -0.097552
-95.479943 -21.300265 11.373019 0.826470
-91.517095 -21.300265 11.624192 0.462889
-87.554247 -21.300265 11.149479 0.303014
-83.591400 -21.300265 10.966145 -0.089790
-79.628552 -21.300265 11.344894 0.053073
-75.665704 -21.300265 11.703241 0.218053
-71.702856 -21.300265 11.448606 0.332255
-67.740008 -21.300265 11.598870 0.053017
-63.777160 -21.300265 11.722769 0.283151
-59.814312 -21.300265 11.098623 0.054749
-55.851464 -21.300265 11.729602 -0.093089
-51.888616 -21.300265 11.243001 0.413806
-47.925768 -21.300265 11.631988 0.109396
-43.962920 -21.300265 11.112448 -0.046320
-40.000072 -21.300265 11.266038 0.222428
-36.037224 -21.300265 11.025393 0.227124
-32.074376 -21.300265 11.617859 0.384866
-28.111528 -21.300265 11.413716 0.264690
-24.148680 -21.300265 10.888609 0.186547
-20.185832 -21.300265 11.091722 0.179246
-16.222984 -21.300265 10.907658 0.227788
-12.260136 -21.300265 11.130198 0.322411
-8.297289 -21.300265 10.906734 -0.219981
-4.334441 -21.300265 11.017649 0.303035
-0.371593 -21.300265 10.901617 0.198836
3.591255 -21.300265 10.943507 0.209813
7.554103 -21.300265 10.953495 0.266388
11.516951 -21.300265 9.936251 0.564536
15.479799 -21.300265 10.667173 0.368574
19.442647 -21.300265 11.161366 0.508586
23.405495 -21.300265 11.166411 0.417003
27.368343 -21.300265 10.892584 0.351742
31.331191 -21.300265 11.143610 0.431244
35.294039 -21.300265 10.708694 0.655854
39.256887 -21.300265 10.761994 0.477306
43.219735 -21.300265 10.916869 -0.095729
47.182583 -21.300265 10.641991 0.608707
51.145431 -21.300265 10.917636 0.207396
55.108279 -21.300265 10.762257 0.359873
59.071127 -21.300265 10.944307 -0.126721
63.033975 -21.300265 10.562600 -0.269916
66.996822 -21.300265 10.951393 -0.279254
-131.145575 -25.263113 -6.632741 -16.639425
-127.182727 -25.263113 14.932616 -3.960053
-123.219879 -25.263113 13.204614 0.572982
-119.257031 -25.263113 -2.219290 15.578300
-115.294183 -25.263113 9.583119 0.267811
-111.331335 -25.263113 12.010147 -0.542995
-107.368487 -25.263113 10.706228 -0.656030
-103.405639 -25.263113 11.208269 0.381490
-99.442791 -25.263113 10.184098 -0.226236
-95.479943 -25.263113 11.492512 -0.414678
-91.517095 -25.263113 11.982523 0.306202
-87.554247 -25.263113 10.384905 -0.360555
-83.591400 -25.263113 11.978336 0.064649
-79.628552 -25.263113 10.135310 0.613881
-75.665704 -25.263113 11.141156 -0.300887
-71.702856 -25.263113 11.659377 -0.013764
-67.740008 -25.263113 11.283013 -0.016032
-63.777160 -25.263113 11.001225 0.337500
-59.814312 -25.263113 11.431277 0.029031
-55.851464 -25.263113 12.567722 -6.029980
-51.888616 -25.263113 10.903198 0.293628
-47.925768 -25.263113 11.085219 0.177484
-43.962920 -25.263113 11.208419 -0.198296
-40.000072 -25.263113 10.752507 0.353132
-36.037224 -25.263113 11.115746 0.941917
-32.074376 -25.263113 11.239417 0.420134
-28.111528 -25.263113 11.314467 0.239180
-24.148680 -25.263113 11.488072 0.361282
-20.185832 -25.263113 11.449773 0.125582
-16.222984 -25.263113 11.021155 0.075706
-12.260136 -25.263113 11.086719 0.113942
-8.297289 -25.263113 11.181667 0.420511
-4.334441 -25.263113 10.997190 0.052180
-0.371593 -25.263113 11.458176 0.304080
3.591255 -25.263113 11.075902 0.352934
7.554103 -25.263113 10.946795 0.031222
11.516951 -25.263113 11.155637 0.541885
15.479799 -25.263113 10.815981 -0.162320
19.442647 -25.263113 11.118512 0.299858
23.405495 -25.263113 10.495229 1.076701
27.368343 -25.263113 10.385154 0.302530
31.331191 -25.263113 10.942205 0.538536
35.294039 -25.263113 10.975918 0.330315
39.256887 -25.263113 10.835162 0.503837
43.219735 -25.263113 11.161649 -0.522559
47.182583 -25.263113 11.618645 -0.557895
51.145431 -25.263113 10.549813 -0.449399
55.108279 -25.263113 9.809323 -0.680269
59.071127 -25.263113 11.361739 -0.049598
63.033975 -25.263113 11.620548 0.379607
66.996822 -25.263113 10.557254 1.325690
-131.145575 -29.225961 -4.530420 12.531492
-127.182727 -29.225961 -6.939988 -8.977361
-123.219879 -29.225961 -5.766865 12.076362
-119.257031 -29.225961 -7.936353 -7.499906
-115.294183 -29.225961 9.555279 -0.588523
-111.331335 -29.225961 11.402388 -0.895015
-107.368487 -29.225961 -4.980615 -15.579401
-103.405639 -29.225961 12.728728 -0.966268
-99.442791 -29.225961 10.909607 -0.071989
-95.479943 -29.225961 11.033202 0.612483
-91.517095 -29.225961 11.321755 0.151155
-87.554247 -29.225961 10.794667 0.523666
-83.591400 -29.225961 10.499608 0.113440
-79.628552 -29.225961 11.106153 -0.149257
-75.665704 -29.225961 10.770939 0.178430
-71.702856 -29.225961 10.460110 0.695558
-67.740008 -29.225961 11.251210 0.387696
-63.777160 -29.225961 11.603754 -0.029201
-59.814312 -29.225961 11.122106 0.348863
-55.851464 -29.225961 11.481509 -0.058298
-51.888616 -29.225961 11.099859 0.375789
-47.925768 -29.225961 11.389949 0.037673
-43.962920 -29.225961 10.799370 0.488857
-40.000072 -29.225961 10.924755 0.407474
-36.037224 -29.225961 11.168351 0.078703
-32.074376 -29.225961 11.375020 0.161278
-28.111528 -29.225961 11.072031 0.441203
-24.148680 -29.225961 10.796649 0.250369
-20.185832 -29.225961 10.987499 -0.189791
-16.222984 -29.225961 11.798918 0.089084
-12.260136 -29.225961 11.194615 0.165941
-8.297289 -29.225961 11.146076 0.006206
-4.334441 -29.225961 10.549358 0.283049
-0.371593 -29.225961 10.567170 0.125484
3.591255 -29.225961 10.728165 0.453094
7.554103 -29.225961 10.563479 0.866564
11.516951 -29.225961 10.944134 0.191706
15.479799 -29.225961 10.718843 0.483874
19.442647 -29.225961 11.257696 0.518776
23.405495 -29.225961 11.411255 0.353152
27.368343 -29.225961 10.977877 0.121706
31.331191 -29.225961 10.956154 0.596920
35.294039 -29.225961 10.845076 0.138360
39.256887 -29.225961 10.685014 -0.019051
43.219735 -29.225961 10.634100 -0.371769
47.182583 -29.225961 11.658852 -0.960710
51.145431 -29.225961 10.645459 -0.839417
55.108279 -29.225961 9.832517 -0.201456
59.071127 -29.225961 10.875365 -0.458535
63.033975 -29.225961 10.706190 1.285585
66.996822 -29.225961 10.604001 0.441438
-131.145575 -33.188809 -1.028233 -16.129152
-127.182727 -33.188809 2.625783 -6.620286
-123.219879 -33.188809 9.863105 7.095884
-119.257031 -33.188809 7.765251 -13.027239
-115.294183 -33.188809 17.972786 -12.888298
-111.331335 -33.188809 12.259587 0.261298
-107.368487 -33.188809 11.222246 -0.443548
-103.405639 -33.188809 12.311882 0.387524
-99.442791 -33.188809 9.730867 -0.032074
-95.479943 -33.188809 0.412707 -17.018389
-91.517095 -33.188809 10.626780 -0.045739
-87.554247 -33.188809 11.607777 0.222729
-83.591400 -33.188809 11.158322 -0.001062
-79.628552 -33.188809 11.983514 0.191986
-75.665704 -33.188809 12.131169 -0.456325
-71.702856 -33.188809 10.742358 -0.314054
-67.740008 -33.188809 10.958253 0.055860
-63.777160 -33.188809 10.012267 -0.041857
-59.814312 -33.188809 11.640469 0.260357
-55.851464 -33.188809 11.454581 0.614857
-51.888616 -33.188809 9.984221 0.283770
-47.925768 -33.188809 10.936002 -0.057579
-43.962920 -33.188809 11.606263 0.156317
-40.000072 -33.188809 10.614240 0.309305
-36.037224 -33.188809 11.206153 0.065434
-32.074376 -33.188809 11.180812 -0.374067
-28.111528 -33.188809 10.663179 0.182183
-24.148680 -33.188809 10.469078 0.241778
-20.185832 -33.188809 10.782105 0.366423
-16.222984 -33.188809 11.193948 0.102341
-12.260136 -33.188809 10.058006 0.463678
-8.297289 -33.188809 11.180984 0.217985
-4.334441 -33.188809 11.265932 -0.257770
-0.371593 -33.188809 10.932377 0.233602
3.591255 -33.188809 10.952837 0.480162
7.554103 -33.188809 10.580376 0.532244
11.516951 -33.188809 11.071127 0.749236
15.479799 -33.188809 10.754154 0.284683
19.442647 -33.188809 10.582716 0.601716
23.405495 -33.188809 10.697569 0.364605
27.368343 -33.188809 10.219907 1.323942
31.331191 -33.188809 10.204785 0.582181
35.294039 -33.188809 11.365897 0.443364
39.256887 -33.188809 10.597717 1.144046
43.219735 -33.188809 10.851874 0.790877
47.182583 -33.188809 10.959441 0.191935
51.145431 -33.188809 10.648366 0.586316
55.108279 -33.188809 10.415728 0.906695
59.071127 -33.188809 10.381518 0.927464
63.033975 -33.188809 11.262263 -0.526812
66.996822 -33.188809 -5.993702 9.843618
-131.145575 -37.151657 -4.926921 14.604442
-127.182727 -37.151657 4.715068 -10.826756
-123.219879 -37.151657 8.239734 8.359697
-119.257031 -37.151657 5.264292 -14.686214
-115.294183 -37.151657 -2.875353 -7.432243
-111.331335 -37.151657 9.944925 -0.044945
-107.368487 -37.151657 10.706831 0.087758
-103.405639 -37.151657 11.405599 -0.370231
-99.442791 -37.151657 10.389670 0.657565
-95.479943 -37.151657 9.933764 0.209754
-91.517095 -37.151657 10.303564 -0.239449
-87.554247 -37.151657 11.677269 -1.286439
-83.591400 -37.151657 10.875135 -0.278672
-79.628552 -37.151657 10.239177 -0.821438
-75.665704 -37.151657 11.457621 -0.174685
-71.702856 -37.151657 11.019757 0.195812
-67.740008 -37.151657 11.423540 0.183605
-63.777160 -37.151657 11.304134 0.153994
-59.814312 -37.151657 11.544014 -0.118531
-55.851464 -37.151657 11.397363 0.045323
-51.888616 -37.151657 11.912617 0.011011
-47.925768 -37.151657 10.801723 0.209500
-43.962920 -37.151657 11.191357 0.603366
-40.000072 -37.151657 10.910118 0.243748
-36.037224 -37.151657 11.449074 0.169075
-32.074376 -37.151657 11.767918 0.169059
-28.111528 -37.151657 11.015031 0.214949
-24.148680 -37.151657 11.654340 0.150040
-20.185832 -37.151657 10.939564 0.110514
-16.222984 -37.151657 10.852024 0.544617
-12.260136 -37.151657 10.830911 0.370854
-8.297289 -37.151657 11.029003 0.126975
-4.334441 -37.151657 11.342262 -0.297532
-0.371593 -37.151657 11.061472 -0.176648
3.591255 -37.151657 10.708191 0.293726
7.554103 -37.151657 10.761865 0.080373
11.516951 -37.151657 11.160489 -0.188935
15.479799 -37.151657 10.517574 0.664466
19.442647 -37.151657 10.452650 0.315587
23.405495 -37.151657 10.920571 0.284207
27.368343 -37.151657 10.484438 0.656818
31.331191 -37.151657 10.590816 0.065269
35.294039 -37.151657 10.383305 0.600027
39.256887 -37.151657 10.012641 -0.514498
43.219735 -37.151657 11.139549 0.364317
47.182583 -37.151657 10.376604 -0.077555
51.145431 -37.151657 10.926305 0.287270
55.108279 -37.151657 10.656040 0.259456
59.071127 -37.151657 11.425461 -0.223041
63.033975 -37.151657 11.005424 0.201782
66.996822 -37.151657 11.213818 0.826454
-131.145575 -41.114505 -15.471994 -1.601055
-127.182727 -41.114505 -13.643824 -16.381361
-123.219879 -41.114505 4.677259 -7.267064
-119.257031 -41.114505 -13.561585 -3.592031
-115.294183 -41.114505 16.577526 11.830782
-111.331335 -41.114505 5.602273 -1.200694
-107.368487 -41.114505 10.587430 0.723799
-103.405639 -41.114505 12.379070 0.486919
-99.442791 -41.114505 12.796071 0.214852
-95.479943 -41.114505 10.670101 -0.055525
-91.517095 -41.114505 11.184116 -1.213792
-87.554247 -41.114505 11.163699 0.150693
-83.591400 -41.114505 11.849058 0.052213
-79.628552 -41.114505 11.223546 -0.118174
-75.665704 -41.114505 11.583708 -0.086612
-71.702856 -41.114505 10.359139 0.211456
-67.740008 -41.114505 10.728916 -0.185610
-63.777160 -41.114505 11.621180 -0.372360
-59.814312 -41.114505 11.636217 0.325685
-55.851464 -41.114505 10.682124 0.422962
-51.888616 -41.114505 11.212362 1.437579
-47.925768 -41.114505 10.727366 0.534251
-43.962920 -41.114505 11.524129 0.282140
-40.000072 -41.114505 12.206548 0.731836
-36.037224 -41.114505 11.600126 0.208511
-32.074376 -41.114505 11.095079 0.308254
-28.111528 -41.114505 10.972855 0.509921
-24.148680 -41.114505 10.935696 0.163491
-20.185832 -41.114505 10.421695 -0.239577
-16.222984 -41.114505 11.378898 0.143477
-12.260136 -41.114505 11.210330 0.127447
-8.297289 -41.114505 11.515985 -0.061614
-4.334441 -41.114505 10.850776 0.002426
-0.371593 -41.114505 11.246901 0.427446
3.591255 -41.114505 10.515283 0.302348
7.554103 -41.114505 10.966168 0.185967
11.516951 -41.114505 10.938416 0.051574
15.479799 -41.114505 11.012015 -0.145745
19.442647 -41.114505 10.556869 0.397062
23.405495 -41.114505 11.499735 -0.017444
27.368343 -41.114505 10.487625 0.670222
31.331191 -41.114505 10.020036 1.624522
35.294039 -41.114505 11.136314 -0.027051
39.256887 -41.114505 10.106070 -0.461507
43.219735 -41.114505 10.061434 -0.956592
47.182583 -41.114505 9.926504 0.892530
51.145431 -41.114505 11.736609 2.460159
55.108279 -41.114505 10.503799 0.026027
59.071127 -41.114505 10.753407 0.629857
63.033975 -41.114505 10.889423 -0.336705
66.996822 -41.114505 10.848161 -0.476641
-131.145575 -45.077353 -3.858150 -8.047278
-127.182727 -45.077353 13.192210 5.231156
-123.219879 -45.077353 7.235661 -9.623635
-119.257031 -45.077353 10.207222 1.125311
-115.294183 -45.077353 -15.350178 -0.851656
-111.331335 -45.077353 -9.044411 4.884137
-107.368487 -45.077353 -14.613947 10.095942
-103.405639 -45.077353 10.504053 0.523040
-99.442791 -45.077353 9.850661 -0.351623
-95.479943 -45.077353 12.646270 -0.578091
-91.517095 -45.077353 11.457445 -0.131847
-87.554247 -45.077353 11.604291 0.584595
-83.591400 -45.077353 11.011439 0.416576
-79.628552 -45.077353 11.375297 0.038535
-75.665704 -45.077353 10.760943 0.415607
-71.702856 -45.077353 11.442805 0.105370
-67.740008 -45.077353 10.696624 0.511842
-63.777160 -45.077353 10.534711 -0.170447
-59.814312 -45.077353 11.439725 0.150519
-55.851464 -45.077353 10.311538 -0.541186
-51.888616 -45.077353 11.445685 0.083161
-47.925768 -45.077353 10.144874 -0.109257
-43.962920 -45.077353 10.606730 -0.154598
-40.000072 -45.077353 11.500814 -0.144890
-36.037224 -45.077353 11.140351 0.147927
-32.074376 -45.077353 11.721309 -0.386017
-28.111528 -45.077353 11.132046 0.157339
-24.148680 -45.077353 10.647435 0.265379
-20.185832 -45.077353 10.778244 -0.190156
-16.222984 -45.077353 11.214336 0.184742
-12.260136 -45.077353 10.476945 -0.204895
-8.297289 -45.077353 11.020674 -0.035180
-4.334441 -45.077353 10.552947 0.550373
-0.371593 -45.077353 12.138121 0.510648
3.591255 -45.077353 10.789374 -0.448706
7.554103 -45.077353 10.347652 0.575728
11.516951 -45.077353 10.796969 0.184798
15.479799 -45.077353 11.436028 -0.588755
19.442647 -45.077353 10.780657 -0.112799
23.405495 -45.077353 10.345652 0.902505
27.368343 -45.077353 10.766574 -0.147399
31.331191 -45.077353 11.402487 0.326173
35.294039 -45.077353 11.291423 -0.489268
39.256887 -45.077353 10.545634 -0.945153
43.219735 -45.077353 10.722274 0.603128
47.182583 -45.077353 10.720445 0.542155
51.145431 -45.077353 10.261985 1.234866
55.108279 -45.077353 9.319901 0.157937
59.071127 -45.077353 9.755401 -0.237677
63.033975 -45.077353 12.085840 -0.770545
66.996822 -45.077353 9.487577 0.037625
-131.145575 -49.040201 -16.563206 14.075274
-127.182727 -49.040201 -2.405467 11.504957
-123.219879 -49.040201 16.468246 5.892959
-119.257031 -49.040201 -3.718804 -4.427440
-115.294183 -49.040201 3.622644 -13.308789
-111.331335 -49.040201 6.111332 -0.540472
-107.368487 -49.040201 0.321049 9.720389
-103.405639 -49.040201 9.345860 0.583752
-99.442791 -49.040201 17.733664 8.560431
-95.479943 -49.040201 11.890784 -0.567801
-91.517095 -49.040201 5.077655 -5.063832
-87.554247 -49.040201 11.131923 0.964576
-83.591400 -49.040201 10.402393 -0.488517
-79.628552 -49.040201 10.938320 0.411154
-75.665704 -49.040201 10.824292 0.128020
-71.702856 -49.040201 11.730607 1.555387
-67.740008 -49.040201 10.901814 -0.157163
-63.777160 -49.040201 10.882808 0.268756
-59.814312 -49.040201 11.510294 -0.580101
-55.851464 -49.040201 10.820450 0.048824
-51.888616 -49.040201 10.819503 0.600547
-47.925768 -49.040201 11.479769 0.348342
-43.962920 -49.040201 10.858500 0.166586
-40.000072 -49.040201 10.737979 0.142933
-36.037224 -49.040201 11.652585 0.064388
-32.074376 -49.040201 10.919913 0.680230
-28.111528 -49.040201 10.454790 0.481731
-24.148680 -49.040201 10.603528 -0.108630
-20.185832 -49.040201 10.798365 0.042979
-16.222984 -49.040201 10.678294 -0.013740
-12.260136 -49.040201 10.646079 0.814312
-8.297289 -49.040201 11.135658 0.346882
-4.334441 -49.040201 11.157459 -0.169329
-0.371593 -49.040201 10.978142 0.502684
3.591255 -49.040201 11.503628 -0.459659
7.554103 -49.040201 10.825808 0.112293
11.516951 -49.040201 11.238923 0.289587
15.479799 -49.040201 11.573400 -0.183853
19.442647 -49.040201 10.651882 -0.245045
23.405495 -49.040201 10.793056 0.232482
27.368343 -49.040201 11.717356 -0.008801
31.331191 -49.040201 10.988776 -0.504830
35.294039 -49.040201 10.848898 0.420600
39.256887 -49.040201 11.054728 0.983629
43.219735 -49.040201 10.545331 -0.225247
47.182583 -49.040201 10.580382 0.141810
51.145431 -49.040201 10.551655 0.146978
55.108279 -49.040201 10.599361 -0.089780
59.071127 -49.040201 10.956050 0.016945
63.033975 -49.040201 10.119572 0.503423
66.996822 -49.040201 10.448765 -0.440896
-131.145575 -53.003049 0.000000 0.000000
-127.182727 -53.003049 0.000000 0.000000
-123.219879 -53.003049 0.000000 0.000000
-119.257031 -53.003049 0.000000 0.000000
-115.294183 -53.003049 0.000000 0.000000
-111.331335 -53.003049 0.000000 0.000000
-107.368487 -53.003049 0.000000 0.000000
-103.405639 -53.003049 0.000000 0.000000
-99.442791 -53.003049 0.000000 0.000000
-95.479943 -53.003049 0.000000 0.000000
-91.517095 -53.003049 0.000000 0.000000
-87.554247 -53.003049 0.000000 0.000000
-83.591400 -53.003049 0.000000 0.000000
-79.628552 -53.003049 0.000000 0.000000
-75.665704 -53.003049 0.000000 0.000000
-71.702856 -53.003049 0.000000 0.000000
-67.740008 -53.003049 0.000000 0.000000
-63.777160 -53.003049 0.000000 0.000000
-59.814312 -53.003049 0.000000 0.000000
-55.851464 -53.003049 0.000000 0.000000
-51.888616 -53.003049 0.000000 0.000000
-47.925768 -53.003049 0.000000 0.000000
-43.962920 -53.003049 0.000000 0.000000
-40.000072 -53.003049 0.000000 0.000000
-36.037224 -53.003049 0.000000 0.000000
-32.074376 -53.003049 0.000000 0.000000
-28.111528 -53.003049 0.000000 0.000000
-24.148680 -53.003049 0.000000 0.000000
-20.185832 -53.003049 0.000000 0.000000
-16.222984 -53.003049 0.000000 0.000000
-12.260136 -53.003049 0.000000 0.000000
-8.297289 -53.003049 0.000000 0.000000
-4.334441 -53.003049 0.000000 0.000000
-0.371593 -53.003049 0.000000 0.000000
3.591255 -53.003049 0.000000 0.000000
7.554103 -53.003049 0.000000 0.000000
11.516951 -53.003049 0.000000 0.000000
15.479799 -53.003049 0.000000 0.000000
19.442647 -53.003049 0.000000 0.000000
23.405495 -53.003049 0.000000 0.000000
27.368343 -53.003049 0.000000 0.000000
31.331191 -53.003049 0.000000 0.000000
35.294039 -53.003049 0.000000 0.000000
39.256887 -53.003049 0.000000 0.000000
43.219735 -53.003049 0.000000 0.000000
47.182583 -53.003049 0.000000 0.000000
51.145431 -53.003049 0.000000 0.000000
55.108279 -53.003049 0.000000 0.000000
59.071127 -53.003049 0.000000 0.000000
63.033975 -53.003049 0.000000 0.000000
66.996822 -53.003049 0.000000 0.000000
