TITLE = "B00001"
VARIABLES = "position", "position(2)", "Vx", "Vy"
ZONE T="Frame 0", I=51, J=39
-131.145575 97.585173 10.740659 0.414320
-127.182727 97.585173 11.516561 0.407866
-123.219879 97.585173 11.410537 0.494897
-119.257031 97.585173 11.178571 0.627792
-115.294183 97.585173 11.134094 0.604046
-111.331335 97.585173 0.000000 0.000000
-107.368487 97.585173 0.000000 0.000000
-103.405639 97.585173 0.000000 0.000000
-99.442791 97.585173 0.000000 0.000000
-95.479943 97.585173 0.000000 0.000000
-91.517095 97.585173 0.000000 0.000000
-87.554247 97.585173 11.390312 0.401951
-83.591400 97.585173 11.479169 0.345101
-79.628552 97.585173 11.322279 0.217211
-75.665704 97.585173 11.353349 0.322465
-71.702856 97.585173 11.300986 0.380361
-67.740008 97.585173 11.354590 0.316234
-63.777160 97.585173 11.574438 0.176250
-59.814312 97.585173 11.466230 -0.071577
-55.851464 97.585173 11.391260 0.182971
-51.888616 97.585173 11.166112 0.130812
-47.925768 97.585173 11.471092 -0.007738
-43.962920 97.585173 11.306501 0.068005
-40.000072 97.585173 11.559121 0.090373
-36.037224 97.585173 11.430925 -0.233455
-32.074376 97.585173 11.346179 -0.278321
-28.111528 97.585173 11.606601 0.138674
-24.148680 97.585173 11.152654 -0.185125
-20.185832 97.585173 11.289022 0.133083
-16.222984 97.585173 11.523264 -0.270722
-12.260136 97.585173 0.000000 0.000000
-8.297289 97.585173 0.000000 0.000000
-4.334441 97.585173 0.000000 0.000000
-0.371593 97.585173 11.072284 0.054553
3.591255 97.585173 11.182374 -0.030351
7.554103 97.585173 11.045535 -0.122194
11.516951 97.585173 11.070968 -0.107439
15.479799 97.585173 10.947809 0.027800
19.442647 97.585173 11.024342 0.095321
23.405495 97.585173 10.979330 0.011673
27.368343 97.585173 10.961456 0.174601
31.331191 97.585173 10.963661 0.263365
35.294039 97.585173 10.973991 0.124207
39.256887 97.585173 11.038817 -0.044786
43.219735 97.585173 10.966561 -0.088544
47.182583 97.585173 11.036545 -0.285466
51.145431 97.585173 11.082857 0.210847
55.108279 97.585173 11.012132 0.063521
59.071127 97.585173 10.918509 -0.030232
63.033975 97.585173 11.040054 0.188370
66.996822 97.585173 10.951813 0.051813
-131.145575 93.622325 16.678169 4.764358
-127.182727 93.622325 11.157033 0.510344
-123.219879 93.622325 11.475513 0.519039
-119.257031 93.622325 11.394121 0.142058
-115.294183 93.622325 11.258335 0.465850
-111.331335 93.622325 0.000000 0.000000
-107.368487 93.622325 0.000000 0.000000
-103.405639 93.622325 0.000000 0.000000
-99.442791 93.622325 0.000000 0.000000
-95.479943 93.622325 0.000000 0.000000
-91.517095 93.622325 0.000000 0.000000
-87.554247 93.622325 11.429472 0.345322
-83.591400 93.622325 11.406140 0.347913
-79.628552 93.622325 11.528227 0.328860
-75.665704 93.622325 11.532013 0.212270
-71.702856 93.622325 11.555614 0.354035
-67.740008 93.622325 11.324718 0.181798
-63.777160 93.622325 11.543180 0.417636
-59.814312 93.622325 11.250299 -0.062160
-55.851464 93.622325 11.508966 0.174759
-51.888616 93.622325 11.313074 0.145199
-47.925768 93.622325 11.194177 0.104424
-43.962920 93.622325 11.471454 0.109157
-40.000072 93.622325 11.234011 0.124045
-36.037224 93.622325 11.735572 0.071126
-32.074376 93.622325 11.146678 0.015580
-28.111528 93.622325 11.561040 -0.079134
-24.148680 93.622325 11.281946 0.006016
-20.185832 93.622325 11.272946 0.070909
-16.222984 93.622325 11.299032 -0.162491
-12.260136 93.622325 0.000000 0.000000
-8.297289 93.622325 0.000000 0.000000
-4.334441 93.622325 0.000000 0.000000
-0.371593 93.622325 11.012088 -0.123954
3.591255 93.622325 11.036106 -0.140881
7.554103 93.622325 11.007525 -0.132893
11.516951 93.622325 11.070527 0.001383
15.479799 93.622325 11.105941 0.192495
19.442647 93.622325 10.912823 0.226148
23.405495 93.622325 11.108062 -0.057940
27.368343 93.622325 11.081946 -0.144566
31.331191 93.622325 11.105864 0.127115
35.294039 93.622325 10.910109 0.099143
39.256887 93.622325 10.809081 -0.062322
43.219735 93.622325 10.920793 0.112652
47.182583 93.622325 11.011519 0.101529
51.145431 93.622325 11.076396 0.150191
55.108279 93.622325 11.009680 0.109033
59.071127 93.622325 10.937002 0.179828
63.033975 93.622325 10.993896 0.089838
66.996822 93.622325 10.969564 -0.107368
-131.145575 89.659477 7.519486 -17.687763
-127.182727 89.659477 10.965667 0.661279
-123.219879 89.659477 11.499285 0.834495
-119.257031 89.659477 11.432145 0.671568
-115.294183 89.659477 11.141549 0.637258
-111.331335 89.659477 0.000000 0.000000
-107.368487 89.659477 0.000000 0.000000
-103.405639 89.659477 0.000000 0.000000
-99.442791 89.659477 0.000000 0.000000
-95.479943 89.659477 0.000000 0.000000
-91.517095 89.659477 0.000000 0.000000
-87.554247 89.659477 11.428199 0.401316
-83.591400 89.659477 11.561543 0.473578
-79.628552 89.659477 11.592318 0.184536
-75.665704 89.659477 11.298564 0.278089
-71.702856 89.659477 11.520111 0.255024
-67.740008 89.659477 11.480268 0.211029
-63.777160 89.659477 11.392306 0.276041
-59.814312 89.659477 11.331594 0.241604
-55.851464 89.659477 11.620296 -0.090127
-51.888616 89.659477 11.184112 0.132827
-47.925768 89.659477 11.570504 0.123045
-43.962920 89.659477 11.333029 0.017357
-40.000072 89.659477 11.534061 -0.060930
-36.037224 89.659477 11.289499 -0.078246
-32.074376 89.659477 11.335668 -0.151108
-28.111528 89.659477 11.219012 0.039889
-24.148680 89.659477 11.265889 -0.172133
-20.185832 89.659477 11.159277 -0.046550
-16.222984 89.659477 11.139335 -0.153897
-12.260136 89.659477 0.000000 0.000000
-8.297289 89.659477 0.000000 0.000000
-4.334441 89.659477 0.000000 0.000000
-0.371593 89.659477 11.025099 -0.138384
3.591255 89.659477 11.112248 -0.111041
7.554103 89.659477 11.155970 -0.128625
11.516951 89.659477 10.941897 -0.117497
15.479799 89.659477 11.035660 0.218575
19.442647 89.659477 10.996118 0.016474
23.405495 89.659477 11.008728 -0.051439
27.368343 89.659477 10.914227 -0.014884
31.331191 89.659477 11.012847 0.078199
35.294039 89.659477 10.919807 0.107633
39.256887 89.659477 10.955980 0.044632
43.219735 89.659477 11.030213 -0.173513
47.182583 89.659477 10.983247 0.181879
51.145431 89.659477 11.095757 0.100311
55.108279 89.659477 10.976542 -0.165058
59.071127 89.659477 10.946797 -0.128375
63.033975 89.659477 10.726723 -0.206449
66.996822 89.659477 11.004852 -0.242100
-131.145575 85.696629 11.192933 0.227071
-127.182727 85.696629 11.278916 0.562363
-123.219879 85.696629 11.029148 0.464992
-119.257031 85.696629 11.156093 0.380749
-115.294183 85.696629 11.235478 0.556133
-111.331335 85.696629 0.000000 0.000000
-107.368487 85.696629 0.000000 0.000000
-103.405639 85.696629 0.000000 0.000000
-99.442791 85.696629 0.000000 0.000000
-95.479943 85.696629 0.000000 0.000000
-91.517095 85.696629 0.000000 0.000000
-87.554247 85.696629 11.578153 0.405117
-83.591400 85.696629 11.397671 0.385566
-79.628552 85.696629 11.395837 0.363256
-75.665704 85.696629 11.654480 0.336401
-71.702856 85.696629 11.668667 0.325626
-67.740008 85.696629 11.583508 0.223517
-63.777160 85.696629 11.601995 0.207988
-59.814312 85.696629 11.659636 0.128450
-55.851464 85.696629 11.545629 0.141173
-51.888616 85.696629 11.278779 0.089621
-47.925768 85.696629 11.464269 -0.116486
-43.962920 85.696629 11.607625 -0.179060
-40.000072 85.696629 11.515614 -0.102703
-36.037224 85.696629 11.161340 -0.105589
-32.074376 85.696629 11.348396 -0.179353
-28.111528 85.696629 11.324183 -0.159818
-24.148680 85.696629 11.325339 -0.209057
-20.185832 85.696629 11.268323 -0.174905
-16.222984 85.696629 11.308331 -0.132045
-12.260136 85.696629 0.000000 0.000000
-8.297289 85.696629 0.000000 0.000000
-4.334441 85.696629 0.000000 0.000000
-0.371593 85.696629 11.076406 -0.163371
3.591255 85.696629 11.146869 -0.074355
7.554103 85.696629 11.041088 -0.155917
11.516951 85.696629 11.120667 0.002956
15.479799 85.696629 11.083301 0.054818
19.442647 85.696629 10.990271 -0.161069
23.405495 85.696629 11.189209 -0.210042
27.368343 85.696629 11.056138 -0.042690
31.331191 85.696629 10.987094 -0.143386
35.294039 85.696629 10.835918 -0.176279
39.256887 85.696629 10.868558 0.088274
43.219735 85.696629 10.912369 0.026715
47.182583 85.696629 10.966388 -0.037350
51.145431 85.696629 10.922839 -0.082629
55.108279 85.696629 10.890487 0.071759
59.071127 85.696629 10.833882 0.005810
63.033975 85.696629 10.997031 0.294912
66.996822 85.696629 10.837678 0.244819
-131.145575 81.733781 11.531345 0.615860
-127.182727 81.733781 11.402373 0.484403
-123.219879 81.733781 10.869088 0.667376
-119.257031 81.733781 11.079437 0.567963
-115.294183 81.733781 11.023192 0.522715
-111.331335 81.733781 0.000000 0.000000
-107.368487 81.733781 0.000000 0.000000
-103.405639 81.733781 0.000000 0.000000
-99.442791 81.733781 0.000000 0.000000
-95.479943 81.733781 0.000000 0.000000
-91.517095 81.733781 0.000000 0.000000
-87.554247 81.733781 11.599353 0.446085
-83.591400 81.733781 11.471945 0.396275
-79.628552 81.733781 11.489248 0.180892
-75.665704 81.733781 11.682330 0.205573
-71.702856 81.733781 11.546660 0.151986
-67.740008 81.733781 11.723905 0.051544
-63.777160 81.733781 11.669936 0.235182
-59.814312 81.733781 11.496672 0.187797
-55.851464 81.733781 11.463552 -0.070802
-51.888616 81.733781 11.523854 0.108393
-47.925768 81.733781 11.523235 -0.046759
-43.962920 81.733781 11.523373 -0.138049
-40.000072 81.733781 11.451114 -0.077299
-36.037224 81.733781 11.382199 -0.170256
-32.074376 81.733781 11.283715 -0.218730
-28.111528 81.733781 11.343858 0.056584
-24.148680 81.733781 11.307595 -0.149737
-20.185832 81.733781 11.228648 -0.085674
-16.222984 81.733781 11.152678 -0.144895
-12.260136 81.733781 0.000000 0.000000
-8.297289 81.733781 0.000000 0.000000
-4.334441 81.733781 0.000000 0.000000
-0.371593 81.733781 11.045568 -0.260719
3.591255 81.733781 11.043884 -0.113679
7.554103 81.733781 10.958938 0.079366
11.516951 81.733781 10.992823 -0.157063
15.479799 81.733781 11.085328 -0.146214
19.442647 81.733781 11.044026 -0.059751
23.405495 81.733781 10.986363 -0.139042
27.368343 81.733781 11.029044 -0.052428
31.331191 81.733781 10.999704 -0.166326
35.294039 81.733781 10.853296 0.019394
39.256887 81.733781 10.980456 0.016065
43.219735 81.733781 11.045338 -0.222498
47.182583 81.733781 10.871962 0.051938
51.145431 81.733781 11.107379 -0.156501
55.108279 81.733781 10.961003 0.145853
59.071127 81.733781 10.915442 0.166884
63.033975 81.733781 10.810596 -0.016469
66.996822 81.733781 10.956539 0.123515
-131.145575 77.770933 11.405804 0.679883
-127.182727 77.770933 11.100882 0.602835
-123.219879 77.770933 11.061011 0.454877
-119.257031 77.770933 11.021529 0.617001
-115.294183 77.770933 11.172890 0.770755
-111.331335 77.770933 0.000000 0.000000
-107.368487 77.770933 0.000000 0.000000
-103.405639 77.770933 0.000000 0.000000
-99.442791 77.770933 0.000000 0.000000
-95.479943 77.770933 0.000000 0.000000
-91.517095 77.770933 11.504247 0.402735
-87.554247 77.770933 11.524011 0.584363
-83.591400 77.770933 11.638905 0.442574
-79.628552 77.770933 11.605771 0.379426
-75.665704 77.770933 11.811482 0.020110
-71.702856 77.770933 11.697655 0.238699
-67.740008 77.770933 11.765508 0.179717
-63.777160 77.770933 11.648382 0.030186
-59.814312 77.770933 11.607685 0.069556
-55.851464 77.770933 11.534825 0.045840
-51.888616 77.770933 11.464211 -0.069574
-47.925768 77.770933 11.599468 -0.184886
-43.962920 77.770933 11.587234 -0.124190
-40.000072 77.770933 11.517118 -0.236091
-36.037224 77.770933 11.430735 -0.219315
-32.074376 77.770933 11.449829 -0.350424
-28.111528 77.770933 11.254527 -0.325317
-24.148680 77.770933 11.423420 -0.255477
-20.185832 77.770933 11.273973 -0.246059
-16.222984 77.770933 11.119734 -0.167291
-12.260136 77.770933 0.000000 0.000000
-8.297289 77.770933 0.000000 0.000000
-4.334441 77.770933 0.000000 0.000000
-0.371593 77.770933 11.002086 -0.209940
3.591255 77.770933 11.083051 -0.148861
7.554103 77.770933 11.114969 -0.254660
11.516951 77.770933 10.919511 -0.070454
15.479799 77.770933 10.942994 -0.038755
19.442647 77.770933 10.927125 -0.218668
23.405495 77.770933 10.899778 -0.123833
27.368343 77.770933 10.913109 0.003418
31.331191 77.770933 10.951372 0.022559
35.294039 77.770933 10.904309 -0.113686
39.256887 77.770933 10.893492 0.062878
43.219735 77.770933 10.965124 0.097434
47.182583 77.770933 10.940675 0.150577
51.145431 77.770933 10.899927 -0.088531
55.108279 77.770933 10.910316 -0.076701
59.071127 77.770933 10.928691 -0.232447
63.033975 77.770933 11.057263 0.189784
66.996822 77.770933 10.815207 0.062412
-131.145575 73.808085 11.692949 0.273653
-127.182727 73.808085 11.381664 0.527198
-123.219879 73.808085 10.956048 0.668738
-119.257031 73.808085 11.276154 0.521411
-115.294183 73.808085 11.191311 0.530675
-111.331335 73.808085 0.000000 0.000000
-107.368487 73.808085 0.000000 0.000000
-103.405639 73.808085 0.000000 0.000000
-99.442791 73.808085 0.000000 0.000000
-95.479943 73.808085 0.000000 0.000000
-91.517095 73.808085 11.586916 0.416447
-87.554247 73.808085 11.765284 0.409501
-83.591400 73.808085 11.601016 0.501324
-79.628552 73.808085 11.944591 0.298021
-75.665704 73.808085 11.788142 0.278880
-71.702856 73.808085 11.703243 0.164184
-67.740008 73.808085 11.635955 0.208669
-63.777160 73.808085 11.691390 0.174223
-59.814312 73.808085 11.596646 0.121439
-55.851464 73.808085 11.640066 0.022469
-51.888616 73.808085 11.550663 0.061796
-47.925768 73.808085 11.437192 -0.047020
-43.962920 73.808085 11.591835 -0.178316
-40.000072 73.808085 11.519027 -0.131967
-36.037224 73.808085 11.431402 -0.284460
-32.074376 73.808085 11.342927 -0.225823
-28.111528 73.808085 11.418310 -0.404942
-24.148680 73.808085 11.330616 -0.138527
-20.185832 73.808085 11.309478 -0.215688
-16.222984 73.808085 11.128269 -0.261718
-12.260136 73.808085 0.000000 0.000000
-8.297289 73.808085 0.000000 0.000000
-4.334441 73.808085 0.000000 0.000000
-0.371593 73.808085 11.094912 -0.259176
3.591255 73.808085 11.010982 -0.128461
7.554103 73.808085 11.142737 -0.135225
11.516951 73.808085 11.049801 -0.104624
15.479799 73.808085 10.941446 -0.239149
19.442647 73.808085 11.025255 0.006762
23.405495 73.808085 10.922198 0.164827
27.368343 73.808085 10.894977 -0.316961
31.331191 73.808085 10.828444 -0.063581
35.294039 73.808085 11.086437 0.021692
39.256887 73.808085 10.901625 0.172062
43.219735 73.808085 10.826017 -0.079617
47.182583 73.808085 10.894753 0.206331
51.145431 73.808085 10.928995 -0.051171
55.108279 73.808085 10.794238 -0.149305
59.071127 73.808085 11.030924 0.148682
63.033975 73.808085 10.958632 -0.205180
66.996822 73.808085 10.919793 -0.292515
-131.145575 69.845237 17.146452 15.503945
-127.182727 69.845237 16.404034 -4.199400
-123.219879 69.845237 10.914912 1.015198
-119.257031 69.845237 11.101270 0.775955
-115.294183 69.845237 11.400349 0.729688
-111.331335 69.845237 0.000000 0.000000
-107.368487 69.845237 0.000000 0.000000
-103.405639 69.845237 0.000000 0.000000
-99.442791 69.845237 0.000000 0.000000
-95.479943 69.845237 0.000000 0.000000
-91.517095 69.845237 11.523546 0.793491
-87.554247 69.845237 11.788816 0.568609
-83.591400 69.845237 11.847653 0.511872
-79.628552 69.845237 11.642034 0.369536
-75.665704 69.845237 11.710884 -0.190373
-71.702856 69.845237 11.925210 0.293618
-67.740008 69.845237 11.883987 -0.065901
-63.777160 69.845237 11.633263 0.027727
-59.814312 69.845237 11.787956 -0.136527
-55.851464 69.845237 11.791900 -0.336895
-51.888616 69.845237 11.630959 -0.170844
-47.925768 69.845237 11.558058 -0.199596
-43.962920 69.845237 11.739964 -0.277573
-40.000072 69.845237 11.615178 -0.267008
-36.037224 69.845237 11.551044 -0.177238
-32.074376 69.845237 11.429865 -0.324761
-28.111528 69.845237 11.454015 -0.294011
-24.148680 69.845237 11.235999 -0.277250
-20.185832 69.845237 11.212994 -0.298853
-16.222984 69.845237 11.376369 -0.318383
-12.260136 69.845237 0.000000 0.000000
-8.297289 69.845237 0.000000 0.000000
-4.334441 69.845237 0.000000 0.000000
-0.371593 69.845237 11.030949 -0.381294
3.591255 69.845237 10.917043 -0.254386
7.554103 69.845237 10.979533 -0.272892
11.516951 69.845237 10.912275 -0.228475
15.479799 69.845237 10.770288 -0.177213
19.442647 69.845237 10.963830 -0.155436
23.405495 69.845237 11.031081 -0.073410
27.368343 69.845237 10.928542 -0.067627
31.331191 69.845237 10.837392 -0.211944
35.294039 69.845237 10.951275 -0.097560
39.256887 69.845237 11.023387 0.292654
43.219735 69.845237 10.948923 -0.006813
47.182583 69.845237 10.993602 0.091500
51.145431 69.845237 10.800072 -0.264801
55.108279 69.845237 10.849428 0.243850
59.071127 69.845237 10.871532 -0.013338
63.033975 69.845237 11.028569 0.073950
66.996822 69.845237 10.813559 0.094845
-131.145575 65.882389 9.122115 3.771928
-127.182727 65.882389 11.477059 0.645543
-123.219879 65.882389 11.120954 0.815965
-119.257031 65.882389 11.159675 0.851443
-115.294183 65.882389 11.462825 0.597703
-111.331335 65.882389 0.000000 0.000000
-107.368487 65.882389 0.000000 0.000000
-103.405639 65.882389 0.000000 0.000000
-99.442791 65.882389 0.000000 0.000000
-95.479943 65.882389 0.000000 0.000000
-91.517095 65.882389 11.744690 0.590714
-87.554247 65.882389 11.849541 0.463254
-83.591400 65.882389 11.523370 0.507343
-79.628552 65.882389 11.863696 0.416328
-75.665704 65.882389 11.820176 -0.007760
-71.702856 65.882389 11.832346 -0.059218
-67.740008 65.882389 11.844409 0.044300
-63.777160 65.882389 11.822833 -0.138997
-59.814312 65.882389 11.768992 -0.087862
-55.851464 65.882389 11.834944 0.132884
-51.888616 65.882389 11.673622 -0.191181
-47.925768 65.882389 11.619420 -0.225839
-43.962920 65.882389 11.603909 -0.085002
-40.000072 65.882389 11.510369 -0.399508
-36.037224 65.882389 11.498217 -0.385336
-32.074376 65.882389 11.421800 -0.357430
-28.111528 65.882389 11.487489 -0.265442
-24.148680 65.882389 11.206009 -0.477062
-20.185832 65.882389 11.130641 -0.340513
-16.222984 65.882389 11.143369 -0.275987
-12.260136 65.882389 0.000000 0.000000
-8.297289 65.882389 0.000000 0.000000
-4.334441 65.882389 11.120790 -0.250611
-0.371593 65.882389 11.019733 -0.322048
3.591255 65.882389 10.861036 -0.227186
7.554103 65.882389 10.880465 -0.225935
11.516951 65.882389 10.879301 -0.143429
15.479799 65.882389 10.933114 -0.404781
19.442647 65.882389 11.059575 -0.250629
23.405495 65.882389 11.008386 -0.098650
27.368343 65.882389 10.876196 -0.040227
31.331191 65.882389 10.780726 -0.007261
35.294039 65.882389 10.829500 -0.210190
39.256887 65.882389 10.993837 -0.099580
43.219735 65.882389 10.962133 0.271201
47.182583 65.882389 10.933003 0.174106
51.145431 65.882389 10.837148 -0.131169
55.108279 65.882389 10.984985 -0.247776
59.071127 65.882389 10.938265 0.058758
63.033975 65.882389 10.973948 -0.152668
66.996822 65.882389 10.800107 0.243017
-131.145575 61.919541 15.421061 0.471395
-127.182727 61.919541 11.051054 0.641159
-123.219879 61.919541 10.944014 0.796561
-119.257031 61.919541 11.100026 0.740522
-115.294183 61.919541 11.243575 0.833835
-111.331335 61.919541 0.000000 0.000000
-107.368487 61.919541 0.000000 0.000000
-103.405639 61.919541 0.000000 0.000000
-99.442791 61.919541 0.000000 0.000000
-95.479943 61.919541 0.000000 0.000000
-91.517095 61.919541 11.912737 0.708195
-87.554247 61.919541 11.596126 0.708100
-83.591400 61.919541 12.023523 0.532641
-79.628552 61.919541 11.855841 0.597496
-75.665704 61.919541 11.943653 0.214127
-71.702856 61.919541 11.857092 0.024885
-67.740008 61.919541 12.026556 0.017615
-63.777160 61.919541 11.974082 -0.218604
-59.814312 61.919541 11.861321 0.036768
-55.851464 61.919541 11.792360 -0.310488
-51.888616 61.919541 11.725100 -0.362688
-47.925768 61.919541 11.684817 -0.256519
-43.962920 61.919541 11.680882 -0.443501
-40.000072 61.919541 11.647994 -0.210912
-36.037224 61.919541 11.656227 -0.238503
-32.074376 61.919541 11.538010 -0.356082
-28.111528 61.919541 11.454868 -0.387144
-24.148680 61.919541 11.146965 -0.404373
-20.185832 61.919541 11.378618 -0.407719
-16.222984 61.919541 11.264592 -0.565072
-12.260136 61.919541 0.000000 0.000000
-8.297289 61.919541 0.000000 0.000000
-4.334441 61.919541 10.954884 -0.433238
-0.371593 61.919541 10.912924 -0.403086
3.591255 61.919541 10.904943 -0.262937
7.554103 61.919541 10.963524 -0.230767
11.516951 61.919541 10.916322 -0.113297
15.479799 61.919541 10.873109 -0.243444
19.442647 61.919541 10.866727 -0.351940
23.405495 61.919541 10.924857 -0.133125
27.368343 61.919541 10.790108 -0.112850
31.331191 61.919541 10.795360 0.125596
35.294039 61.919541 10.893706 -0.303487
39.256887 61.919541 10.973927 -0.084062
43.219735 61.919541 11.001719 -0.156933
47.182583 61.919541 10.913751 -0.123927
51.145431 61.919541 10.829804 0.085964
55.108279 61.919541 11.062354 -0.014516
59.071127 61.919541 11.071264 -0.171292
63.033975 61.919541 10.807268 0.498074
66.996822 61.919541 10.812735 0.038371
-131.145575 57.956694 -15.425410 -12.237185
-127.182727 57.956694 11.061900 0.700828
-123.219879 57.956694 11.150202 0.922812
-119.257031 57.956694 10.976453 1.100340
-115.294183 57.956694 11.090496 1.073228
-111.331335 57.956694 0.000000 0.000000
-107.368487 57.956694 0.000000 0.000000
-103.405639 57.956694 0.000000 0.000000
-99.442791 57.956694 0.000000 0.000000
-95.479943 57.956694 11.674962 0.963744
-91.517095 57.956694 11.987103 0.725087
-87.554247 57.956694 11.877053 0.627929
-83.591400 57.956694 12.140618 0.384660
-79.628552 57.956694 12.076373 0.106322
-75.665704 57.956694 12.003731 0.443908
-71.702856 57.956694 12.085561 0.114567
-67.740008 57.956694 12.091215 0.049500
-63.777160 57.956694 12.012265 -0.211587
-59.814312 57.956694 11.776168 -0.108679
-55.851464 57.956694 11.781945 -0.014073
-51.888616 57.956694 11.930970 -0.123643
-47.925768 57.956694 11.860801 -0.334756
-43.962920 57.956694 11.622484 -0.317888
-40.000072 57.956694 11.724201 -0.338287
-36.037224 57.956694 11.647491 -0.446503
-32.074376 57.956694 11.571293 -0.258225
-28.111528 57.956694 11.652533 -0.445069
-24.148680 57.956694 11.352910 -0.531125
-20.185832 57.956694 11.112137 -0.516669
-16.222984 57.956694 11.123523 -0.466284
-12.260136 57.956694 0.000000 0.000000
-8.297289 57.956694 0.000000 0.000000
-4.334441 57.956694 11.030982 -0.398571
-0.371593 57.956694 10.847672 -0.468690
3.591255 57.956694 10.835598 -0.532555
7.554103 57.956694 10.952018 -0.134129
11.516951 57.956694 10.675192 -0.104506
15.479799 57.956694 10.820286 -0.386041
19.442647 57.956694 10.761660 -0.060005
23.405495 57.956694 10.760592 -0.040284
27.368343 57.956694 10.893743 0.035170
31.331191 57.956694 10.990400 0.126752
35.294039 57.956694 10.792139 -0.077911
39.256887 57.956694 10.843159 -0.127187
43.219735 57.956694 10.826485 -0.062123
47.182583 57.956694 10.895597 -0.233845
51.145431 57.956694 10.868346 -0.274064
55.108279 57.956694 10.812431 0.187596
59.071127 57.956694 10.798090 0.225893
63.033975 57.956694 10.943599 -0.050133
66.996822 57.956694 11.018728 0.083345
-131.145575 53.993846 10.879383 1.751219
-127.182727 53.993846 10.188709 0.490608
-123.219879 53.993846 11.168411 1.318730
-119.257031 53.993846 10.868337 0.994407
-115.294183 53.993846 11.104511 1.415301
-111.331335 53.993846 0.000000 0.000000
-107.368487 53.993846 0.000000 0.000000
-103.405639 53.993846 0.000000 0.000000
-99.442791 53.993846 0.000000 0.000000
-95.479943 53.993846 12.056474 1.091824
-91.517095 53.993846 12.178598 0.804985
-87.554247 53.993846 12.070266 0.813008
-83.591400 53.993846 12.125303 0.432601
-79.628552 53.993846 12.342670 0.579588
-75.665704 53.993846 12.172561 0.336924
-71.702856 53.993846 12.058798 0.231859
-67.740008 53.993846 12.102823 0.111060
-63.777160 53.993846 12.033634 -0.108699
-59.814312 53.993846 12.027491 -0.208092
-55.851464 53.993846 11.860601 -0.294851
-51.888616 53.993846 11.890115 -0.422684
-47.925768 53.993846 11.883563 -0.372036
-43.962920 53.993846 11.729255 -0.543665
-40.000072 53.993846 11.696531 -0.393211
-36.037224 53.993846 11.707541 -0.451821
-32.074376 53.993846 11.676035 -0.508326
-28.111528 53.993846 11.502138 -0.507389
-24.148680 53.993846 11.248964 -0.625475
-20.185832 53.993846 11.419910 -0.565035
-16.222984 53.993846 10.946048 -0.611248
-12.260136 53.993846 11.107890 -0.633156
-8.297289 53.993846 0.000000 0.000000
-4.334441 53.993846 10.927551 -0.530443
-0.371593 53.993846 10.864268 -0.507680
3.591255 53.993846 10.785489 -0.208564
7.554103 53.993846 10.811055 -0.105252
11.516951 53.993846 10.805060 0.013313
15.479799 53.993846 10.698017 -0.393746
19.442647 53.993846 10.843015 -0.147078
23.405495 53.993846 10.829862 -0.147213
27.368343 53.993846 10.875727 -0.083320
31.331191 53.993846 10.915582 -0.102805
35.294039 53.993846 10.861096 0.119573
39.256887 53.993846 10.914302 -0.236533
43.219735 53.993846 10.810088 0.164496
47.182583 53.993846 10.917253 -0.335221
51.145431 53.993846 10.900364 -0.403492
55.108279 53.993846 10.992336 -0.103739
59.071127 53.993846 10.759315 -0.162213
63.033975 53.993846 10.719225 -0.181143
66.996822 53.993846 10.682179 0.004296
-131.145575 50.030998 -12.589754 -2.172807
-127.182727 50.030998 5.297823 -12.022531
-123.219879 50.030998 10.709220 0.934097
-119.257031 50.030998 10.688863 1.203134
-115.294183 50.030998 10.767227 1.509545
-111.331335 50.030998 0.000000 0.000000
-107.368487 50.030998 0.000000 0.000000
-103.405639 50.030998 0.000000 0.000000
-99.442791 50.030998 0.000000 0.000000
-95.479943 50.030998 12.199729 1.472371
-91.517095 50.030998 12.116378 1.177273
-87.554247 50.030998 12.463717 0.797105
-83.591400 50.030998 12.348930 0.775197
-79.628552 50.030998 12.334835 0.155688
-75.665704 50.030998 12.213737 0.275528
-71.702856 50.030998 12.306561 0.095900
-67.740008 50.030998 12.095913 -0.108484
-63.777160 50.030998 12.114547 -0.187197
-59.814312 50.030998 12.051012 -0.232131
-55.851464 50.030998 11.932734 -0.535988
-51.888616 50.030998 11.859776 -0.248317
-47.925768 50.030998 11.917015 -0.545912
-43.962920 50.030998 11.839314 -0.363937
-40.000072 50.030998 11.654405 -0.636029
-36.037224 50.030998 11.713041 -0.517857
-32.074376 50.030998 11.779998 -0.718889
-28.111528 50.030998 11.415593 -0.628727
-24.148680 50.030998 11.313622 -0.715838
-20.185832 50.030998 11.375535 -0.782770
-16.222984 50.030998 11.505387 -0.653850
-12.260136 50.030998 11.184690 -0.704012
-8.297289 50.030998 0.000000 0.000000
-4.334441 50.030998 10.904613 -0.467555
-0.371593 50.030998 10.676768 -0.477483
3.591255 50.030998 10.613381 -0.160044
7.554103 50.030998 10.479874 -0.143038
11.516951 50.030998 10.595941 -0.243993
15.479799 50.030998 10.771474 -0.316713
19.442647 50.030998 10.752840 0.192630
23.405495 50.030998 10.699087 -0.106711
27.368343 50.030998 10.922683 0.024524
31.331191 50.030998 10.894500 -0.228550
35.294039 50.030998 10.811908 -0.114460
39.256887 50.030998 10.770702 -0.030909
43.219735 50.030998 11.038061 0.037326
47.182583 50.030998 10.922577 -0.312069
51.145431 50.030998 10.776675 -0.336771
55.108279 50.030998 10.817164 -0.116153
59.071127 50.030998 10.780129 -0.147263
63.033975 50.030998 10.552480 0.344743
66.996822 50.030998 11.051862 0.513628
-131.145575 46.068150 10.391989 0.978332
-127.182727 46.068150 15.099510 -13.141680
-123.219879 46.068150 10.590371 0.974612
-119.257031 46.068150 10.552426 1.037888
-115.294183 46.068150 10.830209 1.267821
-111.331335 46.068150 10.873251 1.697897
-107.368487 46.068150 0.000000 0.000000
-103.405639 46.068150 0.000000 0.000000
-99.442791 46.068150 0.000000 0.000000
-95.479943 46.068150 12.304563 1.364560
-91.517095 46.068150 12.499319 0.893166
-87.554247 46.068150 12.681256 0.685541
-83.591400 46.068150 12.884199 0.570983
-79.628552 46.068150 12.380926 0.384777
-75.665704 46.068150 12.474029 0.255820
-71.702856 46.068150 12.395074 0.124378
-67.740008 46.068150 12.239366 -0.143033
-63.777160 46.068150 12.345143 -0.251866
-59.814312 46.068150 11.975461 -0.310534
-55.851464 46.068150 12.176908 -0.376880
-51.888616 46.068150 12.040993 -0.242087
-47.925768 46.068150 11.985485 -0.377699
-43.962920 46.068150 11.924511 -0.659164
-40.000072 46.068150 11.830519 -0.630671
-36.037224 46.068150 11.443268 -0.623411
-32.074376 46.068150 11.642209 -0.783927
-28.111528 46.068150 11.630406 -0.782889
-24.148680 46.068150 11.460894 -0.746547
-20.185832 46.068150 11.358984 -0.700088
-16.222984 46.068150 11.053072 -0.902447
-12.260136 46.068150 11.010924 -0.844426
-8.297289 46.068150 0.000000 0.000000
-4.334441 46.068150 10.603451 -0.611049
-0.371593 46.068150 10.324172 -0.436819
3.591255 46.068150 10.770262 -0.141855
7.554103 46.068150 10.670521 -0.344431
11.516951 46.068150 10.909820 -0.067038
15.479799 46.068150 10.565316 -0.307790
19.442647 46.068150 10.538787 -0.135692
23.405495 46.068150 10.778769 -0.180767
27.368343 46.068150 11.203929 -0.402108
31.331191 46.068150 10.980651 -0.161522
35.294039 46.068150 10.834531 -0.377159
39.256887 46.068150 10.535552 0.246989
43.219735 46.068150 10.620817 0.318670
47.182583 46.068150 10.597286 -0.749230
51.145431 46.068150 10.933237 -0.288307
55.108279 46.068150 11.022467 -0.173726
59.071127 46.068150 10.645505 -0.130312
63.033975 46.068150 10.477530 -0.249805
66.996822 46.068150 11.183064 -0.279873
-131.145575 42.105302 10.725773 0.712802
-127.182727 42.105302 -0.343713 -0.659563
-123.219879 42.105302 -4.893478 0.651331
-119.257031 42.105302 10.123850 0.864496
-115.294183 42.105302 10.401511 1.923584
-111.331335 42.105302 10.473351 2.005057
-107.368487 42.105302 0.000000 0.000000
-103.405639 42.105302 0.000000 0.000000
-99.442791 42.105302 12.288742 2.343387
-95.479943 42.105302 12.878457 1.598039
-91.517095 42.105302 13.002884 1.394027
-87.554247 42.105302 12.970222 0.822593
-83.591400 42.105302 12.893734 0.630365
-79.628552 42.105302 12.794608 0.436663
-75.665704 42.105302 12.567642 0.219558
-71.702856 42.105302 12.452486 0.095969
-67.740008 42.105302 12.547283 -0.272503
-63.777160 42.105302 12.416988 -0.201278
-59.814312 42.105302 12.338260 -0.415400
-55.851464 42.105302 12.151705 -0.465215
-51.888616 42.105302 12.093145 -0.292889
-47.925768 42.105302 11.839567 -0.618354
-43.962920 42.105302 11.890809 -0.518862
-40.000072 42.105302 11.882100 -0.730755
-36.037224 42.105302 11.694249 -0.714258
-32.074376 42.105302 11.790066 -0.655089
-28.111528 42.105302 11.432147 -0.767868
-24.148680 42.105302 11.488144 -0.859287
-20.185832 42.105302 11.339777 -0.797947
-16.222984 42.105302 11.184028 -1.229706
-12.260136 42.105302 11.116377 -1.109672
-8.297289 42.105302 0.000000 0.000000
-4.334441 42.105302 10.384703 -0.894157
-0.371593 42.105302 10.275146 -0.208517
3.591255 42.105302 10.998625 0.386447
7.554103 42.105302 11.020862 -0.598394
11.516951 42.105302 10.753181 -0.572490
15.479799 42.105302 10.511315 -0.553371
19.442647 42.105302 10.348722 -0.650063
23.405495 42.105302 10.844516 -0.629470
27.368343 42.105302 10.983377 -0.524185
31.331191 42.105302 10.967933 -0.088723
35.294039 42.105302 10.688048 0.144780
39.256887 42.105302 9.908386 -0.369603
43.219735 42.105302 7.193530 0.956679
47.182583 42.105302 9.684911 -0.168998
51.145431 42.105302 10.868192 -0.591644
55.108279 42.105302 11.420217 -0.617238
59.071127 42.105302 10.899701 -0.491002
63.033975 42.105302 10.716125 -0.448730
66.996822 42.105302 10.416411 -0.376351
-131.145575 38.142454 7.824092 -4.546636
-127.182727 38.142454 10.179413 0.400689
-123.219879 38.142454 9.541957 0.404799
-119.257031 38.142454 10.156034 0.884219
-115.294183 38.142454 9.690874 1.681802
-111.331335 38.142454 9.413737 2.165499
-107.368487 38.142454 0.000000 0.000000
-103.405639 38.142454 0.000000 0.000000
-99.442791 38.142454 0.000000 0.000000
-95.479943 38.142454 0.000000 0.000000
-91.517095 38.142454 0.000000 0.000000
-87.554247 38.142454 0.000000 0.000000
-83.591400 38.142454 0.000000 0.000000
-79.628552 38.142454 0.000000 0.000000
-75.665704 38.142454 0.000000 0.000000
-71.702856 38.142454 0.000000 0.000000
-67.740008 38.142454 0.000000 0.000000
-63.777160 38.142454 0.000000 0.000000
-59.814312 38.142454 0.000000 0.000000
-55.851464 38.142454 0.000000 0.000000
-51.888616 38.142454 0.000000 0.000000
-47.925768 38.142454 0.000000 0.000000
-43.962920 38.142454 0.000000 0.000000
-40.000072 38.142454 0.000000 0.000000
-36.037224 38.142454 0.000000 0.000000
-32.074376 38.142454 0.000000 0.000000
-28.111528 38.142454 0.000000 0.000000
-24.148680 38.142454 11.267679 -0.751375
-20.185832 38.142454 11.568280 -0.748969
-16.222984 38.142454 11.355643 -1.899819
-12.260136 38.142454 11.160631 -0.660790
-8.297289 38.142454 0.000000 0.000000
-4.334441 38.142454 9.719927 -1.783327
-0.371593 38.142454 7.889576 -0.498798
3.591255 38.142454 4.645909 5.288532
7.554103 38.142454 10.792745 -1.469140
11.516951 38.142454 10.821537 -1.065833
15.479799 38.142454 10.347548 -1.046028
19.442647 38.142454 10.239696 -1.399243
23.405495 38.142454 10.626618 -1.563771
27.368343 38.142454 9.751583 0.983331
31.331191 38.142454 10.624037 1.750997
35.294039 38.142454 9.499742 -0.768963
39.256887 38.142454 8.156532 -0.770690
43.219735 38.142454 8.412644 -0.080844
47.182583 38.142454 9.325284 0.447884
51.145431 38.142454 9.667222 1.074051
55.108279 38.142454 10.649311 -0.524254
59.071127 38.142454 11.150289 -0.817769
63.033975 38.142454 11.160467 -1.267020
66.996822 38.142454 10.176369 -1.065208
-131.145575 34.179606 11.090840 13.172314
-127.182727 34.179606 -8.487254 4.337309
-123.219879 34.179606 10.369067 0.817280
-119.257031 34.179606 9.529535 1.146920
-115.294183 34.179606 0.000000 0.000000
-111.331335 34.179606 0.000000 0.000000
-107.368487 34.179606 0.000000 0.000000
-103.405639 34.179606 0.000000 0.000000
-99.442791 34.179606 0.000000 0.000000
-95.479943 34.179606 0.000000 0.000000
-91.517095 34.179606 0.000000 0.000000
-87.554247 34.179606 0.000000 0.000000
-83.591400 34.179606 0.000000 0.000000
-79.628552 34.179606 0.000000 0.000000
-75.665704 34.179606 0.000000 0.000000
-71.702856 34.179606 0.000000 0.000000
-67.740008 34.179606 0.000000 0.000000
-63.777160 34.179606 0.000000 0.000000
-59.814312 34.179606 0.000000 0.000000
-55.851464 34.179606 0.000000 0.000000
-51.888616 34.179606 0.000000 0.000000
-47.925768 34.179606 0.000000 0.000000
-43.962920 34.179606 0.000000 0.000000
-40.000072 34.179606 0.000000 0.000000
-36.037224 34.179606 0.000000 0.000000
-32.074376 34.179606 0.000000 0.000000
-28.111528 34.179606 0.000000 0.000000
-24.148680 34.179606 0.000000 0.000000
-20.185832 34.179606 0.000000 0.000000
-16.222984 34.179606 0.000000 0.000000
-12.260136 34.179606 0.000000 0.000000
-8.297289 34.179606 0.000000 0.000000
-4.334441 34.179606 0.000000 0.000000
-0.371593 34.179606 5.604970 -3.079429
3.591255 34.179606 0.179446 -6.255516
7.554103 34.179606 9.020350 1.827620
11.516951 34.179606 10.534858 -1.967448
15.479799 34.179606 10.301167 -1.365782
19.442647 34.179606 10.539568 -1.826056
23.405495 34.179606 8.953200 -0.856028
27.368343 34.179606 9.098131 2.384748
31.331191 34.179606 9.981544 2.032116
35.294039 34.179606 10.764612 -0.642172
39.256887 34.179606 7.307217 -1.362810
43.219735 34.179606 10.086790 -1.998588
47.182583 34.179606 8.566948 -5.277854
51.145431 34.179606 9.586496 1.837338
55.108279 34.179606 9.824881 0.666580
59.071127 34.179606 11.072761 0.065433
63.033975 34.179606 10.964084 -1.548912
66.996822 34.179606 10.584586 -1.409935
-131.145575 30.216758 5.035288 4.316871
-127.182727 30.216758 -4.686563 15.308464
-123.219879 30.216758 0.000000 0.000000
-119.257031 30.216758 0.000000 0.000000
-115.294183 30.216758 0.000000 0.000000
-111.331335 30.216758 0.000000 0.000000
-107.368487 30.216758 0.000000 0.000000
-103.405639 30.216758 0.000000 0.000000
-99.442791 30.216758 0.000000 0.000000
-95.479943 30.216758 0.000000 0.000000
-91.517095 30.216758 0.000000 0.000000
-87.554247 30.216758 0.000000 0.000000
-83.591400 30.216758 0.000000 0.000000
-79.628552 30.216758 0.000000 0.000000
-75.665704 30.216758 0.000000 0.000000
-71.702856 30.216758 0.000000 0.000000
-67.740008 30.216758 0.000000 0.000000
-63.777160 30.216758 0.000000 0.000000
-59.814312 30.216758 0.000000 0.000000
-55.851464 30.216758 0.000000 0.000000
-51.888616 30.216758 0.000000 0.000000
-47.925768 30.216758 0.000000 0.000000
-43.962920 30.216758 0.000000 0.000000
-40.000072 30.216758 0.000000 0.000000
-36.037224 30.216758 0.000000 0.000000
-32.074376 30.216758 0.000000 0.000000
-28.111528 30.216758 0.000000 0.000000
-24.148680 30.216758 0.000000 0.000000
-20.185832 30.216758 0.000000 0.000000
-16.222984 30.216758 0.000000 0.000000
-12.260136 30.216758 0.000000 0.000000
-8.297289 30.216758 0.000000 0.000000
-4.334441 30.216758 0.000000 0.000000
-0.371593 30.216758 0.000000 0.000000
3.591255 30.216758 0.000000 0.000000
7.554103 30.216758 9.515247 1.660822
11.516951 30.216758 9.303758 0.414655
15.479799 30.216758 9.827475 -0.659230
19.442647 30.216758 10.258435 -1.673977
23.405495 30.216758 13.277420 -7.492518
27.368343 30.216758 11.044971 2.069439
31.331191 30.216758 9.913799 1.285597
35.294039 30.216758 9.602754 -1.037322
39.256887 30.216758 11.329247 -0.556216
43.219735 30.216758 11.078071 -0.589728
47.182583 30.216758 11.691450 0.918493
51.145431 30.216758 10.619942 1.018618
55.108279 30.216758 10.371193 0.873322
59.071127 30.216758 10.136166 0.657246
63.033975 30.216758 10.700230 -1.028669
66.996822 30.216758 11.651168 -0.785868
-131.145575 26.253910 15.240536 -13.334945
-127.182727 26.253910 -4.880930 6.759841
-123.219879 26.253910 0.000000 0.000000
-119.257031 26.253910 0.000000 0.000000
-115.294183 26.253910 0.000000 0.000000
-111.331335 26.253910 0.000000 0.000000
-107.368487 26.253910 0.000000 0.000000
-103.405639 26.253910 0.000000 0.000000
-99.442791 26.253910 0.000000 0.000000
-95.479943 26.253910 0.000000 0.000000
-91.517095 26.253910 0.000000 0.000000
-87.554247 26.253910 0.000000 0.000000
-83.591400 26.253910 0.000000 0.000000
-79.628552 26.253910 0.000000 0.000000
-75.665704 26.253910 0.000000 0.000000
-71.702856 26.253910 0.000000 0.000000
-67.740008 26.253910 0.000000 0.000000
-63.777160 26.253910 0.000000 0.000000
-59.814312 26.253910 0.000000 0.000000
-55.851464 26.253910 0.000000 0.000000
-51.888616 26.253910 0.000000 0.000000
-47.925768 26.253910 0.000000 0.000000
-43.962920 26.253910 0.000000 0.000000
-40.000072 26.253910 0.000000 0.000000
-36.037224 26.253910 0.000000 0.000000
-32.074376 26.253910 0.000000 0.000000
-28.111528 26.253910 0.000000 0.000000
-24.148680 26.253910 0.000000 0.000000
-20.185832 26.253910 0.000000 0.000000
-16.222984 26.253910 0.000000 0.000000
-12.260136 26.253910 0.000000 0.000000
-8.297289 26.253910 0.000000 0.000000
-4.334441 26.253910 0.000000 0.000000
-0.371593 26.253910 0.000000 0.000000
3.591255 26.253910 0.000000 0.000000
7.554103 26.253910 0.000000 0.000000
11.516951 26.253910 9.809328 0.573724
15.479799 26.253910 10.643384 -0.552837
19.442647 26.253910 11.036364 -0.798388
23.405495 26.253910 11.843006 -0.356270
27.368343 26.253910 10.589110 0.418141
31.331191 26.253910 10.415766 0.783310
35.294039 26.253910 10.020574 0.323488
39.256887 26.253910 10.809474 -0.542350
43.219735 26.253910 11.112400 -0.135122
47.182583 26.253910 11.538292 0.165876
51.145431 26.253910 10.732888 0.742877
55.108279 26.253910 10.424445 0.431316
59.071127 26.253910 10.352365 0.239912
63.033975 26.253910 10.581207 -0.083586
66.996822 26.253910 11.265298 -0.878745
-131.145575 22.291062 -7.392958 -15.294583
-127.182727 22.291062 10.013381 -9.073590
-123.219879 22.291062 0.000000 0.000000
-119.257031 22.291062 0.000000 0.000000
-115.294183 22.291062 0.000000 0.000000
-111.331335 22.291062 0.000000 0.000000
-107.368487 22.291062 0.000000 0.000000
-103.405639 22.291062 0.000000 0.000000
-99.442791 22.291062 0.000000 0.000000
-95.479943 22.291062 0.000000 0.000000
-91.517095 22.291062 0.000000 0.000000
-87.554247 22.291062 0.000000 0.000000
-83.591400 22.291062 0.000000 0.000000
-79.628552 22.291062 0.000000 0.000000
-75.665704 22.291062 0.000000 0.000000
-71.702856 22.291062 0.000000 0.000000
-67.740008 22.291062 0.000000 0.000000
-63.777160 22.291062 0.000000 0.000000
-59.814312 22.291062 0.000000 0.000000
-55.851464 22.291062 0.000000 0.000000
-51.888616 22.291062 0.000000 0.000000
-47.925768 22.291062 0.000000 0.000000
-43.962920 22.291062 0.000000 0.000000
-40.000072 22.291062 0.000000 0.000000
-36.037224 22.291062 0.000000 0.000000
-32.074376 22.291062 0.000000 0.000000
-28.111528 22.291062 0.000000 0.000000
-24.148680 22.291062 0.000000 0.000000
-20.185832 22.291062 0.000000 0.000000
-16.222984 22.291062 0.000000 0.000000
-12.260136 22.291062 0.000000 0.000000
-8.297289 22.291062 0.000000 0.000000
-4.334441 22.291062 11.009328 0.473804
-0.371593 22.291062 10.905210 0.509232
3.591255 22.291062 10.577873 0.815567
7.554103 22.291062 10.380136 0.746210
11.516951 22.291062 10.560033 0.404527
15.479799 22.291062 10.672574 0.190890
19.442647 22.291062 10.753421 0.112024
23.405495 22.291062 10.919487 -0.131628
27.368343 22.291062 10.527352 0.299763
31.331191 22.291062 10.448984 0.500694
35.294039 22.291062 10.460635 0.349963
39.256887 22.291062 10.914917 -0.339007
43.219735 22.291062 10.908978 0.141151
47.182583 22.291062 11.374029 -0.294819
51.145431 22.291062 10.723994 0.919268
55.108279 22.291062 10.780640 -0.031567
59.071127 22.291062 10.897741 0.284465
63.033975 22.291062 10.746286 -0.688953
66.996822 22.291062 10.651429 -0.116292
-131.145575 18.328214 -10.218933 -9.025908
-127.182727 18.328214 11.124842 -1.438323
-123.219879 18.328214 -4.839634 -16.679056
-119.257031 18.328214 2.182212 -0.455435
-115.294183 18.328214 9.789416 -0.539098
-111.331335 18.328214 10.888042 -1.181188
-107.368487 18.328214 0.000000 0.000000
-103.405639 18.328214 0.000000 0.000000
-99.442791 18.328214 0.000000 0.000000
-95.479943 18.328214 0.000000 0.000000
-91.517095 18.328214 0.000000 0.000000
-87.554247 18.328214 0.000000 0.000000
-83.591400 18.328214 0.000000 0.000000
-79.628552 18.328214 0.000000 0.000000
-75.665704 18.328214 0.000000 0.000000
-71.702856 18.328214 0.000000 0.000000
-67.740008 18.328214 0.000000 0.000000
-63.777160 18.328214 0.000000 0.000000
-59.814312 18.328214 0.000000 0.000000
-55.851464 18.328214 0.000000 0.000000
-51.888616 18.328214 11.680320 0.451798
-47.925768 18.328214 11.274990 0.495992
-43.962920 18.328214 11.652043 0.618321
-40.000072 18.328214 11.577258 0.586432
-36.037224 18.328214 11.772917 0.532664
-32.074376 18.328214 11.139450 0.708648
-28.111528 18.328214 11.253522 0.736181
-24.148680 18.328214 11.226701 0.718656
-20.185832 18.328214 11.053424 0.761022
-16.222984 18.328214 10.999873 0.990554
-12.260136 18.328214 11.036082 0.572615
-8.297289 18.328214 10.695891 0.972472
-4.334441 18.328214 10.330915 0.833302
-0.371593 18.328214 10.802081 0.662648
3.591255 18.328214 10.614090 0.617889
7.554103 18.328214 10.705448 0.504126
11.516951 18.328214 10.862617 0.581282
15.479799 18.328214 10.759895 0.127320
19.442647 18.328214 10.815880 0.104155
23.405495 18.328214 10.262954 14.239926
27.368343 18.328214 10.909682 0.107150
31.331191 18.328214 10.658508 0.183354
35.294039 18.328214 10.733874 0.451063
39.256887 18.328214 10.731187 0.068341
43.219735 18.328214 11.040613 -0.183249
47.182583 18.328214 10.991358 0.209490
51.145431 18.328214 10.571571 -0.224886
55.108279 18.328214 10.604319 0.214645
59.071127 18.328214 10.649829 0.880420
63.033975 18.328214 10.816582 -0.211654
66.996822 18.328214 10.628848 0.998420
-131.145575 14.365366 14.390803 -10.865078
-127.182727 14.365366 -5.002015 9.260405
-123.219879 14.365366 11.319816 -0.472214
-119.257031 14.365366 8.103232 2.555501
-115.294183 14.365366 10.830359 0.059949
-111.331335 14.365366 11.047244 -1.136739
-107.368487 14.365366 10.183170 -0.614575
-103.405639 14.365366 10.962334 -0.932483
-99.442791 14.365366 11.636765 -0.629799
-95.479943 14.365366 11.309135 -0.766540
-91.517095 14.365366 11.929649 -0.705444
-87.554247 14.365366 11.992304 -0.440673
-83.591400 14.365366 11.946945 -0.278056
-79.628552 14.365366 12.346513 -0.393175
-75.665704 14.365366 11.742212 0.211783
-71.702856 14.365366 11.987898 0.133314
-67.740008 14.365366 12.006944 0.027410
-63.777160 14.365366 11.955094 0.297842
-59.814312 14.365366 11.880028 0.419949
-55.851464 14.365366 11.722603 0.470904
-51.888616 14.365366 11.883624 0.270637
-47.925768 14.365366 11.582201 0.594912
-43.962920 14.365366 11.684748 0.699852
-40.000072 14.365366 11.772832 0.552437
-36.037224 14.365366 11.401545 0.727443
-32.074376 14.365366 11.745015 0.595970
-28.111528 14.365366 11.725854 0.604279
-24.148680 14.365366 11.006284 0.747766
-20.185832 14.365366 11.052214 0.498898
-16.222984 14.365366 10.952232 0.636735
-12.260136 14.365366 11.109361 0.666959
-8.297289 14.365366 11.018687 0.565876
-4.334441 14.365366 11.079150 0.524639
-0.371593 14.365366 10.996903 0.654931
3.591255 14.365366 10.885216 0.382751
7.554103 14.365366 10.710415 0.430727
11.516951 14.365366 10.616647 0.467113
15.479799 14.365366 10.664543 0.195825
19.442647 14.365366 10.951642 0.220844
23.405495 14.365366 10.774510 0.403084
27.368343 14.365366 10.674223 0.017308
31.331191 14.365366 10.790399 -0.028923
35.294039 14.365366 10.729767 0.277766
39.256887 14.365366 10.515491 0.016217
43.219735 14.365366 10.510763 0.191720
47.182583 14.365366 11.053320 0.154574
51.145431 14.365366 11.011717 -0.172647
55.108279 14.365366 10.766290 0.497974
59.071127 14.365366 10.887937 -0.347377
63.033975 14.365366 10.909542 -0.267837
66.996822 14.365366 10.451570 -0.107990
-131.145575 10.402518 2.581396 -4.647994
-127.182727 10.402518 -15.297815 -6.259497
-123.219879 10.402518 -2.830835 -0.704731
-119.257031 10.402518 11.630507 -1.572846
-115.294183 10.402518 10.867187 -1.254723
-111.331335 10.402518 10.908884 -0.838608
-107.368487 10.402518 11.820157 -0.433538
-103.405639 10.402518 10.958733 -0.257380
-99.442791 10.402518 11.251945 -0.284600
-95.479943 10.402518 11.425363 -0.418503
-91.517095 10.402518 11.694215 -0.293800
-87.554247 10.402518 11.897815 -0.307445
-83.591400 10.402518 11.810666 -0.444199
-79.628552 10.402518 11.971135 -0.155546
-75.665704 10.402518 12.042692 -0.000460
-71.702856 10.402518 11.925237 0.218641
-67.740008 10.402518 11.812963 0.244654
-63.777160 10.402518 11.807158 0.355494
-59.814312 10.402518 11.688628 0.140845
-55.851464 10.402518 11.767081 0.204077
-51.888616 10.402518 11.707040 0.407188
-47.925768 10.402518 11.897174 0.435894
-43.962920 10.402518 11.682617 0.231688
-40.000072 10.402518 11.332876 0.508335
-36.037224 10.402518 11.452719 0.599231
-32.074376 10.402518 11.394620 0.713947
-28.111528 10.402518 11.281615 0.696323
-24.148680 10.402518 11.438009 0.425860
-20.185832 10.402518 11.294901 0.742509
-16.222984 10.402518 11.110645 0.522545
-12.260136 10.402518 11.205649 0.440659
-8.297289 10.402518 10.929648 0.669465
-4.334441 10.402518 10.952059 0.553021
-0.371593 10.402518 10.831616 0.362971
3.591255 10.402518 10.621699 0.384025
7.554103 10.402518 10.839920 0.456606
11.516951 10.402518 10.564759 0.494067
15.479799 10.402518 10.500421 0.210580
19.442647 10.402518 10.612371 0.435870
23.405495 10.402518 10.479686 0.346284
27.368343 10.402518 10.823284 -0.196006
31.331191 10.402518 11.022184 0.101758
35.294039 10.402518 10.791276 0.007839
39.256887 10.402518 10.649759 0.522745
43.219735 10.402518 10.649562 0.438084
47.182583 10.402518 10.857942 0.455493
51.145431 10.402518 10.605208 0.214475
55.108279 10.402518 11.037993 -0.718615
59.071127 10.402518 10.804251 0.276534
63.033975 10.402518 10.777307 0.345255
66.996822 10.402518 11.171706 0.415588
-131.145575 6.439670 16.725758 5.315032
-127.182727 6.439670 -14.732390 -9.132677
-123.219879 6.439670 -2.447643 12.948417
-119.257031 6.439670 11.727438 -1.650595
-115.294183 6.439670 10.658568 -1.003581
-111.331335 6.439670 10.611974 -1.366920
-107.368487 6.439670 10.729639 -0.657236
-103.405639 6.439670 11.471825 -0.656376
-99.442791 6.439670 11.847930 -0.227464
-95.479943 6.439670 11.231049 -0.633922
-91.517095 6.439670 11.681178 -0.473827
-87.554247 6.439670 11.659431 -0.423645
-83.591400 6.439670 11.944188 -0.358072
-79.628552 6.439670 11.840943 0.056351
-75.665704 6.439670 11.511324 0.122650
-71.702856 6.439670 11.885723 0.412327
-67.740008 6.439670 11.631453 0.136024
-63.777160 6.439670 11.831300 0.183333
-59.814312 6.439670 11.726621 0.221541
-55.851464 6.439670 11.843211 0.001195
-51.888616 6.439670 11.779638 0.571094
-47.925768 6.439670 11.449378 0.495780
-43.962920 6.439670 11.543842 0.484294
-40.000072 6.439670 11.163010 0.594069
-36.037224 6.439670 11.609818 0.590518
-32.074376 6.439670 11.211403 0.571415
-28.111528 6.439670 11.106463 0.582689
-24.148680 6.439670 11.518181 0.559396
-20.185832 6.439670 11.214908 0.722142
-16.222984 6.439670 10.918146 0.705619
-12.260136 6.439670 10.972601 0.650033
-8.297289 6.439670 10.825061 0.648814
-4.334441 6.439670 11.163917 0.372676
-0.371593 6.439670 11.249217 0.271175
3.591255 6.439670 10.842969 0.285336
7.554103 6.439670 10.883986 0.265255
11.516951 6.439670 10.731621 0.506957
15.479799 6.439670 10.538541 0.496374
19.442647 6.439670 10.822392 0.372057
23.405495 6.439670 10.818168 0.172580
27.368343 6.439670 10.749540 -0.084064
31.331191 6.439670 10.667373 0.421633
35.294039 6.439670 10.780717 0.358558
39.256887 6.439670 10.861450 0.098932
43.219735 6.439670 10.715853 -0.426831
47.182583 6.439670 10.940516 -0.116544
51.145431 6.439670 10.884656 0.093055
55.108279 6.439670 10.874962 -0.339698
59.071127 6.439670 10.343232 0.148650
63.033975 6.439670 10.703968 0.387340
66.996822 6.439670 10.815798 -0.076977
-131.145575 2.476822 -15.241238 -13.033756
-127.182727 2.476822 5.490108 9.908723
-123.219879 2.476822 2.964335 0.356062
-119.257031 2.476822 11.721118 1.324852
-115.294183 2.476822 1.406503 -9.988872
-111.331335 2.476822 10.918804 -0.482276
-107.368487 2.476822 10.608937 0.225101
-103.405639 2.476822 10.831457 -0.324310
-99.442791 2.476822 10.837411 -0.290078
-95.479943 2.476822 11.549623 -0.475895
-91.517095 2.476822 11.556641 -0.450255
-87.554247 2.476822 11.516821 -0.676253
-83.591400 2.476822 11.918186 -0.103023
-79.628552 2.476822 11.905545 -0.088992
-75.665704 2.476822 11.387317 0.168097
-71.702856 2.476822 11.801413 -0.134449
-67.740008 2.476822 11.577266 0.082260
-63.777160 2.476822 11.736204 0.268118
-59.814312 2.476822 11.865294 0.358368
-55.851464 2.476822 11.778363 0.135831
-51.888616 2.476822 11.732786 0.401338
-47.925768 2.476822 11.485303 0.497245
-43.962920 2.476822 11.375118 0.453946
-40.000072 2.476822 11.301177 0.568554
-36.037224 2.476822 11.123846 0.436253
-32.074376 2.476822 11.012201 0.761202
-28.111528 2.476822 11.517595 0.557658
-24.148680 2.476822 11.207462 0.075339
-20.185832 2.476822 11.110751 0.330685
-16.222984 2.476822 11.273961 0.521549
-12.260136 2.476822 11.251919 0.507818
-8.297289 2.476822 10.810539 0.342391
-4.334441 2.476822 11.501182 0.528431
-0.371593 2.476822 11.042729 0.542428
3.591255 2.476822 10.981630 0.355325
7.554103 2.476822 11.081776 0.127825
11.516951 2.476822 10.752729 0.381135
15.479799 2.476822 10.962345 0.383626
19.442647 2.476822 10.960483 0.266808
23.405495 2.476822 10.988350 0.335464
27.368343 2.476822 10.891795 0.471941
31.331191 2.476822 11.051720 -0.361970
35.294039 2.476822 10.970092 -0.026322
39.256887 2.476822 10.850187 0.204767
43.219735 2.476822 10.822916 0.644784
47.182583 2.476822 10.954508 0.142015
51.145431 2.476822 10.861735 0.162210
55.108279 2.476822 10.935431 -0.222469
59.071127 2.476822 10.672772 0.055032
63.033975 2.476822 11.021348 0.210119
66.996822 2.476822 11.010775 -0.399362
-131.145575 -1.486026 7.245862 12.048450
-127.182727 -1.486026 -8.093746 2.132874
-123.219879 -1.486026 15.830430 -3.244000
-119.257031 -1.486026 11.605697 0.436529
-115.294183 -1.486026 10.773959 -0.170440
-111.331335 -1.486026 11.527978 -0.615768
-107.368487 -1.486026 10.516473 -0.482126
-103.405639 -1.486026 11.532821 -0.392132
-99.442791 -1.486026 11.098782 -0.433092
-95.479943 -1.486026 11.157664 0.132497
-91.517095 -1.486026 11.575383 -0.254532
-87.554247 -1.486026 11.190299 0.103487
-83.591400 -1.486026 11.754245 -0.398486
-79.628552 -1.486026 11.383646 -0.204553
-75.665704 -1.486026 11.705242 0.284423
-71.702856 -1.486026 11.769125 0.230914
-67.740008 -1.486026 11.581970 0.220313
-63.777160 -1.486026 11.597810 0.245174
-59.814312 -1.486026 11.839231 0.269494
-55.851464 -1.486026 11.098389 0.272180
-51.888616 -1.486026 10.700066 0.528146
-47.925768 -1.486026 11.219931 0.705341
-43.962920 -1.486026 11.287962 0.550066
-40.000072 -1.486026 11.467626 0.363217
-36.037224 -1.486026 11.201805 0.630802
-32.074376 -1.486026 11.048984 0.502675
-28.111528 -1.486026 11.978062 0.808597
-24.148680 -1.486026 11.773835 0.735550
-20.185832 -1.486026 11.355807 0.413988
-16.222984 -1.486026 10.917231 0.574255
-12.260136 -1.486026 11.202357 0.550194
-8.297289 -1.486026 11.079341 0.312856
-4.334441 -1.486026 11.119433 0.540446
-0.371593 -1.486026 10.704457 0.257461
3.591255 -1.486026 11.102325 0.158669
7.554103 -1.486026 10.800862 0.239269
11.516951 -1.486026 10.844721 0.329264
15.479799 -1.486026 10.825656 0.201444
19.442647 -1.486026 11.247910 0.088914
23.405495 -1.486026 10.895035 0.205519
27.368343 -1.486026 10.881807 0.369226
31.331191 -1.486026 11.142976 0.480008
35.294039 -1.486026 10.879262 0.267128
39.256887 -1.486026 10.896119 0.468881
43.219735 -1.486026 11.025084 -0.027962
47.182583 -1.486026 10.753891 0.202489
51.145431 -1.486026 11.164928 0.251624
55.108279 -1.486026 10.553367 0.373913
59.071127 -1.486026 11.030100 0.243387
63.033975 -1.486026 11.025928 -0.114696
66.996822 -1.486026 11.022857 0.074972
-131.145575 -5.448874 -7.732571 5.148234
-127.182727 -5.448874 10.611082 1.161485
-123.219879 -5.448874 10.072905 0.399447
-119.257031 -5.448874 -10.805658 -1.446337
-115.294183 -5.448874 -0.264471 3.965296
-111.331335 -5.448874 11.844086 -0.857368
-107.368487 -5.448874 11.360112 -0.409518
-103.405639 -5.448874 10.951181 -0.237545
-99.442791 -5.448874 11.347358 -0.714842
-95.479943 -5.448874 11.815267 -0.182370
-91.517095 -5.448874 11.222528 -0.127458
-87.554247 -5.448874 11.210049 0.346324
-83.591400 -5.448874 10.847837 0.234930
-79.628552 -5.448874 11.622202 -0.128531
-75.665704 -5.448874 10.906760 0.039805
-71.702856 -5.448874 11.875205 0.000492
-67.740008 -5.448874 11.483806 0.324306
-63.777160 -5.448874 11.800608 0.384140
-59.814312 -5.448874 11.275940 0.104690
-55.851464 -5.448874 11.502919 0.351253
-51.888616 -5.448874 11.687563 0.170233
-47.925768 -5.448874 11.471352 0.353038
-43.962920 -5.448874 11.407739 0.362719
-40.000072 -5.448874 11.423921 0.517248
-36.037224 -5.448874 11.393624 0.315921
-32.074376 -5.448874 11.588283 0.481960
-28.111528 -5.448874 11.343809 0.537471
-24.148680 -5.448874 10.623194 0.786160
-20.185832 -5.448874 10.980562 0.436099
-16.222984 -5.448874 11.074698 0.480536
-12.260136 -5.448874 11.465618 0.434510
-8.297289 -5.448874 11.092458 0.376865
-4.334441 -5.448874 11.163981 0.319699
-0.371593 -5.448874 11.133834 0.216303
3.591255 -5.448874 11.071231 0.293768
7.554103 -5.448874 11.579864 0.628526
11.516951 -5.448874 11.037574 0.223292
15.479799 -5.448874 11.013563 0.413626
19.442647 -5.448874 10.948537 0.401606
23.405495 -5.448874 10.673592 0.459520
27.368343 -5.448874 10.894135 0.368941
31.331191 -5.448874 10.642020 0.215602
35.294039 -5.448874 10.940788 0.316616
39.256887 -5.448874 10.951427 -0.076303
43.219735 -5.448874 11.076849 0.230107
47.182583 -5.448874 10.851788 0.275327
51.145431 -5.448874 10.770991 0.030289
55.108279 -5.448874 11.284599 -0.346407
59.071127 -5.448874 10.851077 0.288372
63.033975 -5.448874 11.286581 -0.256384
66.996822 -5.448874 11.442930 -0.385031
-131.145575 -9.411722 -6.421435 -8.675626
-127.182727 -9.411722 9.742277 -17.968319
-123.219879 -9.411722 15.413386 4.174503
-119.257031 -9.411722 10.337778 0.628382
-115.294183 -9.411722 12.367932 0.179348
-111.331335 -9.411722 10.140636 0.027333
-107.368487 -9.411722 10.424541 0.177723
-103.405639 -9.411722 12.003677 0.320916
-99.442791 -9.411722 10.512840 -0.732273
-95.479943 -9.411722 10.843509 -0.223821
-91.517095 -9.411722 11.250731 -0.208322
-87.554247 -9.411722 11.641942 0.165816
-83.591400 -9.411722 11.454196 -0.134255
-79.628552 -9.411722 11.344130 -0.434684
-75.665704 -9.411722 11.462943 0.255667
-71.702856 -9.411722 11.802490 0.267810
-67.740008 -9.411722 11.480663 0.189226
-63.777160 -9.411722 11.639056 0.138827
-59.814312 -9.411722 11.601373 -0.145125
-55.851464 -9.411722 11.248776 0.189430
-51.888616 -9.411722 10.970988 0.500280
-47.925768 -9.411722 11.000075 0.175538
-43.962920 -9.411722 11.552695 0.269373
-40.000072 -9.411722 11.183477 0.388167
-36.037224 -9.411722 11.506845 0.440497
-32.074376 -9.411722 11.047653 0.159598
-28.111528 -9.411722 11.131552 0.378676
-24.148680 -9.411722 11.103728 0.453992
-20.185832 -9.411722 11.376119 0.514273
-16.222984 -9.411722 10.987236 0.756402
-12.260136 -9.411722 10.959024 0.609338
-8.297289 -9.411722 11.071517 0.428236
-4.334441 -9.411722 11.295313 0.355121
-0.371593 -9.411722 10.958827 0.298538
3.591255 -9.411722 10.985522 0.478294
7.554103 -9.411722 10.775653 0.584547
11.516951 -9.411722 11.004486 -0.068838
15.479799 -9.411722 10.929087 -0.049444
19.442647 -9.411722 10.668638 0.271065
23.405495 -9.411722 10.961316 0.674209
27.368343 -9.411722 10.824783 0.371707
31.331191 -9.411722 10.729909 0.136673
35.294039 -9.411722 10.686836 0.407676
39.256887 -9.411722 10.973905 -0.040621
43.219735 -9.411722 10.793932 0.268568
47.182583 -9.411722 10.932159 0.301921
51.145431 -9.411722 11.066634 0.393865
55.108279 -9.411722 11.074602 0.251400
59.071127 -9.411722 10.608703 0.222725
63.033975 -9.411722 11.407136 0.343695
66.996822 -9.411722 10.656722 0.313283
-131.145575 -13.374570 -1.018845 11.553600
-127.182727 -13.374570 14.036187 -14.427984
-123.219879 -13.374570 18.072920 -16.440775
-119.257031 -13.374570 -7.345190 15.573797
-115.294183 -13.374570 10.936616 0.903604
-111.331335 -13.374570 11.179754 0.591467
-107.368487 -13.374570 10.788883 -0.227339
-103.405639 -13.374570 11.811594 0.182070
-99.442791 -13.374570 10.919195 0.414125
-95.479943 -13.374570 10.801563 -0.156191
-91.517095 -13.374570 11.551936 -0.153931
-87.554247 -13.374570 11.379582 -0.125243
-83.591400 -13.374570 11.140575 0.261035
-79.628552 -13.374570 11.592679 -0.079968
-75.665704 -13.374570 11.312228 0.531866
-71.702856 -13.374570 11.026248 0.719505
-67.740008 -13.374570 11.188298 -0.168922
-63.777160 -13.374570 11.766982 0.751185
-59.814312 -13.374570 11.119088 0.110420
-55.851464 -13.374570 10.922514 0.231436
-51.888616 -13.374570 11.161706 0.458881
-47.925768 -13.374570 11.547931 0.483201
-43.962920 -13.374570 11.210475 0.418365
-40.000072 -13.374570 11.217638 0.269126
-36.037224 -13.374570 11.510673 0.523396
-32.074376 -13.374570 11.913185 0.381602
-28.111528 -13.374570 11.137686 0.398254
-24.148680 -13.374570 11.248384 0.507125
-20.185832 -13.374570 10.979764 0.196118
-16.222984 -13.374570 11.147469 0.618399
-12.260136 -13.374570 11.371086 0.478917
-8.297289 -13.374570 11.193760 0.641021
-4.334441 -13.374570 11.062956 0.404652
-0.371593 -13.374570 11.113318 0.588153
3.591255 -13.374570 11.011271 0.091704
7.554103 -13.374570 10.762867 0.395742
11.516951 -13.374570 10.989581 0.576580
15.479799 -13.374570 11.007506 0.116289
19.442647 -13.374570 10.782701 0.197532
23.405495 -13.374570 10.908177 0.334879
27.368343 -13.374570 10.840406 0.151652
31.331191 -13.374570 11.064029 0.686322
35.294039 -13.374570 10.083858 0.176081
39.256887 -13.374570 11.779586 0.377679
43.219735 -13.374570 10.734862 0.530365
47.182583 -13.374570 10.772443 0.310297
51.145431 -13.374570 10.779958 0.275002
55.108279 -13.374570 10.532009 0.449215
59.071127 -13.374570 10.902015 0.392208
63.033975 -13.374570 10.871043 0.009698
66.996822 -13.374570 10.692158 0.504914
-131.145575 -17.337417 -13.109318 6.987926
-127.182727 -17.337417 6.862431 -3.912205
-123.219879 -17.337417 15.354030 -2.592934
-119.257031 -17.337417 10.739531 -0.576385
-115.294183 -17.337417 9.480364 -0.485640
-111.331335 -17.337417 11.614470 -0.185259
-107.368487 -17.337417 10.943285 0.118022
-103.405639 -17.337417 11.726146 0.336542
-99.442791 -17.337417 11.285050 -1.760644
-95.479943 -17.337417 11.112313 -0.015078
-91.517095 -17.337417 11.126570 -0.016873
-87.554247 -17.337417 10.714508 -0.130859
-83.591400 -17.337417 11.273496 0.604333
-79.628552 -17.337417 11.491535 0.212698
-75.665704 -17.337417 11.095885 -0.382623
-71.702856 -17.337417 11.582033 0.604968
-67.740008 -17.337417 11.748327 0.322773
-63.777160 -17.337417 11.718224 -0.219573
-59.814312 -17.337417 11.315535 0.100350
-55.851464 -17.337417 11.528959 0.256077
-51.888616 -17.337417 11.926640 0.453114
-47.925768 -17.337417 11.494374 0.393960
-43.962920 -17.337417 11.658290 0.490334
-40.000072 -17.337417 11.088548 0.120554
-36.037224 -17.337417 11.426852 0.295873
-32.074376 -17.337417 11.433851 0.483797
-28.111528 -17.337417 11.166428 0.534077
-24.148680 -17.337417 11.373692 0.017374
-20.185832 -17.337417 11.248176 0.232082
-16.222984 -17.337417 10.971690 0.407286
-12.260136 -17.337417 10.748158 0.558386
-8.297289 -17.337417 10.801086 0.341419
-4.334441 -17.337417 11.034222 0.152671
-0.371593 -17.337417 11.059034 0.619283
3.591255 -17.337417 11.072732 0.235926
7.554103 -17.337417 10.997162 0.342159
11.516951 -17.337417 10.967426 0.410523
15.479799 -17.337417 10.958332 0.317931
19.442647 -17.337417 10.947012 0.468900
23.405495 -17.337417 10.825541 0.013139
27.368343 -17.337417 10.774144 0.355107
31.331191 -17.337417 10.955592 0.131530
35.294039 -17.337417 10.975804 0.714581
39.256887 -17.337417 11.118177 0.370390
43.219735 -17.337417 10.472506 0.547511
47.182583 -17.337417 10.834307 0.006656
51.145431 -17.337417 11.024795 -0.289205
55.108279 -17.337417 11.296460 0.391007
59.071127 -17.337417 11.195332 -0.356080
63.033975 -17.337417 10.546960 0.094722
66.996822 -17.337417 10.479121 1.008360
-131.145575 -21.300265 -1.614585 3.584678
-127.182727 -21.300265 17.940512 -6.031559
-123.219879 -21.300265 0.141844 11.492463
-119.257031 -21.300265 -6.554142 1.903322
-115.294183 -21.300265 -4.002865 -13.665604
-111.331335 -21.300265 11.091156 -0.789531
-107.368487 -21.300265 10.039279 0.797150
-103.405639 -21.300265 10.328236 1.693061
-99.442791 -21.300265 10.757540 -0.551815
-95.479943 -21.300265 10.724783 0.024781
-91.517095 -21.300265 10.281149 -0.813580
-87.554247 -21.300265 11.470940 -0.162643
-83.591400 -21.300265 10.952300 -0.351572
-79.628552 -21.300265 11.205592 0.670764
-75.665704 -21.300265 11.295959 -0.272905
-71.702856 -21.300265 10.947552 0.166975
-67.740008 -21.300265 10.751047 0.402508
-63.777160 -21.300265 11.226876 0.349549
-59.814312 -21.300265 11.398592 0.056894
-55.851464 -21.300265 10.702153 0.380824
-51.888616 -21.300265 11.568680 -0.021420
-47.925768 -21.300265 10.847553 0.243973
-43.962920 -21.300265 10.786639 0.554240
-40.000072 -21.300265 11.456102 0.186262
-36.037224 -21.300265 11.043908 0.467731
-32.074376 -21.300265 11.012433 0.504898
-28.111528 -21.300265 11.183504 0.575640
-24.148680 -21.300265 10.961591 0.505060
-20.185832 -21.300265 11.146136 0.500768
-16.222984 -21.300265 10.894986 0.159142
-12.260136 -21.300265 11.157276 0.227633
-8.297289 -21.300265 11.166549 0.485965
-4.334441 -21.300265 10.654693 0.302647
-0.371593 -21.300265 10.865635 0.371636
3.591255 -21.300265 10.912538 0.607015
7.554103 -21.300265 10.528750 0.015977
11.516951 -21.300265 11.251663 0.385050
15.479799 -21.300265 11.171947 0.151539
19.442647 -21.300265 10.803807 0.555231
23.405495 -21.300265 10.911788 0.582526
27.368343 -21.300265 10.830956 -0.133307
31.331191 -21.300265 10.940015 -0.179465
35.294039 -21.300265 10.663304 0.177189
39.256887 -21.300265 10.491257 0.642023
43.219735 -21.300265 10.821038 0.130546
47.182583 -21.300265 11.739730 0.324121
51.145431 -21.300265 11.295954 -0.498886
55.108279 -21.300265 9.614318 -0.311384
59.071127 -21.300265 11.500617 0.419878
63.033975 -21.300265 10.838510 0.722666
66.996822 -21.300265 10.569137 0.918282
-131.145575 -25.263113 2.688495 -7.961112
-127.182727 -25.263113 -12.366335 8.972746
-123.219879 -25.263113 -16.109694 -12.721963
-119.257031 -25.263113 10.292091 -9.071040
-115.294183 -25.263113 -1.907834 -2.981052
-111.331335 -25.263113 10.890007 0.168232
-107.368487 -25.263113 10.716508 -0.285528
-103.405639 -25.263113 11.433063 0.038512
-99.442791 -25.263113 11.051252 0.140064
-95.479943 -25.263113 10.832776 -0.334793
-91.517095 -25.263113 10.737154 0.182924
-87.554247 -25.263113 10.673363 -0.267866
-83.591400 -25.263113 10.993332 0.124596
-79.628552 -25.263113 10.998319 0.655529
-75.665704 -25.263113 11.079546 -0.527846
-71.702856 -25.263113 11.412555 -0.291897
-67.740008 -25.263113 -2.241008 7.682503
-63.777160 -25.263113 11.020534 0.746712
-59.814312 -25.263113 11.449233 -0.017941
-55.851464 -25.263113 11.200077 0.238516
-51.888616 -25.263113 11.101535 0.129411
-47.925768 -25.263113 10.880805 0.376035
-43.962920 -25.263113 11.156238 -0.238897
-40.000072 -25.263113 11.449462 0.270816
-36.037224 -25.263113 11.039169 0.087096
-32.074376 -25.263113 11.269027 0.224325
-28.111528 -25.263113 10.776423 0.135151
-24.148680 -25.263113 10.844434 0.228161
-20.185832 -25.263113 11.312765 -0.222178
-16.222984 -25.263113 11.096996 0.250620
-12.260136 -25.263113 10.860084 0.435416
-8.297289 -25.263113 11.112231 0.533786
-4.334441 -25.263113 11.160544 0.512081
-0.371593 -25.263113 11.043334 0.152037
3.591255 -25.263113 10.607727 0.057859
7.554103 -25.263113 11.157382 0.580275
11.516951 -25.263113 11.133340 -0.134368
15.479799 -25.263113 10.672073 0.378985
19.442647 -25.263113 10.838512 0.499778
23.405495 -25.263113 10.986363 0.509450
27.368343 -25.263113 10.703989 0.470204
31.331191 -25.263113 10.768750 0.678738
35.294039 -25.263113 10.782561 0.667171
39.256887 -25.263113 11.028943 0.113943
43.219735 -25.263113 10.971856 -0.180956
47.182583 -25.263113 10.687530 0.170256
51.145431 -25.263113 10.972350 -0.024046
55.108279 -25.263113 10.550703 -0.664779
59.071127 -25.263113 10.850402 0.847522
63.033975 -25.263113 11.676952 0.578854
66.996822 -25.263113 11.073335 -0.118883
-131.145575 -29.225961 12.499126 -10.603779
-127.182727 -29.225961 -2.698284 -1.236470
-123.219879 -29.225961 2.243598 12.848226
-119.257031 -29.225961 13.453917 -2.753408
-115.294183 -29.225961 9.544095 -0.453236
-111.331335 -29.225961 10.099395 -0.498709
-107.368487 -29.225961 11.293531 -0.147505
-103.405639 -29.225961 11.446708 0.648529
-99.442791 -29.225961 10.866623 0.159659
-95.479943 -29.225961 11.175654 -0.989249
-91.517095 -29.225961 10.193090 -0.827950
-87.554247 -29.225961 11.136739 -0.037272
-83.591400 -29.225961 11.010661 -0.402317
-79.628552 -29.225961 11.174253 0.427367
-75.665704 -29.225961 11.006330 -0.125988
-71.702856 -29.225961 11.451144 0.530998
-67.740008 -29.225961 10.012706 0.346878
-63.777160 -29.225961 10.963828 -0.202154
-59.814312 -29.225961 11.216915 0.164921
-55.851464 -29.225961 11.275440 0.071759
-51.888616 -29.225961 11.135950 0.343125
-47.925768 -29.225961 11.374752 0.258850
-43.962920 -29.225961 11.425598 0.447269
-40.000072 -29.225961 11.463032 0.372106
-36.037224 -29.225961 11.106678 0.399083
-32.074376 -29.225961 11.246566 0.400044
-28.111528 -29.225961 11.029633 0.153761
-24.148680 -29.225961 11.308191 -0.102753
-20.185832 -29.225961 11.370278 -0.053292
-16.222984 -29.225961 10.947489 0.807505
-12.260136 -29.225961 10.825246 0.741986
-8.297289 -29.225961 10.783923 0.514851
-4.334441 -29.225961 11.201442 0.197653
-0.371593 -29.225961 11.053202 0.055552
3.591255 -29.225961 10.983401 0.517575
7.554103 -29.225961 11.525380 0.770738
11.516951 -29.225961 10.803101 0.116841
15.479799 -29.225961 11.266522 -0.017563
19.442647 -29.225961 10.830646 0.268216
23.405495 -29.225961 9.900466 0.836142
27.368343 -29.225961 10.734645 0.687696
31.331191 -29.225961 11.034222 -0.045609
35.294039 -29.225961 10.718596 -0.184950
39.256887 -29.225961 10.375300 0.361077
43.219735 -29.225961 10.786815 -0.045355
47.182583 -29.225961 10.138280 1.654290
51.145431 -29.225961 11.434546 0.371561
55.108279 -29.225961 11.140301 0.653403
59.071127 -29.225961 10.672353 0.131541
63.033975 -29.225961 11.245481 -0.406792
66.996822 -29.225961 9.696801 0.249196
-131.145575 -33.188809 -10.173595 16.949905
-127.182727 -33.188809 0.576503 -11.841811
-123.219879 -33.188809 -3.223723 -0.633257
-119.257031 -33.188809 9.343987 -0.517950
-115.294183 -33.188809 -0.630087 -10.531361
-111.331335 -33.188809 -15.771719 7.852118
-107.368487 -33.188809 11.208824 0.181185
-103.405639 -33.188809 -5.993532 -7.817700
-99.442791 -33.188809 11.491557 0.018138
-95.479943 -33.188809 11.113029 -0.361341
-91.517095 -33.188809 10.657802 0.246169
-87.554247 -33.188809 11.267591 0.515665
-83.591400 -33.188809 10.994173 -0.704323
-79.628552 -33.188809 11.410626 0.141892
-75.665704 -33.188809 11.009686 0.143171
-71.702856 -33.188809 10.782578 0.259996
-67.740008 -33.188809 10.644830 0.426556
-63.777160 -33.188809 11.170005 0.254653
-59.814312 -33.188809 11.022978 0.301329
-55.851464 -33.188809 11.169404 -0.258985
-51.888616 -33.188809 10.791503 0.340311
-47.925768 -33.188809 11.233900 -0.046185
-43.962920 -33.188809 11.109301 -0.322924
-40.000072 -33.188809 11.050534 0.140907
-36.037224 -33.188809 11.200918 0.189016
-32.074376 -33.188809 11.063226 0.162651
-28.111528 -33.188809 11.529813 0.091616
-24.148680 -33.188809 11.084938 0.328489
-20.185832 -33.188809 10.452399 0.221277
-16.222984 -33.188809 11.000929 0.965191
-12.260136 -33.188809 11.031339 0.639316
-8.297289 -33.188809 10.894981 0.346225
-4.334441 -33.188809 11.953783 0.245117
-0.371593 -33.188809 11.377131 0.565864
3.591255 -33.188809 10.819833 -0.118210
7.554103 -33.188809 11.174695 0.117088
11.516951 -33.188809 11.335914 0.390249
15.479799 -33.188809 10.776494 -0.078878
19.442647 -33.188809 11.051600 0.198198
23.405495 -33.188809 10.791325 0.391638
27.368343 -33.188809 11.142060 -0.072292
31.331191 -33.188809 10.812154 -0.127821
35.294039 -33.188809 10.275528 0.132388
39.256887 -33.188809 11.003052 0.232119
43.219735 -33.188809 10.665898 0.580669
47.182583 -33.188809 10.608794 0.276859
51.145431 -33.188809 10.562460 -0.342343
55.108279 -33.188809 9.543288 -0.178839
59.071127 -33.188809 11.697903 1.313892
63.033975 -33.188809 10.734766 1.374946
66.996822 -33.188809 10.331518 3.142240
-131.145575 -37.151657 -11.963252 -0.564048
-127.182727 -37.151657 -12.399265 -8.184583
-123.219879 -37.151657 -7.387881 2.823515
-119.257031 -37.151657 14.192561 0.644691
-115.294183 -37.151657 12.103288 -0.407734
-111.331335 -37.151657 12.190290 0.836887
-107.368487 -37.151657 11.908309 -0.702395
-103.405639 -37.151657 11.195109 12.260962
-99.442791 -37.151657 11.291536 1.196960
-95.479943 -37.151657 10.799232 -0.416066
-91.517095 -37.151657 11.363262 0.740276
-87.554247 -37.151657 11.350633 -0.355459
-83.591400 -37.151657 10.962430 -0.295450
-79.628552 -37.151657 10.741732 0.193729
-75.665704 -37.151657 11.071648 -1.203746
-71.702856 -37.151657 11.246236 0.292712
-67.740008 -37.151657 10.870303 0.350403
-63.777160 -37.151657 10.966819 -0.217816
-59.814312 -37.151657 11.593754 0.683095
-55.851464 -37.151657 11.499419 -0.463436
-51.888616 -37.151657 10.683134 0.199290
-47.925768 -37.151657 11.382339 -0.352778
-43.962920 -37.151657 11.126425 0.369848
-40.000072 -37.151657 11.031806 -0.014699
-36.037224 -37.151657 11.559114 0.026391
-32.074376 -37.151657 11.058764 0.343068
-28.111528 -37.151657 11.219865 -0.412315
-24.148680 -37.151657 11.200860 -0.070340
-20.185832 -37.151657 10.945192 0.009351
-16.222984 -37.151657 11.226901 0.544272
-12.260136 -37.151657 11.199954 0.588060
-8.297289 -37.151657 10.580663 0.058652
-4.334441 -37.151657 10.609881 0.113132
-0.371593 -37.151657 11.391132 0.602308
3.591255 -37.151657 10.888966 -0.238228
7.554103 -37.151657 12.167661 -0.121908
11.516951 -37.151657 11.074668 0.041538
15.479799 -37.151657 11.519053 -0.192998
19.442647 -37.151657 11.445097 0.540087
23.405495 -37.151657 10.314748 0.627918
27.368343 -37.151657 11.286103 0.021843
31.331191 -37.151657 9.692564 0.813195
35.294039 -37.151657 10.599687 0.307147
39.256887 -37.151657 11.011936 0.965618
43.219735 -37.151657 10.428439 -0.228622
47.182583 -37.151657 10.742821 0.826383
51.145431 -37.151657 10.151690 0.485037
55.108279 -37.151657 11.576398 0.000317
59.071127 -37.151657 10.496253 0.117027
63.033975 -37.151657 10.160798 0.408992
66.996822 -37.151657 10.490587 1.156773
-131.145575 -41.114505 -2.285287 -15.445718
-127.182727 -41.114505 0.404573 16.369585
-123.219879 -41.114505 -6.609632 -8.426898
-119.257031 -41.114505 -6.721197 15.456332
-115.294183 -41.114505 -15.023698 10.682131
-111.331335 -41.114505 10.887057 0.328204
-107.368487 -41.114505 12.600706 0.053423
-103.405639 -41.114505 11.756030 -0.715492
-99.442791 -41.114505 10.746870 -0.574185
-95.479943 -41.114505 11.680105 -0.333913
-91.517095 -41.114505 10.909342 0.403342
-87.554247 -41.114505 11.322110 -0.466028
-83.591400 -41.114505 11.189436 -0.083165
-79.628552 -41.114505 11.830905 -0.408639
-75.665704 -41.114505 10.722546 0.967663
-71.702856 -41.114505 11.317897 -0.032934
-67.740008 -41.114505 11.195127 -0.007356
-63.777160 -41.114505 11.690055 0.179612
-59.814312 -41.114505 11.567215 0.342520
-55.851464 -41.114505 10.957229 -0.327242
-51.888616 -41.114505 11.316169 0.445534
-47.925768 -41.114505 11.237778 0.629586
-43.962920 -41.114505 10.581892 0.525726
-40.000072 -41.114505 10.548738 0.460782
-36.037224 -41.114505 10.802318 0.473020
-32.074376 -41.114505 11.271360 0.390945
-28.111528 -41.114505 11.165948 0.613205
-24.148680 -41.114505 10.879011 0.382957
-20.185832 -41.114505 11.106282 0.187105
-16.222984 -41.114505 11.248485 0.323695
-12.260136 -41.114505 11.322631 0.367263
-8.297289 -41.114505 11.131142 -0.288380
-4.334441 -41.114505 11.668804 -0.236205
-0.371593 -41.114505 10.602731 0.099716
3.591255 -41.114505 -12.502706 -8.968552
7.554103 -41.114505 11.012305 0.184263
11.516951 -41.114505 10.578633 0.640620
15.479799 -41.114505 10.512947 0.017616
19.442647 -41.114505 10.063234 -0.017553
23.405495 -41.114505 11.067699 0.120772
27.368343 -41.114505 10.852556 0.314374
31.331191 -41.114505 11.369221 -0.102051
35.294039 -41.114505 10.744192 0.109573
39.256887 -41.114505 10.421903 -0.287273
43.219735 -41.114505 11.534775 0.470288
47.182583 -41.114505 10.388899 0.234232
51.145431 -41.114505 11.498330 -0.770569
55.108279 -41.114505 11.453610 -1.703659
59.071127 -41.114505 10.168314 0.011522
63.033975 -41.114505 11.824525 -0.587608
66.996822 -41.114505 9.899191 0.492108
-131.145575 -45.077353 -15.823008 -11.183924
-127.182727 -45.077353 -12.456943 -4.082175
-123.219879 -45.077353 -0.606790 10.900173
-119.257031 -45.077353 2.153292 -0.277246
-115.294183 -45.077353 -12.992233 -5.979018
-111.331335 -45.077353 17.993280 3.738956
-107.368487 -45.077353 12.698154 -0.614652
-103.405639 -45.077353 11.187715 0.487379
-99.442791 -45.077353 12.896330 -0.746606
-95.479943 -45.077353 11.627203 -0.104245
-91.517095 -45.077353 11.452641 0.342519
-87.554247 -45.077353 10.974900 0.104900
-83.591400 -45.077353 11.145297 0.054459
-79.628552 -45.077353 11.670835 0.153468
-75.665704 -45.077353 10.267129 0.185833
-71.702856 -45.077353 10.385059 0.803401
-67.740008 -45.077353 11.078032 -0.211248
-63.777160 -45.077353 10.897129 -0.077692
-59.814312 -45.077353 11.605680 0.455243
-55.851464 -45.077353 10.939123 -0.839682
-51.888616 -45.077353 10.650908 0.227445
-47.925768 -45.077353 10.992288 -0.559218
-43.962920 -45.077353 11.608485 0.355756
-40.000072 -45.077353 10.937954 0.315625
-36.037224 -45.077353 10.274063 0.150347
-32.074376 -45.077353 11.564523 0.301361
-28.111528 -45.077353 11.245289 0.302666
-24.148680 -45.077353 10.500389 1.265475
-20.185832 -45.077353 11.044195 0.081518
-16.222984 -45.077353 11.027976 0.684996
-12.260136 -45.077353 11.690156 0.478836
-8.297289 -45.077353 10.677168 0.254779
-4.334441 -45.077353 11.436110 -0.228271
-0.371593 -45.077353 11.246679 0.427771
3.591255 -45.077353 9.204266 1.699196
7.554103 -45.077353 10.592497 0.497792
11.516951 -45.077353 11.001098 -0.079046
15.479799 -45.077353 10.501224 0.282111
19.442647 -45.077353 10.486156 0.130208
23.405495 -45.077353 10.921029 0.235778
27.368343 -45.077353 11.841493 0.203001
31.331191 -45.077353 10.498835 0.233476
35.294039 -45.077353 10.441895 0.795905
39.256887 -45.077353 10.815181 0.256064
43.219735 -45.077353 10.216080 1.695852
47.182583 -45.077353 -11.247879 0.069038
51.145431 -45.077353 9.923301 1.301080
55.108279 -45.077353 10.783687 -0.017979
59.071127 -45.077353 10.231870 -3.174477
63.033975 -45.077353 10.508842 -2.772036
66.996822 -45.077353 10.335372 -0.391795
-131.145575 -49.040201 0.332743 -9.133410
-127.182727 -49.040201 2.495907 14.857256
-123.219879 -49.040201 17.867535 12.515051
-119.257031 -49.040201 16.723438 13.892875
-115.294183 -49.040201 12.199085 0.327535
-111.331335 -49.040201 10.914794 0.263419
-107.368487 -49.040201 12.164089 1.802090
-103.405639 -49.040201 9.082238 0.311278
-99.442791 -49.040201 9.579905 0.690488
-95.479943 -49.040201 10.385154 -0.327794
-91.517095 -49.040201 11.723239 -0.704504
-87.554247 -49.040201 11.867875 -0.113134
-83.591400 -49.040201 17.108335 -2.824151
-79.628552 -49.040201 10.897505 -0.020694
-75.665704 -49.040201 10.453089 0.544065
-71.702856 -49.040201 10.036654 0.490759
-67.740008 -49.040201 11.834175 0.427628
-63.777160 -49.040201 11.042843 0.411130
-59.814312 -49.040201 11.054682 -0.379209
-55.851464 -49.040201 11.221338 0.414830
-51.888616 -49.040201 11.292245 0.548996
-47.925768 -49.040201 11.805582 0.306746
-43.962920 -49.040201 11.733716 0.251959
-40.000072 -49.040201 11.654740 0.502262
-36.037224 -49.040201 10.767282 -0.051119
-32.074376 -49.040201 11.375443 0.823125
-28.111528 -49.040201 10.888847 -0.268171
-24.148680 -49.040201 11.519465 0.180610
-20.185832 -49.040201 11.063641 0.321380
-16.222984 -49.040201 10.392227 0.088704
-12.260136 -49.040201 10.366069 1.318000
-8.297289 -49.040201 10.819301 0.605722
-4.334441 -49.040201 11.208985 0.427955
-0.371593 -49.040201 10.602448 0.226218
3.591255 -49.040201 11.081511 0.322771
7.554103 -49.040201 11.945181 0.310750
11.516951 -49.040201 10.618171 0.343295
15.479799 -49.040201 11.253637 0.448281
19.442647 -49.040201 11.201841 0.590785
23.405495 -49.040201 10.620868 -0.072806
27.368343 -49.040201 10.795352 -0.300010
31.331191 -49.040201 10.982502 -0.524161
35.294039 -49.040201 11.191538 0.156861
39.256887 -49.040201 10.491872 0.152728
43.219735 -49.040201 9.974374 -0.163429
47.182583 -49.040201 10.466484 0.754335
51.145431 -49.040201 10.426465 0.587320
55.108279 -49.040201 12.549544 0.571936
59.071127 -49.040201 10.631376 -0.745954
63.033975 -49.040201 9.890128 1.452061
66.996822 -49.040201 11.416685 -0.220310
-131.145575 -53.003049 0.000000 0.000000
-127.182727 -53.003049 0.000000 0.000000
-123.219879 -53.003049 0.000000 0.000000
-119.257031 -53.003049 0.000000 0.000000
-115.294183 -53.003049 0.000000 0.000000
-111.331335 -53.003049 0.000000 0.000000
-107.368487 -53.003049 0.000000 0.000000
-103.405639 -53.003049 0.000000 0.000000
-99.442791 -53.003049 0.000000 0.000000
-95.479943 -53.003049 0.000000 0.000000
-91.517095 -53.003049 0.000000 0.000000
-87.554247 -53.003049 0.000000 0.000000
-83.591400 -53.003049 0.000000 0.000000
-79.628552 -53.003049 0.000000 0.000000
-75.665704 -53.003049 0.000000 0.000000
-71.702856 -53.003049 0.000000 0.000000
-67.740008 -53.003049 0.000000 0.000000
-63.777160 -53.003049 0.000000 0.000000
-59.814312 -53.003049 0.000000 0.000000
-55.851464 -53.003049 0.000000 0.000000
-51.888616 -53.003049 0.000000 0.000000
-47.925768 -53.003049 0.000000 0.000000
-43.962920 -53.003049 0.000000 0.000000
-40.000072 -53.003049 0.000000 0.000000
-36.037224 -53.003049 0.000000 0.000000
-32.074376 -53.003049 0.000000 0.000000
-28.111528 -53.003049 0.000000 0.000000
-24.148680 -53.003049 0.000000 0.000000
-20.185832 -53.003049 0.000000 0.000000
-16.222984 -53.003049 0.000000 0.000000
-12.260136 -53.003049 0.000000 0.000000
-8.297289 -53.003049 0.000000 0.000000
-4.334441 -53.003049 0.000000 0.000000
-0.371593 -53.003049 0.000000 0.000000
3.591255 -53.003049 0.000000 0.000000
7.554103 -53.003049 0.000000 0.000000
11.516951 -53.003049 0.000000 0.000000
15.479799 -53.003049 0.000000 0.000000
19.442647 -53.003049 0.000000 0.000000
23.405495 -53.003049 0.000000 0.000000
27.368343 -53.003049 0.000000 0.000000
31.331191 -53.003049 0.000000 0.000000
35.294039 -53.003049 0.000000 0.000000
39.256887 -53.003049 0.000000 0.000000
43.219735 -53.003049 0.000000 0.000000
47.182583 -53.003049 0.000000 0.000000
51.145431 -53.003049 0.000000 0.000000
55.108279 -53.003049 0.000000 0.000000
59.071127 -53.003049 0.000000 0.000000
63.033975 -53.003049 0.000000 0.000000
66.996822 -53.003049 0.000000 0.000000
