TITLE = "B00003"
VARIABLES = "position", "position(2)", "Vx", "Vy"
ZONE T="Frame 0", I=51, J=39
-131.145575 97.585173 10.821236 -7.436246
-127.182727 97.585173 11.276706 0.436555
-123.219879 97.585173 11.086731 -0.076391
-119.257031 97.585173 11.302110 0.280115
-115.294183 97.585173 11.309216 0.495535
-111.331335 97.585173 0.000000 0.000000
-107.368487 97.585173 0.000000 0.000000
-103.405639 97.585173 0.000000 0.000000
-99.442791 97.585173 0.000000 0.000000
-95.479943 97.585173 0.000000 0.000000
-91.517095 97.585173 0.000000 0.000000
-87.554247 97.585173 11.367785 0.301172
-83.591400 97.585173 11.410590 0.408487
-79.628552 97.585173 11.602951 0.312694
-75.665704 97.585173 11.451942 0.345164
-71.702856 97.585173 11.450508 0.216543
-67.740008 97.585173 11.488019 0.194474
-63.777160 97.585173 11.403912 -0.087395
-59.814312 97.585173 11.299239 0.410222
-55.851464 97.585173 11.550265 -0.224226
-51.888616 97.585173 11.442253 0.244865
-47.925768 97.585173 11.309752 -0.059547
-43.962920 97.585173 11.449395 0.009852
-40.000072 97.585173 11.547181 0.119776
-36.037224 97.585173 11.414365 -0.063844
-32.074376 97.585173 11.465754 -0.018158
-28.111528 97.585173 11.093258 -0.044755
-24.148680 97.585173 11.124102 0.100720
-20.185832 97.585173 11.306253 -0.188035
-16.222984 97.585173 11.314014 0.048616
-12.260136 97.585173 0.000000 0.000000
-8.297289 97.585173 0.000000 0.000000
-4.334441 97.585173 0.000000 0.000000
-0.371593 97.585173 11.115111 -0.032954
3.591255 97.585173 11.199600 -0.093317
7.554103 97.585173 11.168048 0.011560
11.516951 97.585173 11.168173 -0.115606
15.479799 97.585173 11.061390 0.077534
19.442647 97.585173 11.015716 0.129581
23.405495 97.585173 11.005875 -0.086982
27.368343 97.585173 10.965611 -0.149606
31.331191 97.585173 10.974173 0.110155
35.294039 97.585173 11.014840 -0.149858
39.256887 97.585173 10.941504 0.184400
43.219735 97.585173 11.030729 -0.092677
47.182583 97.585173 10.956923 0.149349
51.145431 97.585173 11.004462 0.020451
55.108279 97.585173 10.931673 0.118995
59.071127 97.585173 11.049635 0.238509
63.033975 97.585173 11.016959 0.151380
66.996822 97.585173 11.125131 0.006123
-131.145575 93.622325 11.119596 0.434992
-127.182727 93.622325 11.009866 0.552546
-123.219879 93.622325 11.536498 0.355643
-119.257031 93.622325 11.202854 0.335367
-115.294183 93.622325 11.452784 0.566649
-111.331335 93.622325 0.000000 0.000000
-107.368487 93.622325 0.000000 0.000000
-103.405639 93.622325 0.000000 0.000000
-99.442791 93.622325 0.000000 0.000000
-95.479943 93.622325 0.000000 0.000000
-91.517095 93.622325 0.000000 0.000000
-87.554247 93.622325 11.626526 0.394460
-83.591400 93.622325 11.511160 0.426731
-79.628552 93.622325 11.460920 0.243009
-75.665704 93.622325 11.177761 -0.001645
-71.702856 93.622325 11.475336 0.025608
-67.740008 93.622325 11.696116 0.163137
-63.777160 93.622325 11.386726 0.376717
-59.814312 93.622325 11.583848 0.264882
-55.851464 93.622325 11.486170 0.298578
-51.888616 93.622325 11.605000 0.084109
-47.925768 93.622325 11.320122 -0.140842
-43.962920 93.622325 11.377973 -0.054544
-40.000072 93.622325 11.132243 -0.144284
-36.037224 93.622325 11.315446 -0.052008
-32.074376 93.622325 11.236744 -0.007869
-28.111528 93.622325 11.318252 0.061219
-24.148680 93.622325 11.381561 -0.062435
-20.185832 93.622325 11.525595 -0.118732
-16.222984 93.622325 11.215351 -0.011164
-12.260136 93.622325 0.000000 0.000000
-8.297289 93.622325 0.000000 0.000000
-4.334441 93.622325 0.000000 0.000000
-0.371593 93.622325 11.036598 -0.098528
3.591255 93.622325 11.142699 0.033890
7.554103 93.622325 11.213266 -0.134766
11.516951 93.622325 10.921046 -0.202479
15.479799 93.622325 10.973049 0.058535
19.442647 93.622325 11.101112 0.011808
23.405495 93.622325 11.086635 -0.057922
27.368343 93.622325 11.148204 0.216473
31.331191 93.622325 10.992351 0.123061
35.294039 93.622325 10.904649 0.073639
39.256887 93.622325 11.026376 0.048540
43.219735 93.622325 11.052496 0.087117
47.182583 93.622325 10.960215 -0.102511
51.145431 93.622325 10.925037 0.054485
55.108279 93.622325 10.899081 0.115536
59.071127 93.622325 11.157351 -0.078569
63.033975 93.622325 10.929303 0.033372
66.996822 93.622325 10.940598 0.087387
-131.145575 89.659477 11.356008 0.530259
-127.182727 89.659477 11.324509 0.554577
-123.219879 89.659477 11.369500 0.512865
-119.257031 89.659477 11.425420 0.586131
-115.294183 89.659477 11.643482 0.323147
-111.331335 89.659477 0.000000 0.000000
-107.368487 89.659477 0.000000 0.000000
-103.405639 89.659477 0.000000 0.000000
-99.442791 89.659477 0.000000 0.000000
-95.479943 89.659477 0.000000 0.000000
-91.517095 89.659477 0.000000 0.000000
-87.554247 89.659477 11.496315 0.365131
-83.591400 89.659477 11.542269 0.411985
-79.628552 89.659477 11.543266 0.173294
-75.665704 89.659477 11.511533 0.290315
-71.702856 89.659477 11.445245 0.143184
-67.740008 89.659477 11.566393 0.256243
-63.777160 89.659477 11.364689 0.037462
-59.814312 89.659477 11.589681 0.038584
-55.851464 89.659477 11.587820 0.101044
-51.888616 89.659477 11.375071 -0.064044
-47.925768 89.659477 11.447835 -0.031755
-43.962920 89.659477 11.500890 -0.186456
-40.000072 89.659477 11.551968 -0.071784
-36.037224 89.659477 11.260574 0.049327
-32.074376 89.659477 11.466371 -0.150468
-28.111528 89.659477 11.447626 -0.007125
-24.148680 89.659477 11.374699 -0.073763
-20.185832 89.659477 11.277388 -0.145599
-16.222984 89.659477 11.205016 -0.341282
-12.260136 89.659477 0.000000 0.000000
-8.297289 89.659477 0.000000 0.000000
-4.334441 89.659477 0.000000 0.000000
-0.371593 89.659477 11.076005 -0.020587
3.591255 89.659477 11.098445 -0.063218
7.554103 89.659477 11.137596 -0.139825
11.516951 89.659477 10.956149 0.014085
15.479799 89.659477 11.023131 -0.055097
19.442647 89.659477 10.935563 -0.001318
23.405495 89.659477 10.986590 -0.137249
27.368343 89.659477 10.930622 -0.141903
31.331191 89.659477 11.045114 0.052608
35.294039 89.659477 11.057565 -0.169832
39.256887 89.659477 10.973148 -0.141819
43.219735 89.659477 10.807776 -0.028604
47.182583 89.659477 10.941519 0.033625
51.145431 89.659477 10.948732 -0.044263
55.108279 89.659477 10.891672 -0.124358
59.071127 89.659477 10.885577 0.082077
63.033975 89.659477 10.899178 -0.023538
66.996822 89.659477 11.080204 0.029958
-131.145575 85.696629 10.924153 0.202079
-127.182727 85.696629 11.478831 0.478634
-123.219879 85.696629 10.946488 0.660177
-119.257031 85.696629 11.284778 0.462809
-115.294183 85.696629 11.015759 0.599996
-111.331335 85.696629 0.000000 0.000000
-107.368487 85.696629 0.000000 0.000000
-103.405639 85.696629 0.000000 0.000000
-99.442791 85.696629 0.000000 0.000000
-95.479943 85.696629 0.000000 0.000000
-91.517095 85.696629 0.000000 0.000000
-87.554247 85.696629 11.574050 0.518319
-83.591400 85.696629 11.492779 0.325685
-79.628552 85.696629 11.623963 0.471689
-75.665704 85.696629 11.509123 0.226487
-71.702856 85.696629 11.490130 0.198099
-67.740008 85.696629 11.589119 0.181407
-63.777160 85.696629 11.732343 0.182894
-59.814312 85.696629 11.530085 0.216993
-55.851464 85.696629 11.641035 0.121868
-51.888616 85.696629 11.454411 0.053301
-47.925768 85.696629 11.425227 0.044365
-43.962920 85.696629 11.678406 0.005903
-40.000072 85.696629 11.526799 -0.090720
-36.037224 85.696629 11.493462 -0.095707
-32.074376 85.696629 11.256891 -0.180599
-28.111528 85.696629 11.546171 -0.143772
-24.148680 85.696629 11.315624 -0.216882
-20.185832 85.696629 11.147491 -0.177444
-16.222984 85.696629 11.386466 -0.263186
-12.260136 85.696629 0.000000 0.000000
-8.297289 85.696629 0.000000 0.000000
-4.334441 85.696629 0.000000 0.000000
-0.371593 85.696629 11.153566 -0.192838
3.591255 85.696629 11.130850 0.109332
7.554103 85.696629 11.118421 0.062176
11.516951 85.696629 10.963729 -0.108651
15.479799 85.696629 11.147050 0.030193
19.442647 85.696629 10.993365 -0.132117
23.405495 85.696629 10.883955 -0.140102
27.368343 85.696629 10.922432 0.047280
31.331191 85.696629 10.902121 -0.018888
35.294039 85.696629 11.015029 0.045817
39.256887 85.696629 10.885609 0.223849
43.219735 85.696629 11.057331 -0.077762
47.182583 85.696629 11.037378 0.125308
51.145431 85.696629 11.091228 0.033573
55.108279 85.696629 10.925710 -0.159178
59.071127 85.696629 11.018395 -0.079510
63.033975 85.696629 11.083460 -0.025029
66.996822 85.696629 10.980919 0.180492
-131.145575 81.733781 -3.823703 16.075766
-127.182727 81.733781 11.324677 0.851100
-123.219879 81.733781 11.203058 0.902248
-119.257031 81.733781 10.976089 0.274072
-115.294183 81.733781 11.291898 0.579051
-111.331335 81.733781 0.000000 0.000000
-107.368487 81.733781 0.000000 0.000000
-103.405639 81.733781 0.000000 0.000000
-99.442791 81.733781 0.000000 0.000000
-95.479943 81.733781 0.000000 0.000000
-91.517095 81.733781 0.000000 0.000000
-87.554247 81.733781 11.635106 0.516789
-83.591400 81.733781 11.506189 0.422672
-79.628552 81.733781 11.591459 0.410351
-75.665704 81.733781 11.712564 0.300871
-71.702856 81.733781 11.627148 0.151920
-67.740008 81.733781 11.510513 0.132560
-63.777160 81.733781 11.599399 0.055814
-59.814312 81.733781 11.670397 0.173020
-55.851464 81.733781 11.631626 0.087729
-51.888616 81.733781 11.475609 -0.091589
-47.925768 81.733781 11.512639 -0.184017
-43.962920 81.733781 11.396375 0.006371
-40.000072 81.733781 11.470354 -0.114984
-36.037224 81.733781 11.430059 0.078230
-32.074376 81.733781 11.268531 -0.261932
-28.111528 81.733781 11.272635 -0.277869
-24.148680 81.733781 11.446173 -0.132440
-20.185832 81.733781 11.265040 -0.308936
-16.222984 81.733781 11.234527 -0.271179
-12.260136 81.733781 0.000000 0.000000
-8.297289 81.733781 0.000000 0.000000
-4.334441 81.733781 0.000000 0.000000
-0.371593 81.733781 11.080662 -0.176728
3.591255 81.733781 11.095851 -0.137164
7.554103 81.733781 10.864699 -0.317468
11.516951 81.733781 11.158898 -0.079111
15.479799 81.733781 11.081618 -0.195220
19.442647 81.733781 11.124509 0.015744
23.405495 81.733781 10.960094 -0.091719
27.368343 81.733781 11.009290 -0.108996
31.331191 81.733781 11.102799 -0.157501
35.294039 81.733781 10.918747 -0.095858
39.256887 81.733781 11.042117 0.011764
43.219735 81.733781 11.001765 0.000779
47.182583 81.733781 10.978089 0.010669
51.145431 81.733781 11.061706 0.065710
55.108279 81.733781 11.112795 0.097914
59.071127 81.733781 10.951241 0.022701
63.033975 81.733781 10.824798 -0.099022
66.996822 81.733781 10.787430 0.071779
-131.145575 77.770933 5.017052 -4.531509
-127.182727 77.770933 11.184929 0.304635
-123.219879 77.770933 11.005214 0.624355
-119.257031 77.770933 11.336087 0.716617
-115.294183 77.770933 10.979917 0.625555
-111.331335 77.770933 0.000000 0.000000
-107.368487 77.770933 0.000000 0.000000
-103.405639 77.770933 0.000000 0.000000
-99.442791 77.770933 0.000000 0.000000
-95.479943 77.770933 0.000000 0.000000
-91.517095 77.770933 11.712468 0.418829
-87.554247 77.770933 11.569673 0.568123
-83.591400 77.770933 11.580170 0.295385
-79.628552 77.770933 11.705495 0.453134
-75.665704 77.770933 11.562329 0.387363
-71.702856 77.770933 11.549583 0.343909
-67.740008 77.770933 11.586092 0.248732
-63.777160 77.770933 11.700072 -0.060229
-59.814312 77.770933 11.558960 0.052512
-55.851464 77.770933 11.658134 -0.105461
-51.888616 77.770933 11.492015 0.003007
-47.925768 77.770933 11.472759 -0.004341
-43.962920 77.770933 11.558188 -0.010499
-40.000072 77.770933 11.490890 -0.096166
-36.037224 77.770933 11.425435 -0.216193
-32.074376 77.770933 11.276202 -0.116682
-28.111528 77.770933 11.141125 -0.256180
-24.148680 77.770933 11.388661 -0.135780
-20.185832 77.770933 11.259403 -0.023252
-16.222984 77.770933 11.229155 -0.336457
-12.260136 77.770933 0.000000 0.000000
-8.297289 77.770933 0.000000 0.000000
-4.334441 77.770933 0.000000 0.000000
-0.371593 77.770933 11.075355 -0.191954
3.591255 77.770933 11.218968 -0.125282
7.554103 77.770933 11.031404 -0.089021
11.516951 77.770933 11.103364 -0.138737
15.479799 77.770933 10.950528 -0.158943
19.442647 77.770933 10.922118 -0.092399
23.405495 77.770933 10.829267 -0.260029
27.368343 77.770933 10.996065 0.024992
31.331191 77.770933 11.047929 0.024411
35.294039 77.770933 11.082797 0.054641
39.256887 77.770933 11.009160 -0.112469
43.219735 77.770933 10.984664 -0.054245
47.182583 77.770933 10.916178 -0.137685
51.145431 77.770933 10.925514 0.086042
55.108279 77.770933 11.103549 0.144261
59.071127 77.770933 10.973459 0.140492
63.033975 77.770933 10.704148 0.155926
66.996822 77.770933 10.984187 -0.011748
-131.145575 73.808085 8.519271 -5.297937
-127.182727 73.808085 10.710587 0.566440
-123.219879 73.808085 11.206102 0.718344
-119.257031 73.808085 11.122542 0.673319
-115.294183 73.808085 11.490699 0.624015
-111.331335 73.808085 0.000000 0.000000
-107.368487 73.808085 0.000000 0.000000
-103.405639 73.808085 0.000000 0.000000
-99.442791 73.808085 0.000000 0.000000
-95.479943 73.808085 0.000000 0.000000
-91.517095 73.808085 11.681636 0.632522
-87.554247 73.808085 11.636451 0.463486
-83.591400 73.808085 11.670050 0.535242
-79.628552 73.808085 11.822762 0.471292
-75.665704 73.808085 11.720159 0.265889
-71.702856 73.808085 11.773943 0.029752
-67.740008 73.808085 11.716592 0.215973
-63.777160 73.808085 11.656082 -0.062918
-59.814312 73.808085 11.652658 0.043383
-55.851464 73.808085 11.653997 -0.273794
-51.888616 73.808085 11.679090 0.018864
-47.925768 73.808085 11.534797 0.025829
-43.962920 73.808085 11.537110 -0.290489
-40.000072 73.808085 11.521948 -0.254271
-36.037224 73.808085 11.602402 -0.266291
-32.074376 73.808085 11.469648 -0.176115
-28.111528 73.808085 11.300076 -0.297544
-24.148680 73.808085 11.393280 -0.188486
-20.185832 73.808085 11.195548 -0.312548
-16.222984 73.808085 11.292283 -0.234203
-12.260136 73.808085 0.000000 0.000000
-8.297289 73.808085 0.000000 0.000000
-4.334441 73.808085 0.000000 0.000000
-0.371593 73.808085 11.144733 -0.382506
3.591255 73.808085 11.018788 -0.200251
7.554103 73.808085 11.009849 -0.253175
11.516951 73.808085 11.004270 -0.309812
15.479799 73.808085 11.253970 -0.249829
19.442647 73.808085 10.924240 -0.166076
23.405495 73.808085 10.926101 -0.104507
27.368343 73.808085 10.923338 -0.012536
31.331191 73.808085 10.840539 -0.003674
35.294039 73.808085 10.857696 0.039560
39.256887 73.808085 10.969904 0.068294
43.219735 73.808085 10.840016 -0.137523
47.182583 73.808085 11.090115 -0.049811
51.145431 73.808085 11.054644 -0.053719
55.108279 73.808085 10.892355 0.157807
59.071127 73.808085 11.082622 0.331691
63.033975 73.808085 10.981179 0.062698
66.996822 73.808085 11.067365 -0.101995
-131.145575 69.845237 -3.933900 2.596355
-127.182727 69.845237 11.892674 0.965694
-123.219879 69.845237 11.360855 0.739095
-119.257031 69.845237 11.159433 0.882697
-115.294183 69.845237 11.575547 0.739092
-111.331335 69.845237 0.000000 0.000000
-107.368487 69.845237 0.000000 0.000000
-103.405639 69.845237 0.000000 0.000000
-99.442791 69.845237 0.000000 0.000000
-95.479943 69.845237 0.000000 0.000000
-91.517095 69.845237 11.691916 0.530788
-87.554247 69.845237 11.763919 0.501976
-83.591400 69.845237 11.810952 0.422806
-79.628552 69.845237 11.774263 0.068552
-75.665704 69.845237 11.807031 0.430117
-71.702856 69.845237 11.820439 0.330317
-67.740008 69.845237 11.835469 0.185246
-63.777160 69.845237 11.789694 0.068657
-59.814312 69.845237 11.796841 0.224298
-55.851464 69.845237 11.722835 -0.099336
-51.888616 69.845237 11.683495 -0.316425
-47.925768 69.845237 11.540647 -0.176704
-43.962920 69.845237 11.571888 -0.234810
-40.000072 69.845237 11.559446 -0.177424
-36.037224 69.845237 11.499514 -0.216835
-32.074376 69.845237 11.458059 -0.314807
-28.111528 69.845237 11.279306 -0.346032
-24.148680 69.845237 11.504826 -0.301869
-20.185832 69.845237 11.209391 -0.293279
-16.222984 69.845237 11.107715 -0.150530
-12.260136 69.845237 0.000000 0.000000
-8.297289 69.845237 0.000000 0.000000
-4.334441 69.845237 0.000000 0.000000
-0.371593 69.845237 10.990998 -0.252831
3.591255 69.845237 11.098797 -0.219367
7.554103 69.845237 10.835323 -0.118468
11.516951 69.845237 11.081262 -0.292939
15.479799 69.845237 10.851710 -0.175198
19.442647 69.845237 10.997566 -0.335587
23.405495 69.845237 10.903174 -0.109749
27.368343 69.845237 11.041380 -0.037691
31.331191 69.845237 11.065410 -0.071415
35.294039 69.845237 10.960275 -0.082856
39.256887 69.845237 10.976971 0.014911
43.219735 69.845237 10.944609 0.052438
47.182583 69.845237 11.023881 -0.135425
51.145431 69.845237 10.962548 -0.108303
55.108279 69.845237 10.927098 -0.364101
59.071127 69.845237 10.944500 -0.175482
63.033975 69.845237 11.046911 0.042188
66.996822 69.845237 10.991910 0.039998
-131.145575 65.882389 -3.207099 -14.246107
-127.182727 65.882389 10.878792 0.435024
-123.219879 65.882389 11.134926 0.749139
-119.257031 65.882389 10.866618 0.845676
-115.294183 65.882389 11.175406 0.949591
-111.331335 65.882389 0.000000 0.000000
-107.368487 65.882389 0.000000 0.000000
-103.405639 65.882389 0.000000 0.000000
-99.442791 65.882389 0.000000 0.000000
-95.479943 65.882389 0.000000 0.000000
-91.517095 65.882389 11.843484 0.856016
-87.554247 65.882389 11.820018 0.523899
-83.591400 65.882389 11.961523 0.421082
-79.628552 65.882389 11.811013 0.240383
-75.665704 65.882389 11.931265 0.468701
-71.702856 65.882389 11.835559 0.205568
-67.740008 65.882389 11.932342 0.250550
-63.777160 65.882389 11.816795 -0.055078
-59.814312 65.882389 11.761157 -0.083759
-55.851464 65.882389 11.713401 -0.026687
-51.888616 65.882389 11.761078 -0.106825
-47.925768 65.882389 11.744987 -0.094484
-43.962920 65.882389 11.545103 -0.251848
-40.000072 65.882389 11.505231 -0.218435
-36.037224 65.882389 11.590811 -0.262358
-32.074376 65.882389 11.526917 -0.389120
-28.111528 65.882389 11.412954 -0.335767
-24.148680 65.882389 11.288396 -0.371882
-20.185832 65.882389 11.074651 -0.341817
-16.222984 65.882389 11.388958 -0.283001
-12.260136 65.882389 0.000000 0.000000
-8.297289 65.882389 0.000000 0.000000
-4.334441 65.882389 11.040288 -0.187671
-0.371593 65.882389 10.923398 -0.270853
3.591255 65.882389 10.986337 -0.225202
7.554103 65.882389 10.907920 -0.229965
11.516951 65.882389 10.935197 -0.129274
15.479799 65.882389 11.079772 -0.129366
19.442647 65.882389 10.825432 -0.106737
23.405495 65.882389 10.926349 -0.084896
27.368343 65.882389 10.993534 -0.124711
31.331191 65.882389 11.017884 0.182681
35.294039 65.882389 10.899728 -0.173404
39.256887 65.882389 10.893536 -0.095247
43.219735 65.882389 10.888819 0.127008
47.182583 65.882389 10.857584 -0.036193
51.145431 65.882389 10.828447 -0.049810
55.108279 65.882389 10.906582 -0.178494
59.071127 65.882389 10.824005 0.066796
63.033975 65.882389 10.742332 -0.108439
66.996822 65.882389 10.946812 0.096522
-131.145575 61.919541 8.349341 14.018260
-127.182727 61.919541 -12.962274 -4.894026
-123.219879 61.919541 10.997126 0.638058
-119.257031 61.919541 11.253274 0.943666
-115.294183 61.919541 11.047664 0.953528
-111.331335 61.919541 0.000000 0.000000
-107.368487 61.919541 0.000000 0.000000
-103.405639 61.919541 0.000000 0.000000
-99.442791 61.919541 0.000000 0.000000
-95.479943 61.919541 0.000000 0.000000
-91.517095 61.919541 11.909309 0.652794
-87.554247 61.919541 11.814233 0.543692
-83.591400 61.919541 11.953364 0.403057
-79.628552 61.919541 12.131917 0.471306
-75.665704 61.919541 11.879087 0.329804
-71.702856 61.919541 11.883033 0.101598
-67.740008 61.919541 12.114883 0.176619
-63.777160 61.919541 11.895689 0.144857
-59.814312 61.919541 11.815118 0.065525
-55.851464 61.919541 11.837634 -0.246237
-51.888616 61.919541 11.683569 0.064203
-47.925768 61.919541 11.720067 -0.185726
-43.962920 61.919541 11.933583 -0.481132
-40.000072 61.919541 11.735035 -0.288079
-36.037224 61.919541 11.614106 -0.320012
-32.074376 61.919541 11.458089 -0.410807
-28.111528 61.919541 11.399291 -0.491715
-24.148680 61.919541 11.380072 -0.497477
-20.185832 61.919541 11.158050 -0.474323
-16.222984 61.919541 11.233300 -0.631294
-12.260136 61.919541 0.000000 0.000000
-8.297289 61.919541 0.000000 0.000000
-4.334441 61.919541 11.060560 -0.400910
-0.371593 61.919541 11.018167 -0.204180
3.591255 61.919541 10.897705 -0.342842
7.554103 61.919541 10.915370 -0.116506
11.516951 61.919541 10.804439 -0.207095
15.479799 61.919541 10.852699 -0.226323
19.442647 61.919541 10.993479 -0.099449
23.405495 61.919541 10.989477 -0.011196
27.368343 61.919541 10.856201 -0.062698
31.331191 61.919541 10.846618 -0.150452
35.294039 61.919541 10.986400 0.041372
39.256887 61.919541 10.914731 0.258150
43.219735 61.919541 10.963023 0.044467
47.182583 61.919541 10.928995 -0.034812
51.145431 61.919541 11.012402 0.122996
55.108279 61.919541 10.954828 -0.004773
59.071127 61.919541 10.988509 -0.068392
63.033975 61.919541 10.895787 0.022042
66.996822 61.919541 11.109915 0.120083
-131.145575 57.956694 10.275439 0.800501
-127.182727 57.956694 11.194322 0.923311
-123.219879 57.956694 11.211242 0.869253
-119.257031 57.956694 10.846172 1.052031
-115.294183 57.956694 11.393045 1.271742
-111.331335 57.956694 0.000000 0.000000
-107.368487 57.956694 0.000000 0.000000
-103.405639 57.956694 0.000000 0.000000
-99.442791 57.956694 0.000000 0.000000
-95.479943 57.956694 11.686953 0.947068
-91.517095 57.956694 11.875889 0.657958
-87.554247 57.956694 11.974446 0.553087
-83.591400 57.956694 12.154286 0.603933
-79.628552 57.956694 12.039646 0.541575
-75.665704 57.956694 12.015555 0.511181
-71.702856 57.956694 12.145906 0.221352
-67.740008 57.956694 12.027205 0.042601
-63.777160 57.956694 12.031371 -0.127822
-59.814312 57.956694 11.970826 -0.136441
-55.851464 57.956694 11.742970 -0.174348
-51.888616 57.956694 11.871664 -0.142229
-47.925768 57.956694 11.626444 -0.374534
-43.962920 57.956694 11.870228 -0.535984
-40.000072 57.956694 11.719346 -0.553167
-36.037224 57.956694 11.697742 -0.420147
-32.074376 57.956694 11.519437 -0.500919
-28.111528 57.956694 11.422533 -0.469315
-24.148680 57.956694 11.574782 -0.461986
-20.185832 57.956694 11.365750 -0.552326
-16.222984 57.956694 11.077804 -0.439815
-12.260136 57.956694 0.000000 0.000000
-8.297289 57.956694 0.000000 0.000000
-4.334441 57.956694 10.926172 -0.301111
-0.371593 57.956694 10.956696 -0.382653
3.591255 57.956694 10.823019 -0.308787
7.554103 57.956694 10.820122 -0.356806
11.516951 57.956694 10.829038 -0.304041
15.479799 57.956694 10.977791 0.010899
19.442647 57.956694 10.903880 -0.127695
23.405495 57.956694 10.801344 -0.132179
27.368343 57.956694 11.010338 -0.187803
31.331191 57.956694 10.896850 0.132220
35.294039 57.956694 10.867355 0.094391
39.256887 57.956694 10.940511 -0.064622
43.219735 57.956694 10.876413 -0.263747
47.182583 57.956694 10.844236 -0.085807
51.145431 57.956694 11.048972 0.009293
55.108279 57.956694 10.836141 0.072189
59.071127 57.956694 10.872825 -0.093600
63.033975 57.956694 11.024157 -0.305996
66.996822 57.956694 10.887283 0.343666
-131.145575 53.993846 5.317211 14.183300
-127.182727 53.993846 10.874490 1.033810
-123.219879 53.993846 10.749723 0.737139
-119.257031 53.993846 11.064128 1.101758
-115.294183 53.993846 10.987147 0.937720
-111.331335 53.993846 0.000000 0.000000
-107.368487 53.993846 0.000000 0.000000
-103.405639 53.993846 0.000000 0.000000
-99.442791 53.993846 0.000000 0.000000
-95.479943 53.993846 12.112409 1.356294
-91.517095 53.993846 11.997941 1.019429
-87.554247 53.993846 12.482990 0.707637
-83.591400 53.993846 12.047496 0.626129
-79.628552 53.993846 11.821451 0.326221
-75.665704 53.993846 12.201443 0.117244
-71.702856 53.993846 12.290745 0.349717
-67.740008 53.993846 12.203793 0.010565
-63.777160 53.993846 12.170536 -0.247941
-59.814312 53.993846 12.010597 -0.190437
-55.851464 53.993846 11.904675 -0.255070
-51.888616 53.993846 11.911539 -0.307627
-47.925768 53.993846 11.866010 -0.283041
-43.962920 53.993846 11.741422 -0.348996
-40.000072 53.993846 11.653055 -0.378379
-36.037224 53.993846 11.483666 -0.352992
-32.074376 53.993846 11.626925 -0.498520
-28.111528 53.993846 11.548774 -0.529357
-24.148680 53.993846 11.405526 -0.619907
-20.185832 53.993846 11.374624 -0.640835
-16.222984 53.993846 11.237817 -0.636172
-12.260136 53.993846 11.117917 -0.506402
-8.297289 53.993846 0.000000 0.000000
-4.334441 53.993846 10.948851 -0.353665
-0.371593 53.993846 10.927035 -0.372227
3.591255 53.993846 10.874374 -0.289175
7.554103 53.993846 10.834222 -0.301139
11.516951 53.993846 10.833446 -0.418925
15.479799 53.993846 10.859713 -0.154555
19.442647 53.993846 10.673767 -0.080056
23.405495 53.993846 10.814210 -0.010744
27.368343 53.993846 10.926387 0.050899
31.331191 53.993846 10.862248 -0.118026
35.294039 53.993846 11.116054 -0.334967
39.256887 53.993846 11.119052 -0.158734
43.219735 53.993846 10.836909 -0.067569
47.182583 53.993846 10.933917 0.090282
51.145431 53.993846 11.004057 0.006270
55.108279 53.993846 11.040122 -0.295128
59.071127 53.993846 10.907713 -0.159789
63.033975 53.993846 10.731006 -0.128138
66.996822 53.993846 10.924310 -0.146374
-131.145575 50.030998 0.248204 11.530215
-127.182727 50.030998 10.270120 0.711385
-123.219879 50.030998 10.765364 0.722232
-119.257031 50.030998 10.782412 1.126539
-115.294183 50.030998 10.798312 1.577623
-111.331335 50.030998 0.000000 0.000000
-107.368487 50.030998 0.000000 0.000000
-103.405639 50.030998 0.000000 0.000000
-99.442791 50.030998 0.000000 0.000000
-95.479943 50.030998 12.141700 1.297110
-91.517095 50.030998 12.260173 1.007700
-87.554247 50.030998 12.513740 0.701308
-83.591400 50.030998 12.436658 0.423708
-79.628552 50.030998 12.399642 0.333489
-75.665704 50.030998 12.308761 0.314926
-71.702856 50.030998 12.338081 -0.069405
-67.740008 50.030998 12.212819 -0.112678
-63.777160 50.030998 12.042979 -0.237499
-59.814312 50.030998 12.094438 -0.208504
-55.851464 50.030998 12.085684 -0.307206
-51.888616 50.030998 11.801577 -0.462712
-47.925768 50.030998 11.775166 -0.322769
-43.962920 50.030998 11.984625 -0.539069
-40.000072 50.030998 11.822541 -0.529478
-36.037224 50.030998 11.646350 -0.438108
-32.074376 50.030998 11.468467 -0.492937
-28.111528 50.030998 11.651202 -0.648032
-24.148680 50.030998 11.391626 -0.670208
-20.185832 50.030998 11.127973 -0.636055
-16.222984 50.030998 11.013636 -0.777807
-12.260136 50.030998 11.084841 -0.704140
-8.297289 50.030998 0.000000 0.000000
-4.334441 50.030998 10.816022 -0.463051
-0.371593 50.030998 10.897243 -0.435740
3.591255 50.030998 10.706706 -0.471704
7.554103 50.030998 10.698538 -0.223733
11.516951 50.030998 10.659877 -0.376684
15.479799 50.030998 10.797960 -0.125249
19.442647 50.030998 10.604172 -0.080137
23.405495 50.030998 10.721490 -0.188346
27.368343 50.030998 10.718924 0.039184
31.331191 50.030998 10.920494 0.035149
35.294039 50.030998 11.238096 0.051379
39.256887 50.030998 10.839081 -0.093053
43.219735 50.030998 10.619930 0.011872
47.182583 50.030998 10.934416 -0.199277
51.145431 50.030998 10.904693 -0.046936
55.108279 50.030998 10.745210 -0.165329
59.071127 50.030998 11.036390 0.160128
63.033975 50.030998 10.795248 -0.301137
66.996822 50.030998 10.871316 0.409779
-131.145575 46.068150 0.039529 -7.973749
-127.182727 46.068150 11.008706 0.721408
-123.219879 46.068150 10.515916 1.165092
-119.257031 46.068150 10.588479 1.090206
-115.294183 46.068150 10.716048 1.389853
-111.331335 46.068150 10.588067 1.327199
-107.368487 46.068150 0.000000 0.000000
-103.405639 46.068150 0.000000 0.000000
-99.442791 46.068150 0.000000 0.000000
-95.479943 46.068150 12.394339 1.645564
-91.517095 46.068150 12.626847 1.054922
-87.554247 46.068150 12.868243 0.836630
-83.591400 46.068150 12.332473 0.462413
-79.628552 46.068150 12.713872 0.352702
-75.665704 46.068150 12.707542 0.309823
-71.702856 46.068150 12.450652 -0.075480
-67.740008 46.068150 12.323567 -0.268048
-63.777160 46.068150 12.219172 -0.191800
-59.814312 46.068150 12.123378 -0.449782
-55.851464 46.068150 12.016818 -0.332342
-51.888616 46.068150 12.224319 -0.494776
-47.925768 46.068150 11.896588 -0.635424
-43.962920 46.068150 12.089374 -0.571011
-40.000072 46.068150 11.792230 -0.842039
-36.037224 46.068150 11.782608 -0.429774
-32.074376 46.068150 11.680899 -0.685429
-28.111528 46.068150 11.722278 -0.805585
-24.148680 46.068150 11.505816 -0.648650
-20.185832 46.068150 11.548716 -0.727967
-16.222984 46.068150 11.236463 -0.711799
-12.260136 46.068150 11.058338 -0.974948
-8.297289 46.068150 0.000000 0.000000
-4.334441 46.068150 10.690639 -0.753618
-0.371593 46.068150 10.643092 -0.603406
3.591255 46.068150 10.434209 -0.288139
7.554103 46.068150 10.819563 -0.227847
11.516951 46.068150 10.943654 -0.303144
15.479799 46.068150 10.722724 -0.474239
19.442647 46.068150 10.559660 -0.107483
23.405495 46.068150 10.614283 -0.129532
27.368343 46.068150 10.317274 0.985262
31.331191 46.068150 11.320191 0.214363
35.294039 46.068150 10.984182 -0.445874
39.256887 46.068150 10.734894 -0.278337
43.219735 46.068150 10.584384 0.178743
47.182583 46.068150 10.975766 -0.391959
51.145431 46.068150 10.788692 -0.321427
55.108279 46.068150 10.629932 0.343579
59.071127 46.068150 10.932434 0.233064
63.033975 46.068150 10.924293 0.276451
66.996822 46.068150 10.639721 -0.079526
-131.145575 42.105302 10.655447 0.884591
-127.182727 42.105302 6.676534 10.115185
-123.219879 42.105302 10.075729 0.984300
-119.257031 42.105302 10.258584 0.846538
-115.294183 42.105302 10.003969 1.376166
-111.331335 42.105302 10.294145 2.180006
-107.368487 42.105302 0.000000 0.000000
-103.405639 42.105302 0.000000 0.000000
-99.442791 42.105302 12.419625 2.250263
-95.479943 42.105302 12.903744 1.373025
-91.517095 42.105302 12.790990 1.381029
-87.554247 42.105302 12.967152 0.850294
-83.591400 42.105302 12.911489 0.397690
-79.628552 42.105302 12.618229 0.253440
-75.665704 42.105302 12.895262 0.054711
-71.702856 42.105302 12.368292 -0.224738
-67.740008 42.105302 12.435891 -0.318106
-63.777160 42.105302 12.528209 -0.367511
-59.814312 42.105302 12.309149 -0.483583
-55.851464 42.105302 12.185002 -0.514579
-51.888616 42.105302 12.180452 -0.580168
-47.925768 42.105302 11.864836 -0.828929
-43.962920 42.105302 11.860876 -0.599399
-40.000072 42.105302 11.707994 -0.703574
-36.037224 42.105302 11.845016 -0.590455
-32.074376 42.105302 11.535050 -0.734789
-28.111528 42.105302 11.792029 -0.696410
-24.148680 42.105302 11.527190 -0.671336
-20.185832 42.105302 11.523011 -0.740164
-16.222984 42.105302 11.434080 -1.048395
-12.260136 42.105302 10.879869 -0.926491
-8.297289 42.105302 0.000000 0.000000
-4.334441 42.105302 10.691514 -1.221467
-0.371593 42.105302 10.338113 -0.855163
3.591255 42.105302 10.132336 -0.326619
7.554103 42.105302 10.917775 -0.138386
11.516951 42.105302 10.920549 -0.280028
15.479799 42.105302 10.673647 -0.599622
19.442647 42.105302 10.150422 -0.327638
23.405495 42.105302 9.942498 0.009357
27.368343 42.105302 9.444284 0.913409
31.331191 42.105302 11.416119 -0.288100
35.294039 42.105302 10.792997 -0.460321
39.256887 42.105302 10.843697 -0.497164
43.219735 42.105302 10.799597 -0.590561
47.182583 42.105302 11.357903 -0.872219
51.145431 42.105302 9.933501 -0.347071
55.108279 42.105302 10.271920 0.833307
59.071127 42.105302 11.033127 0.240488
63.033975 42.105302 11.576530 -0.559017
66.996822 42.105302 10.279922 -0.418805
-131.145575 38.142454 9.717416 -9.265522
-127.182727 38.142454 10.390162 0.758634
-123.219879 38.142454 10.095127 0.581487
-119.257031 38.142454 9.611522 0.667301
-115.294183 38.142454 9.506866 1.499127
-111.331335 38.142454 9.431857 2.908622
-107.368487 38.142454 0.000000 0.000000
-103.405639 38.142454 0.000000 0.000000
-99.442791 38.142454 0.000000 0.000000
-95.479943 38.142454 0.000000 0.000000
-91.517095 38.142454 0.000000 0.000000
-87.554247 38.142454 0.000000 0.000000
-83.591400 38.142454 0.000000 0.000000
-79.628552 38.142454 0.000000 0.000000
-75.665704 38.142454 0.000000 0.000000
-71.702856 38.142454 0.000000 0.000000
-67.740008 38.142454 0.000000 0.000000
-63.777160 38.142454 0.000000 0.000000
-59.814312 38.142454 0.000000 0.000000
-55.851464 38.142454 0.000000 0.000000
-51.888616 38.142454 0.000000 0.000000
-47.925768 38.142454 0.000000 0.000000
-43.962920 38.142454 0.000000 0.000000
-40.000072 38.142454 0.000000 0.000000
-36.037224 38.142454 0.000000 0.000000
-32.074376 38.142454 0.000000 0.000000
-28.111528 38.142454 0.000000 0.000000
-24.148680 38.142454 11.015419 -0.962194
-20.185832 38.142454 10.933531 -0.530801
-16.222984 38.142454 11.715117 -1.543754
-12.260136 38.142454 10.400512 -1.062764
-8.297289 38.142454 0.000000 0.000000
-4.334441 38.142454 10.881007 -2.030688
-0.371593 38.142454 9.738354 -1.925317
3.591255 38.142454 9.629338 -1.287738
7.554103 38.142454 10.493527 -0.657859
11.516951 38.142454 11.338254 -0.228417
15.479799 38.142454 10.805176 -1.019826
19.442647 38.142454 9.822329 -1.043777
23.405495 38.142454 6.674646 0.100037
27.368343 38.142454 7.229568 1.745489
31.331191 38.142454 9.286069 1.479979
35.294039 38.142454 10.719150 -0.244520
39.256887 38.142454 11.112400 -1.529777
43.219735 38.142454 10.857206 -1.526227
47.182583 38.142454 10.536786 -0.814644
51.145431 38.142454 9.709110 -0.664716
55.108279 38.142454 9.801251 1.871704
59.071127 38.142454 11.257267 2.410509
63.033975 38.142454 10.091111 -0.599576
66.996822 38.142454 9.596492 -1.287133
-131.145575 34.179606 -13.150858 2.635177
-127.182727 34.179606 9.923433 0.662704
-123.219879 34.179606 9.774129 0.692940
-119.257031 34.179606 9.591581 0.678790
-115.294183 34.179606 0.000000 0.000000
-111.331335 34.179606 0.000000 0.000000
-107.368487 34.179606 0.000000 0.000000
-103.405639 34.179606 0.000000 0.000000
-99.442791 34.179606 0.000000 0.000000
-95.479943 34.179606 0.000000 0.000000
-91.517095 34.179606 0.000000 0.000000
-87.554247 34.179606 0.000000 0.000000
-83.591400 34.179606 0.000000 0.000000
-79.628552 34.179606 0.000000 0.000000
-75.665704 34.179606 0.000000 0.000000
-71.702856 34.179606 0.000000 0.000000
-67.740008 34.179606 0.000000 0.000000
-63.777160 34.179606 0.000000 0.000000
-59.814312 34.179606 0.000000 0.000000
-55.851464 34.179606 0.000000 0.000000
-51.888616 34.179606 0.000000 0.000000
-47.925768 34.179606 0.000000 0.000000
-43.962920 34.179606 0.000000 0.000000
-40.000072 34.179606 0.000000 0.000000
-36.037224 34.179606 0.000000 0.000000
-32.074376 34.179606 0.000000 0.000000
-28.111528 34.179606 0.000000 0.000000
-24.148680 34.179606 0.000000 0.000000
-20.185832 34.179606 0.000000 0.000000
-16.222984 34.179606 0.000000 0.000000
-12.260136 34.179606 0.000000 0.000000
-8.297289 34.179606 0.000000 0.000000
-4.334441 34.179606 0.000000 0.000000
-0.371593 34.179606 8.832964 -2.392315
3.591255 34.179606 7.872268 -3.287281
7.554103 34.179606 7.502224 1.170133
11.516951 34.179606 9.134227 2.853159
15.479799 34.179606 10.389986 -0.571678
19.442647 34.179606 10.704016 -2.031131
23.405495 34.179606 9.202490 -0.828443
27.368343 34.179606 10.279698 3.587548
31.331191 34.179606 9.618301 2.488797
35.294039 34.179606 9.830726 1.587288
39.256887 34.179606 10.125373 -1.446091
43.219735 34.179606 10.609571 -1.547377
47.182583 34.179606 10.547141 -1.350882
51.145431 34.179606 10.133794 0.918878
55.108279 34.179606 9.427042 2.295131
59.071127 34.179606 9.201354 0.591622
63.033975 34.179606 9.490320 -0.943384
66.996822 34.179606 9.223663 -0.784836
-131.145575 30.216758 -10.493467 -5.104920
-127.182727 30.216758 3.718212 8.354816
-123.219879 30.216758 0.000000 0.000000
-119.257031 30.216758 0.000000 0.000000
-115.294183 30.216758 0.000000 0.000000
-111.331335 30.216758 0.000000 0.000000
-107.368487 30.216758 0.000000 0.000000
-103.405639 30.216758 0.000000 0.000000
-99.442791 30.216758 0.000000 0.000000
-95.479943 30.216758 0.000000 0.000000
-91.517095 30.216758 0.000000 0.000000
-87.554247 30.216758 0.000000 0.000000
-83.591400 30.216758 0.000000 0.000000
-79.628552 30.216758 0.000000 0.000000
-75.665704 30.216758 0.000000 0.000000
-71.702856 30.216758 0.000000 0.000000
-67.740008 30.216758 0.000000 0.000000
-63.777160 30.216758 0.000000 0.000000
-59.814312 30.216758 0.000000 0.000000
-55.851464 30.216758 0.000000 0.000000
-51.888616 30.216758 0.000000 0.000000
-47.925768 30.216758 0.000000 0.000000
-43.962920 30.216758 0.000000 0.000000
-40.000072 30.216758 0.000000 0.000000
-36.037224 30.216758 0.000000 0.000000
-32.074376 30.216758 0.000000 0.000000
-28.111528 30.216758 0.000000 0.000000
-24.148680 30.216758 0.000000 0.000000
-20.185832 30.216758 0.000000 0.000000
-16.222984 30.216758 0.000000 0.000000
-12.260136 30.216758 0.000000 0.000000
-8.297289 30.216758 0.000000 0.000000
-4.334441 30.216758 0.000000 0.000000
-0.371593 30.216758 0.000000 0.000000
3.591255 30.216758 0.000000 0.000000
7.554103 30.216758 10.735135 2.591493
11.516951 30.216758 9.534380 1.106339
15.479799 30.216758 9.376073 0.234968
19.442647 30.216758 10.254205 -0.830758
23.405495 30.216758 -0.197154 5.545609
27.368343 30.216758 11.815503 1.082277
31.331191 30.216758 11.058157 1.683143
35.294039 30.216758 10.152953 1.228842
39.256887 30.216758 9.523916 0.098527
43.219735 30.216758 10.700323 -1.458803
47.182583 30.216758 11.439173 -1.172591
51.145431 30.216758 11.494869 -0.619135
55.108279 30.216758 10.778724 1.503848
59.071127 30.216758 9.930784 0.979014
63.033975 30.216758 10.489926 -1.164740
66.996822 30.216758 10.506393 -0.820044
-131.145575 26.253910 -7.672721 3.410115
-127.182727 26.253910 7.493053 11.714676
-123.219879 26.253910 0.000000 0.000000
-119.257031 26.253910 0.000000 0.000000
-115.294183 26.253910 0.000000 0.000000
-111.331335 26.253910 0.000000 0.000000
-107.368487 26.253910 0.000000 0.000000
-103.405639 26.253910 0.000000 0.000000
-99.442791 26.253910 0.000000 0.000000
-95.479943 26.253910 0.000000 0.000000
-91.517095 26.253910 0.000000 0.000000
-87.554247 26.253910 0.000000 0.000000
-83.591400 26.253910 0.000000 0.000000
-79.628552 26.253910 0.000000 0.000000
-75.665704 26.253910 0.000000 0.000000
-71.702856 26.253910 0.000000 0.000000
-67.740008 26.253910 0.000000 0.000000
-63.777160 26.253910 0.000000 0.000000
-59.814312 26.253910 0.000000 0.000000
-55.851464 26.253910 0.000000 0.000000
-51.888616 26.253910 0.000000 0.000000
-47.925768 26.253910 0.000000 0.000000
-43.962920 26.253910 0.000000 0.000000
-40.000072 26.253910 0.000000 0.000000
-36.037224 26.253910 0.000000 0.000000
-32.074376 26.253910 0.000000 0.000000
-28.111528 26.253910 0.000000 0.000000
-24.148680 26.253910 0.000000 0.000000
-20.185832 26.253910 0.000000 0.000000
-16.222984 26.253910 0.000000 0.000000
-12.260136 26.253910 0.000000 0.000000
-8.297289 26.253910 0.000000 0.000000
-4.334441 26.253910 0.000000 0.000000
-0.371593 26.253910 0.000000 0.000000
3.591255 26.253910 0.000000 0.000000
7.554103 26.253910 0.000000 0.000000
11.516951 26.253910 10.048332 0.867145
15.479799 26.253910 9.914716 0.293047
19.442647 26.253910 10.151039 0.432296
23.405495 26.253910 10.729601 -0.581457
27.368343 26.253910 11.561035 0.609076
31.331191 26.253910 11.121113 0.863789
35.294039 26.253910 10.558131 0.704197
39.256887 26.253910 10.532303 0.351020
43.219735 26.253910 10.675758 0.020969
47.182583 26.253910 11.085051 -0.438379
51.145431 26.253910 11.717040 -0.660448
55.108279 26.253910 10.861171 0.492486
59.071127 26.253910 10.331275 0.310451
63.033975 26.253910 10.478015 0.162324
66.996822 26.253910 11.198597 -0.436326
-131.145575 22.291062 2.977697 -5.748090
-127.182727 22.291062 13.246872 14.546368
-123.219879 22.291062 0.000000 0.000000
-119.257031 22.291062 0.000000 0.000000
-115.294183 22.291062 0.000000 0.000000
-111.331335 22.291062 0.000000 0.000000
-107.368487 22.291062 0.000000 0.000000
-103.405639 22.291062 0.000000 0.000000
-99.442791 22.291062 0.000000 0.000000
-95.479943 22.291062 0.000000 0.000000
-91.517095 22.291062 0.000000 0.000000
-87.554247 22.291062 0.000000 0.000000
-83.591400 22.291062 0.000000 0.000000
-79.628552 22.291062 0.000000 0.000000
-75.665704 22.291062 0.000000 0.000000
-71.702856 22.291062 0.000000 0.000000
-67.740008 22.291062 0.000000 0.000000
-63.777160 22.291062 0.000000 0.000000
-59.814312 22.291062 0.000000 0.000000
-55.851464 22.291062 0.000000 0.000000
-51.888616 22.291062 0.000000 0.000000
-47.925768 22.291062 0.000000 0.000000
-43.962920 22.291062 0.000000 0.000000
-40.000072 22.291062 0.000000 0.000000
-36.037224 22.291062 0.000000 0.000000
-32.074376 22.291062 0.000000 0.000000
-28.111528 22.291062 0.000000 0.000000
-24.148680 22.291062 0.000000 0.000000
-20.185832 22.291062 0.000000 0.000000
-16.222984 22.291062 0.000000 0.000000
-12.260136 22.291062 0.000000 0.000000
-8.297289 22.291062 0.000000 0.000000
-4.334441 22.291062 10.843781 0.697525
-0.371593 22.291062 10.765084 0.630120
3.591255 22.291062 10.717609 0.399185
7.554103 22.291062 10.811775 0.507043
11.516951 22.291062 10.643379 0.728619
15.479799 22.291062 10.568949 0.265517
19.442647 22.291062 10.332150 -0.059681
23.405495 22.291062 -0.399525 0.950444
27.368343 22.291062 10.713358 0.300082
31.331191 22.291062 11.014281 -0.107785
35.294039 22.291062 10.777586 0.159136
39.256887 22.291062 10.659258 -0.302175
43.219735 22.291062 10.470958 -0.037315
47.182583 22.291062 10.731302 -0.016146
51.145431 22.291062 11.054431 -0.430977
55.108279 22.291062 10.920393 0.205510
59.071127 22.291062 10.843302 0.380129
63.033975 22.291062 10.792770 0.232386
66.996822 22.291062 11.010808 0.162577
-131.145575 18.328214 7.335228 6.903562
-127.182727 18.328214 2.486175 -3.018223
-123.219879 18.328214 -0.005668 -14.309494
-119.257031 18.328214 9.695714 -1.169350
-115.294183 18.328214 10.681138 -0.814444
-111.331335 18.328214 13.184954 -0.314715
-107.368487 18.328214 0.000000 0.000000
-103.405639 18.328214 0.000000 0.000000
-99.442791 18.328214 0.000000 0.000000
-95.479943 18.328214 0.000000 0.000000
-91.517095 18.328214 0.000000 0.000000
-87.554247 18.328214 0.000000 0.000000
-83.591400 18.328214 0.000000 0.000000
-79.628552 18.328214 0.000000 0.000000
-75.665704 18.328214 0.000000 0.000000
-71.702856 18.328214 0.000000 0.000000
-67.740008 18.328214 0.000000 0.000000
-63.777160 18.328214 0.000000 0.000000
-59.814312 18.328214 0.000000 0.000000
-55.851464 18.328214 0.000000 0.000000
-51.888616 18.328214 11.665304 0.639622
-47.925768 18.328214 11.815016 1.016527
-43.962920 18.328214 11.631269 0.703374
-40.000072 18.328214 11.667772 0.682788
-36.037224 18.328214 11.721036 0.449286
-32.074376 18.328214 11.281389 0.841879
-28.111528 18.328214 11.163096 0.948328
-24.148680 18.328214 11.159913 0.641288
-20.185832 18.328214 11.277887 0.914472
-16.222984 18.328214 11.301032 0.759176
-12.260136 18.328214 10.974339 0.638497
-8.297289 18.328214 10.781380 0.777370
-4.334441 18.328214 10.906457 0.612530
-0.371593 18.328214 10.768779 0.605034
3.591255 18.328214 10.729893 0.504991
7.554103 18.328214 10.819279 0.391462
11.516951 18.328214 10.784687 0.574565
15.479799 18.328214 10.642770 0.246705
19.442647 18.328214 10.749244 0.259431
23.405495 18.328214 10.792699 0.186673
27.368343 18.328214 11.104972 0.912457
31.331191 18.328214 10.513503 -0.137640
35.294039 18.328214 10.668344 0.199780
39.256887 18.328214 -1.003031 1.841761
43.219735 18.328214 10.716976 0.376519
47.182583 18.328214 11.420573 0.670203
51.145431 18.328214 10.921270 -0.156802
55.108279 18.328214 10.507880 0.372307
59.071127 18.328214 10.651999 -0.151937
63.033975 18.328214 10.290279 0.619071
66.996822 18.328214 10.850771 0.475937
-131.145575 14.365366 16.068352 6.086799
-127.182727 14.365366 9.539318 2.491055
-123.219879 14.365366 12.746410 16.406664
-119.257031 14.365366 -8.510359 9.618836
-115.294183 14.365366 2.973074 17.276077
-111.331335 14.365366 10.580458 -0.476343
-107.368487 14.365366 11.281105 -0.950434
-103.405639 14.365366 11.232044 -0.800902
-99.442791 14.365366 11.553789 -0.790547
-95.479943 14.365366 11.433687 -0.898124
-91.517095 14.365366 11.764196 -0.721591
-87.554247 14.365366 12.160886 -0.366893
-83.591400 14.365366 11.652323 -0.172732
-79.628552 14.365366 12.115898 0.151351
-75.665704 14.365366 12.040385 0.041838
-71.702856 14.365366 11.937893 0.340232
-67.740008 14.365366 11.913785 0.090027
-63.777160 14.365366 11.954788 0.233509
-59.814312 14.365366 11.856559 0.494817
-55.851464 14.365366 11.932545 0.395070
-51.888616 14.365366 11.805151 0.389990
-47.925768 14.365366 11.913035 0.693361
-43.962920 14.365366 11.679944 0.729017
-40.000072 14.365366 11.407297 0.643471
-36.037224 14.365366 11.737754 0.604476
-32.074376 14.365366 11.278658 0.667825
-28.111528 14.365366 11.674863 0.597364
-24.148680 14.365366 11.324364 0.615088
-20.185832 14.365366 11.213825 0.693937
-16.222984 14.365366 11.005436 0.700117
-12.260136 14.365366 11.122535 0.785184
-8.297289 14.365366 10.932647 0.434275
-4.334441 14.365366 10.691579 0.508700
-0.371593 14.365366 10.879759 0.487330
3.591255 14.365366 10.970448 0.704795
7.554103 14.365366 10.802780 0.545301
11.516951 14.365366 10.713307 0.380555
15.479799 14.365366 10.774239 0.114492
19.442647 14.365366 10.667660 0.307047
23.405495 14.365366 10.687943 0.298291
27.368343 14.365366 10.934336 -0.048933
31.331191 14.365366 10.587502 0.189626
35.294039 14.365366 10.732307 0.566253
39.256887 14.365366 10.960044 0.502792
43.219735 14.365366 10.892284 0.161511
47.182583 14.365366 10.706279 0.105161
51.145431 14.365366 11.057036 0.286029
55.108279 14.365366 10.437802 0.028023
59.071127 14.365366 10.807794 -0.124732
63.033975 14.365366 10.122782 -0.111962
66.996822 14.365366 10.796400 -0.529885
-131.145575 10.402518 -6.683836 14.418470
-127.182727 10.402518 0.289306 -14.391500
-123.219879 10.402518 7.147256 -16.978174
-119.257031 10.402518 11.670089 -0.717131
-115.294183 10.402518 16.628786 -7.346265
-111.331335 10.402518 10.517468 -1.504040
-107.368487 10.402518 11.122334 -0.655583
-103.405639 10.402518 11.657403 -0.912404
-99.442791 10.402518 11.312558 -0.505856
-95.479943 10.402518 11.691578 -0.572860
-91.517095 10.402518 11.581334 -0.348929
-87.554247 10.402518 11.877381 -0.558345
-83.591400 10.402518 12.015307 -0.208359
-79.628552 10.402518 11.893214 -0.451833
-75.665704 10.402518 11.758872 -0.105855
-71.702856 10.402518 12.108046 0.164988
-67.740008 10.402518 11.906933 0.181948
-63.777160 10.402518 11.967124 0.265962
-59.814312 10.402518 12.055040 0.469416
-55.851464 10.402518 11.963923 0.480078
-51.888616 10.402518 11.989542 0.499341
-47.925768 10.402518 11.322112 0.270812
-43.962920 10.402518 11.606571 0.458306
-40.000072 10.402518 11.703658 0.531581
-36.037224 10.402518 11.424217 0.620219
-32.074376 10.402518 11.556783 0.341562
-28.111528 10.402518 11.294764 0.781924
-24.148680 10.402518 11.500111 0.616453
-20.185832 10.402518 11.412058 0.622134
-16.222984 10.402518 11.271668 0.617155
-12.260136 10.402518 11.011946 0.674920
-8.297289 10.402518 10.874413 0.824480
-4.334441 10.402518 10.723028 0.743586
-0.371593 10.402518 10.969359 0.274058
3.591255 10.402518 10.895597 0.661376
7.554103 10.402518 10.722402 -0.135387
11.516951 10.402518 10.881147 0.476815
15.479799 10.402518 11.211174 -0.105989
19.442647 10.402518 10.812815 0.549496
23.405495 10.402518 10.936546 0.299653
27.368343 10.402518 10.913312 0.128268
31.331191 10.402518 10.759025 0.354252
35.294039 10.402518 10.891197 0.229471
39.256887 10.402518 10.864371 0.176575
43.219735 10.402518 10.803612 -0.045545
47.182583 10.402518 11.506347 -0.348959
51.145431 10.402518 10.826895 0.087754
55.108279 10.402518 10.587936 -0.017929
59.071127 10.402518 11.089953 0.973547
63.033975 10.402518 11.108302 0.162131
66.996822 10.402518 10.874372 0.029989
-131.145575 6.439670 15.565948 -6.928948
-127.182727 6.439670 14.787445 13.986388
-123.219879 6.439670 10.681425 -16.815611
-119.257031 6.439670 11.479728 -0.562901
-115.294183 6.439670 10.324401 -0.172723
-111.331335 6.439670 11.218542 -0.803946
-107.368487 6.439670 11.032197 0.219699
-103.405639 6.439670 10.890501 -0.296309
-99.442791 6.439670 11.626015 -0.533648
-95.479943 6.439670 11.394988 -0.539002
-91.517095 6.439670 11.910373 -0.238676
-87.554247 6.439670 11.875111 -0.245978
-83.591400 6.439670 11.760860 0.004664
-79.628552 6.439670 11.782319 0.188711
-75.665704 6.439670 11.972390 0.279430
-71.702856 6.439670 11.815699 0.264712
-67.740008 6.439670 11.673092 0.192691
-63.777160 6.439670 11.732002 -0.162870
-59.814312 6.439670 11.716816 0.537954
-55.851464 6.439670 11.657485 0.651880
-51.888616 6.439670 11.339466 0.541483
-47.925768 6.439670 11.466103 0.548302
-43.962920 6.439670 11.515954 0.427193
-40.000072 6.439670 11.488338 0.596879
-36.037224 6.439670 11.612072 0.477230
-32.074376 6.439670 11.401530 0.602717
-28.111528 6.439670 11.513614 0.532559
-24.148680 6.439670 11.294148 0.657080
-20.185832 6.439670 11.246496 0.417110
-16.222984 6.439670 11.160467 0.765619
-12.260136 6.439670 11.262773 0.493297
-8.297289 6.439670 11.236467 0.728565
-4.334441 6.439670 11.041997 0.388721
-0.371593 6.439670 11.076743 0.533448
3.591255 6.439670 10.930161 0.451317
7.554103 6.439670 10.861434 0.539567
11.516951 6.439670 11.195049 0.172991
15.479799 6.439670 11.007172 0.218706
19.442647 6.439670 11.039131 0.051131
23.405495 6.439670 11.071343 0.291968
27.368343 6.439670 10.836526 -0.116318
31.331191 6.439670 10.150784 0.355747
35.294039 6.439670 10.994332 0.305703
39.256887 6.439670 10.954177 0.106991
43.219735 6.439670 11.581305 0.189912
47.182583 6.439670 10.846275 0.115007
51.145431 6.439670 10.997661 -0.062195
55.108279 6.439670 10.900509 0.094232
59.071127 6.439670 10.947670 -0.117898
63.033975 6.439670 11.043940 -0.102747
66.996822 6.439670 10.466350 0.916405
-131.145575 2.476822 -8.092525 -5.197943
-127.182727 2.476822 16.076040 14.664412
-123.219879 2.476822 3.821710 14.914867
-119.257031 2.476822 -5.780495 4.159624
-115.294183 2.476822 9.994275 0.575333
-111.331335 2.476822 9.772803 -1.344090
-107.368487 2.476822 10.865042 -0.946807
-103.405639 2.476822 11.118416 -0.474068
-99.442791 2.476822 12.425851 -0.318132
-95.479943 2.476822 12.000906 -1.689928
-91.517095 2.476822 11.723311 -0.532140
-87.554247 2.476822 11.678527 0.185545
-83.591400 2.476822 11.778357 -0.191698
-79.628552 2.476822 11.754936 -0.001077
-75.665704 2.476822 11.806727 -0.486947
-71.702856 2.476822 11.773946 -0.057036
-67.740008 2.476822 11.565568 0.274139
-63.777160 2.476822 11.274900 0.472039
-59.814312 2.476822 11.643848 0.158602
-55.851464 2.476822 11.766766 0.307501
-51.888616 2.476822 11.775493 0.673609
-47.925768 2.476822 11.778477 0.507698
-43.962920 2.476822 11.441808 0.633242
-40.000072 2.476822 11.369346 0.661225
-36.037224 2.476822 11.455695 0.497872
-32.074376 2.476822 11.375374 0.734917
-28.111528 2.476822 11.123783 0.389027
-24.148680 2.476822 11.099421 0.728436
-20.185832 2.476822 10.970846 0.594920
-16.222984 2.476822 10.943584 0.818665
-12.260136 2.476822 11.259555 0.701199
-8.297289 2.476822 10.953823 0.585363
-4.334441 2.476822 10.844441 0.709332
-0.371593 2.476822 11.150525 0.662871
3.591255 2.476822 11.039760 0.620608
7.554103 2.476822 10.882651 0.508234
11.516951 2.476822 10.938533 0.440111
15.479799 2.476822 10.844066 0.254559
19.442647 2.476822 10.957653 0.215131
23.405495 2.476822 10.616238 0.607870
27.368343 2.476822 10.786897 0.411838
31.331191 2.476822 11.024766 -0.245055
35.294039 2.476822 10.896247 -0.006996
39.256887 2.476822 10.765856 -0.135718
43.219735 2.476822 11.085434 -0.273415
47.182583 2.476822 11.203721 -0.005983
51.145431 2.476822 11.055116 0.016429
55.108279 2.476822 10.796883 -0.257215
59.071127 2.476822 11.422465 -0.183629
63.033975 2.476822 10.920873 0.083844
66.996822 2.476822 -0.104778 -17.693787
-131.145575 -1.486026 0.941445 -6.502187
-127.182727 -1.486026 -3.590122 -8.317688
-123.219879 -1.486026 3.250775 0.005634
-119.257031 -1.486026 18.123514 12.026252
-115.294183 -1.486026 10.624741 -0.157896
-111.331335 -1.486026 11.718719 -0.900749
-107.368487 -1.486026 10.885363 -0.342502
-103.405639 -1.486026 10.903808 -0.914421
-99.442791 -1.486026 10.961370 -0.362383
-95.479943 -1.486026 11.123267 -0.638677
-91.517095 -1.486026 11.214539 -0.389233
-87.554247 -1.486026 11.147819 -0.219225
-83.591400 -1.486026 10.966491 -0.387092
-79.628552 -1.486026 11.888719 0.076652
-75.665704 -1.486026 11.613311 -0.305905
-71.702856 -1.486026 11.575407 -0.058186
-67.740008 -1.486026 11.937042 -0.143549
-63.777160 -1.486026 11.675716 0.101845
-59.814312 -1.486026 11.325682 -0.228751
-55.851464 -1.486026 11.811408 0.395934
-51.888616 -1.486026 11.586159 0.517025
-47.925768 -1.486026 11.561029 0.162731
-43.962920 -1.486026 11.747194 0.669243
-40.000072 -1.486026 11.485216 0.518344
-36.037224 -1.486026 11.141617 0.586376
-32.074376 -1.486026 11.530853 0.001963
-28.111528 -1.486026 11.076111 0.765521
-24.148680 -1.486026 10.968267 0.887076
-20.185832 -1.486026 11.739484 0.474815
-16.222984 -1.486026 10.845138 0.248466
-12.260136 -1.486026 11.051478 0.628661
-8.297289 -1.486026 11.236780 0.358491
-4.334441 -1.486026 10.881183 0.896600
-0.371593 -1.486026 10.889911 0.619400
3.591255 -1.486026 11.171272 0.330526
7.554103 -1.486026 10.783041 0.743524
11.516951 -1.486026 11.300524 0.283386
15.479799 -1.486026 11.030801 0.762502
19.442647 -1.486026 11.020803 0.203669
23.405495 -1.486026 10.608532 0.558759
27.368343 -1.486026 10.793171 0.504679
31.331191 -1.486026 10.756143 0.513375
35.294039 -1.486026 11.618119 0.403849
39.256887 -1.486026 11.242526 -0.025311
43.219735 -1.486026 11.138126 0.250508
47.182583 -1.486026 11.042172 -0.073818
51.145431 -1.486026 11.117770 -0.150115
55.108279 -1.486026 10.919041 0.437709
59.071127 -1.486026 10.671266 0.510033
63.033975 -1.486026 10.895346 0.190216
66.996822 -1.486026 11.062296 -0.249642
-131.145575 -5.448874 1.431280 -11.179019
-127.182727 -5.448874 13.071016 2.257167
-123.219879 -5.448874 -4.070329 -15.400084
-119.257031 -5.448874 10.566380 -0.135243
-115.294183 -5.448874 -14.330095 -4.536270
-111.331335 -5.448874 13.064085 -6.602163
-107.368487 -5.448874 11.060088 -0.505970
-103.405639 -5.448874 11.427151 -0.140394
-99.442791 -5.448874 11.535872 -0.475331
-95.479943 -5.448874 11.262317 -0.380505
-91.517095 -5.448874 11.198848 -0.226068
-87.554247 -5.448874 11.678411 0.308770
-83.591400 -5.448874 11.731713 0.020908
-79.628552 -5.448874 11.789834 -0.229742
-75.665704 -5.448874 10.935224 -0.336350
-71.702856 -5.448874 11.454428 0.090031
-67.740008 -5.448874 11.726081 -0.152168
-63.777160 -5.448874 11.621715 0.394562
-59.814312 -5.448874 11.173745 0.440750
-55.851464 -5.448874 11.720034 0.351062
-51.888616 -5.448874 11.450325 0.567843
-47.925768 -5.448874 11.355856 0.594604
-43.962920 -5.448874 11.002727 0.397757
-40.000072 -5.448874 11.362609 0.495003
-36.037224 -5.448874 11.569945 0.317149
-32.074376 -5.448874 11.498614 0.325821
-28.111528 -5.448874 11.002168 0.656135
-24.148680 -5.448874 11.195807 0.553871
-20.185832 -5.448874 11.425577 0.544415
-16.222984 -5.448874 11.231661 0.343527
-12.260136 -5.448874 11.038080 0.424522
-8.297289 -5.448874 10.746944 0.336092
-4.334441 -5.448874 10.964556 0.500671
-0.371593 -5.448874 11.491284 0.395501
3.591255 -5.448874 11.049953 0.346972
7.554103 -5.448874 10.911412 0.319312
11.516951 -5.448874 10.945910 0.311785
15.479799 -5.448874 10.531351 0.654092
19.442647 -5.448874 11.118987 0.304895
23.405495 -5.448874 10.948055 0.396157
27.368343 -5.448874 11.000695 0.118298
31.331191 -5.448874 11.769699 1.209563
35.294039 -5.448874 10.842027 0.591640
39.256887 -5.448874 10.836117 0.566190
43.219735 -5.448874 10.885109 -0.230599
47.182583 -5.448874 10.484255 0.747256
51.145431 -5.448874 10.798213 0.341302
55.108279 -5.448874 10.768890 0.514974
59.071127 -5.448874 10.737335 -0.195185
63.033975 -5.448874 11.190000 0.286552
66.996822 -5.448874 11.034359 -0.034334
-131.145575 -9.411722 -8.555624 2.968354
-127.182727 -9.411722 15.443392 -0.293826
-123.219879 -9.411722 10.779902 -11.667249
-119.257031 -9.411722 6.478231 -13.377485
-115.294183 -9.411722 -16.689432 -11.118329
-111.331335 -9.411722 11.502979 -0.121550
-107.368487 -9.411722 11.372257 -0.028278
-103.405639 -9.411722 11.155550 -0.320253
-99.442791 -9.411722 10.915545 -0.786409
-95.479943 -9.411722 11.395663 -0.588886
-91.517095 -9.411722 11.736979 -0.324945
-87.554247 -9.411722 11.387796 -0.026244
-83.591400 -9.411722 11.721844 -0.280153
-79.628552 -9.411722 11.273254 0.282616
-75.665704 -9.411722 11.534934 0.138291
-71.702856 -9.411722 11.515908 -0.235559
-67.740008 -9.411722 11.665730 0.332373
-63.777160 -9.411722 11.492736 0.303689
-59.814312 -9.411722 11.223210 0.350967
-55.851464 -9.411722 11.751063 0.331735
-51.888616 -9.411722 11.058902 0.257005
-47.925768 -9.411722 11.559673 0.296991
-43.962920 -9.411722 10.989015 -0.138432
-40.000072 -9.411722 11.255602 0.467237
-36.037224 -9.411722 11.309869 0.403562
-32.074376 -9.411722 11.353456 0.401056
-28.111528 -9.411722 11.290688 0.075049
-24.148680 -9.411722 11.222509 0.491505
-20.185832 -9.411722 11.713410 0.313512
-16.222984 -9.411722 11.102889 0.152581
-12.260136 -9.411722 11.197828 0.479911
-8.297289 -9.411722 10.772168 0.190408
-4.334441 -9.411722 11.219417 0.254089
-0.371593 -9.411722 10.903008 0.519061
3.591255 -9.411722 10.993302 0.596430
7.554103 -9.411722 10.875651 0.265379
11.516951 -9.411722 10.996602 0.423094
15.479799 -9.411722 10.866124 0.416556
19.442647 -9.411722 10.757465 0.756213
23.405495 -9.411722 11.055082 0.659074
27.368343 -9.411722 11.099322 0.425692
31.331191 -9.411722 10.840308 0.563617
35.294039 -9.411722 10.895603 -0.018153
39.256887 -9.411722 10.929137 0.172216
43.219735 -9.411722 10.358251 0.065076
47.182583 -9.411722 11.158804 0.373825
51.145431 -9.411722 11.119903 0.449810
55.108279 -9.411722 11.258373 -0.006870
59.071127 -9.411722 10.761830 0.190575
63.033975 -9.411722 10.990866 0.797373
66.996822 -9.411722 10.975470 0.105325
-131.145575 -13.374570 16.500359 6.126570
-127.182727 -13.374570 15.006818 13.112528
-123.219879 -13.374570 -4.893946 13.762584
-119.257031 -13.374570 11.246438 -0.830572
-115.294183 -13.374570 -7.197947 -16.797846
-111.331335 -13.374570 10.473956 -0.315371
-107.368487 -13.374570 10.566003 -0.250647
-103.405639 -13.374570 11.081882 -0.658611
-99.442791 -13.374570 10.967021 0.311868
-95.479943 -13.374570 11.545094 -0.411123
-91.517095 -13.374570 11.214664 -0.185990
-87.554247 -13.374570 11.430583 -0.099136
-83.591400 -13.374570 11.170754 0.188593
-79.628552 -13.374570 11.721718 0.253279
-75.665704 -13.374570 11.302296 0.107433
-71.702856 -13.374570 11.343301 -0.034188
-67.740008 -13.374570 11.231627 0.346984
-63.777160 -13.374570 11.600109 -0.099433
-59.814312 -13.374570 11.542056 0.371191
-55.851464 -13.374570 11.185789 -0.015750
-51.888616 -13.374570 11.698580 0.384160
-47.925768 -13.374570 11.246703 0.338443
-43.962920 -13.374570 10.970570 0.568752
-40.000072 -13.374570 11.657990 0.085273
-36.037224 -13.374570 10.993708 0.390247
-32.074376 -13.374570 11.425047 0.074766
-28.111528 -13.374570 11.292360 0.521392
-24.148680 -13.374570 11.317717 0.435517
-20.185832 -13.374570 11.195139 0.385978
-16.222984 -13.374570 11.599295 0.077958
-12.260136 -13.374570 11.049376 0.399696
-8.297289 -13.374570 11.243411 0.501479
-4.334441 -13.374570 11.112451 -0.266863
-0.371593 -13.374570 10.685908 0.625938
3.591255 -13.374570 10.792708 0.554714
7.554103 -13.374570 11.133321 0.540578
11.516951 -13.374570 11.032457 0.063054
15.479799 -13.374570 10.998682 0.366387
19.442647 -13.374570 11.230894 0.491168
23.405495 -13.374570 11.345097 0.143206
27.368343 -13.374570 10.253633 0.890689
31.331191 -13.374570 10.803002 0.127822
35.294039 -13.374570 11.032084 0.285642
39.256887 -13.374570 10.825203 -0.136908
43.219735 -13.374570 10.899296 0.261033
47.182583 -13.374570 10.512065 0.005310
51.145431 -13.374570 11.535093 0.257398
55.108279 -13.374570 10.591166 0.385096
59.071127 -13.374570 10.923041 0.313478
63.033975 -13.374570 10.634447 0.613880
66.996822 -13.374570 11.057579 -0.563209
-131.145575 -17.337417 2.025643 -11.208467
-127.182727 -17.337417 17.895027 12.540879
-123.219879 -17.337417 -14.816266 -15.466920
-119.257031 -17.337417 -12.423161 14.103539
-115.294183 -17.337417 11.722961 -0.703877
-111.331335 -17.337417 11.277266 -0.164086
-107.368487 -17.337417 10.608458 -0.082328
-103.405639 -17.337417 11.419356 -0.095294
-99.442791 -17.337417 10.498541 -0.484305
-95.479943 -17.337417 10.560308 0.070354
-91.517095 -17.337417 11.094610 -0.156210
-87.554247 -17.337417 10.700910 -0.452265
-83.591400 -17.337417 11.365709 0.657777
-79.628552 -17.337417 11.252599 0.018775
-75.665704 -17.337417 11.555395 -0.367018
-71.702856 -17.337417 11.744131 -0.046695
-67.740008 -17.337417 11.015424 -0.037274
-63.777160 -17.337417 11.863207 -0.123947
-59.814312 -17.337417 11.704343 0.277234
-55.851464 -17.337417 11.887509 0.297709
-51.888616 -17.337417 11.789391 0.338296
-47.925768 -17.337417 11.080690 0.029738
-43.962920 -17.337417 11.154022 0.127121
-40.000072 -17.337417 11.756787 0.432924
-36.037224 -17.337417 11.300632 0.393061
-32.074376 -17.337417 11.780902 0.539444
-28.111528 -17.337417 11.455626 0.235119
-24.148680 -17.337417 11.179612 0.331133
-20.185832 -17.337417 11.561977 0.454566
-16.222984 -17.337417 10.903721 0.313681
-12.260136 -17.337417 11.078645 0.082603
-8.297289 -17.337417 11.209583 0.394661
-4.334441 -17.337417 11.197189 0.204723
-0.371593 -17.337417 10.792052 0.202651
3.591255 -17.337417 10.913427 0.119767
7.554103 -17.337417 11.391199 0.160304
11.516951 -17.337417 10.534880 0.020468
15.479799 -17.337417 10.904633 0.333946
19.442647 -17.337417 11.031462 0.392264
23.405495 -17.337417 10.857184 0.223611
27.368343 -17.337417 10.961782 0.488979
31.331191 -17.337417 10.222836 0.259419
35.294039 -17.337417 10.908756 0.192237
39.256887 -17.337417 10.816651 0.356947
43.219735 -17.337417 11.025246 -0.295065
47.182583 -17.337417 10.095148 1.032608
51.145431 -17.337417 10.795518 0.812336
55.108279 -17.337417 10.842325 0.126178
59.071127 -17.337417 10.828032 0.551462
63.033975 -17.337417 10.988434 0.562959
66.996822 -17.337417 10.485945 0.906837
-131.145575 -21.300265 -12.310048 -17.006210
-127.182727 -21.300265 -7.318649 5.546536
-123.219879 -21.300265 5.188201 -10.404225
-119.257031 -21.300265 9.962527 -2.312399
-115.294183 -21.300265 10.816257 0.316962
-111.331335 -21.300265 11.319464 -0.858905
-107.368487 -21.300265 6.348179 -11.384629
-103.405639 -21.300265 10.437258 -0.652533
-99.442791 -21.300265 11.021307 0.662004
-95.479943 -21.300265 11.323019 0.542216
-91.517095 -21.300265 11.967179 0.151681
-87.554247 -21.300265 11.116097 0.068542
-83.591400 -21.300265 -0.055337 5.620630
-79.628552 -21.300265 11.222442 -0.331298
-75.665704 -21.300265 11.168968 0.182229
-71.702856 -21.300265 10.520407 0.339390
-67.740008 -21.300265 11.382289 0.346841
-63.777160 -21.300265 11.400723 -0.055758
-59.814312 -21.300265 10.883824 0.327107
-55.851464 -21.300265 10.818027 0.166327
-51.888616 -21.300265 10.983987 0.052019
-47.925768 -21.300265 11.445338 0.758445
-43.962920 -21.300265 11.101980 0.304865
-40.000072 -21.300265 11.148033 -0.042949
-36.037224 -21.300265 11.495635 0.315678
-32.074376 -21.300265 11.419559 -0.122302
-28.111528 -21.300265 11.193813 0.186443
-24.148680 -21.300265 10.911608 0.427057
-20.185832 -21.300265 11.391672 0.333378
-16.222984 -21.300265 11.143745 0.309622
-12.260136 -21.300265 11.620129 0.639769
-8.297289 -21.300265 10.835377 0.359986
-4.334441 -21.300265 10.938988 0.510069
-0.371593 -21.300265 11.302944 0.469424
3.591255 -21.300265 11.058261 0.313062
7.554103 -21.300265 10.900687 0.100270
11.516951 -21.300265 11.098167 -0.132255
15.479799 -21.300265 11.000196 0.076796
19.442647 -21.300265 10.518256 0.321304
23.405495 -21.300265 11.642692 0.280377
27.368343 -21.300265 11.190829 0.310931
31.331191 -21.300265 11.249458 -0.211241
35.294039 -21.300265 10.838927 0.423230
39.256887 -21.300265 10.546249 0.804013
43.219735 -21.300265 11.101745 0.448177
47.182583 -21.300265 11.131788 0.625433
51.145431 -21.300265 10.765378 0.617276
55.108279 -21.300265 10.700541 -0.425580
59.071127 -21.300265 10.976448 -0.364373
63.033975 -21.300265 10.991741 0.334982
66.996822 -21.300265 10.765005 -0.181972
-131.145575 -25.263113 2.030292 -0.089921
-127.182727 -25.263113 3.586155 1.504040
-123.219879 -25.263113 3.714074 2.445574
-119.257031 -25.263113 -0.509197 16.497995
-115.294183 -25.263113 15.124946 -15.190251
-111.331335 -25.263113 10.448861 0.087983
-107.368487 -25.263113 11.396461 0.109115
-103.405639 -25.263113 11.079185 0.314481
-99.442791 -25.263113 10.687450 0.415020
-95.479943 -25.263113 9.762835 -0.475597
-91.517095 -25.263113 10.293974 0.495842
-87.554247 -25.263113 11.353252 0.832727
-83.591400 -25.263113 11.760591 0.238609
-79.628552 -25.263113 10.815919 -0.033159
-75.665704 -25.263113 10.976969 -0.083640
-71.702856 -25.263113 11.066808 -0.041855
-67.740008 -25.263113 10.985511 0.265454
-63.777160 -25.263113 11.120436 0.311297
-59.814312 -25.263113 11.027864 0.269666
-55.851464 -25.263113 11.384805 0.549750
-51.888616 -25.263113 10.521597 0.154013
-47.925768 -25.263113 11.024834 0.081314
-43.962920 -25.263113 11.243326 0.024437
-40.000072 -25.263113 11.402848 1.023986
-36.037224 -25.263113 11.175014 0.207096
-32.074376 -25.263113 11.031676 0.525456
-28.111528 -25.263113 11.143692 0.515461
-24.148680 -25.263113 10.890698 0.585937
-20.185832 -25.263113 11.330334 0.341564
-16.222984 -25.263113 11.477727 1.035772
-12.260136 -25.263113 10.651530 1.706096
-8.297289 -25.263113 10.573213 0.942771
-4.334441 -25.263113 10.672832 0.288842
-0.371593 -25.263113 11.241326 0.603029
3.591255 -25.263113 10.899588 0.047502
7.554103 -25.263113 11.078550 0.328859
11.516951 -25.263113 10.750743 0.547203
15.479799 -25.263113 10.771211 0.160311
19.442647 -25.263113 10.719678 0.542989
23.405495 -25.263113 11.070519 0.269947
27.368343 -25.263113 11.111920 0.936212
31.331191 -25.263113 11.020782 0.028459
35.294039 -25.263113 10.865952 0.600150
39.256887 -25.263113 10.251021 0.253081
43.219735 -25.263113 10.776099 -0.024886
47.182583 -25.263113 10.737649 0.443806
51.145431 -25.263113 11.293231 0.375179
55.108279 -25.263113 10.248492 -0.079762
59.071127 -25.263113 10.952941 0.525632
63.033975 -25.263113 10.977971 0.328447
66.996822 -25.263113 11.538930 -0.246540
-131.145575 -29.225961 -1.821976 -11.476414
-127.182727 -29.225961 -2.636134 -17.336105
-123.219879 -29.225961 -12.293547 8.355798
-119.257031 -29.225961 -16.916115 5.508575
-115.294183 -29.225961 10.833998 0.701574
-111.331335 -29.225961 10.587621 0.529984
-107.368487 -29.225961 10.782238 0.458670
-103.405639 -29.225961 11.512413 0.457696
-99.442791 -29.225961 10.869867 0.442512
-95.479943 -29.225961 10.873699 0.184387
-91.517095 -29.225961 10.965537 -0.464264
-87.554247 -29.225961 10.634777 -0.441443
-83.591400 -29.225961 10.425715 0.229117
-79.628552 -29.225961 10.961225 -0.101118
-75.665704 -29.225961 10.694072 -0.032150
-71.702856 -29.225961 11.239024 -0.265965
-67.740008 -29.225961 11.070881 -0.341215
-63.777160 -29.225961 11.497783 -0.561558
-59.814312 -29.225961 11.389192 0.188506
-55.851464 -29.225961 11.788665 -0.223071
-51.888616 -29.225961 11.257306 0.414754
-47.925768 -29.225961 11.287846 0.563079
-43.962920 -29.225961 11.345863 0.447033
-40.000072 -29.225961 11.003042 0.298682
-36.037224 -29.225961 10.996848 0.393813
-32.074376 -29.225961 10.947257 0.340774
-28.111528 -29.225961 11.454333 0.242003
-24.148680 -29.225961 11.011654 0.261818
-20.185832 -29.225961 11.694448 0.219352
-16.222984 -29.225961 11.034465 0.124339
-12.260136 -29.225961 10.947339 0.713200
-8.297289 -29.225961 10.367352 0.789389
-4.334441 -29.225961 11.133359 -0.004250
-0.371593 -29.225961 10.786299 -0.017395
3.591255 -29.225961 10.859009 0.480620
7.554103 -29.225961 10.808382 0.434123
11.516951 -29.225961 10.970504 0.343982
15.479799 -29.225961 10.756979 -0.264249
19.442647 -29.225961 10.823955 0.026965
23.405495 -29.225961 11.386065 0.423148
27.368343 -29.225961 10.916918 0.454727
31.331191 -29.225961 10.943543 0.285676
35.294039 -29.225961 10.909105 -0.375221
39.256887 -29.225961 10.724600 0.323951
43.219735 -29.225961 10.710164 0.146153
47.182583 -29.225961 11.752577 -0.339706
51.145431 -29.225961 11.153523 0.027084
55.108279 -29.225961 10.676770 -0.190742
59.071127 -29.225961 10.783814 0.252418
63.033975 -29.225961 11.015496 -1.021008
66.996822 -29.225961 10.347583 0.362404
-131.145575 -33.188809 15.117270 11.995887
-127.182727 -33.188809 17.934134 -7.826030
-123.219879 -33.188809 3.026394 14.617093
-119.257031 -33.188809 1.000729 -1.308365
-115.294183 -33.188809 12.106612 -2.847359
-111.331335 -33.188809 10.904536 -0.227363
-107.368487 -33.188809 9.768934 0.599360
-103.405639 -33.188809 10.712481 2.039679
-99.442791 -33.188809 11.759634 -0.047409
-95.479943 -33.188809 11.021064 0.123506
-91.517095 -33.188809 11.506322 0.199805
-87.554247 -33.188809 10.860940 -0.170685
-83.591400 -33.188809 11.405064 -0.070591
-79.628552 -33.188809 10.577291 0.369366
-75.665704 -33.188809 10.918532 0.169364
-71.702856 -33.188809 12.020610 0.196433
-67.740008 -33.188809 11.508162 0.085362
-63.777160 -33.188809 11.535908 0.723023
-59.814312 -33.188809 11.078135 0.254588
-55.851464 -33.188809 11.680659 0.110899
-51.888616 -33.188809 10.965031 0.327534
-47.925768 -33.188809 11.425888 0.259219
-43.962920 -33.188809 11.409530 0.063546
-40.000072 -33.188809 10.688576 0.117925
-36.037224 -33.188809 11.204237 0.719002
-32.074376 -33.188809 11.581847 0.491460
-28.111528 -33.188809 11.141241 0.434871
-24.148680 -33.188809 11.019456 0.339253
-20.185832 -33.188809 10.956946 0.318030
-16.222984 -33.188809 10.997624 0.014057
-12.260136 -33.188809 11.341464 -0.004631
-8.297289 -33.188809 11.092728 0.190792
-4.334441 -33.188809 10.763178 0.933511
-0.371593 -33.188809 10.900116 0.594042
3.591255 -33.188809 11.255072 0.658338
7.554103 -33.188809 10.920101 0.250426
11.516951 -33.188809 11.042901 0.618892
15.479799 -33.188809 10.736371 -0.295487
19.442647 -33.188809 10.962356 0.103907
23.405495 -33.188809 10.583974 0.601337
27.368343 -33.188809 11.358736 0.366967
31.331191 -33.188809 9.983082 0.864043
35.294039 -33.188809 10.735229 0.159165
39.256887 -33.188809 11.493777 0.126465
43.219735 -33.188809 11.151082 0.206960
47.182583 -33.188809 11.273505 0.273919
51.145431 -33.188809 10.707721 0.031087
55.108279 -33.188809 11.149631 -0.461738
59.071127 -33.188809 11.232837 0.550371
63.033975 -33.188809 11.057196 1.016481
66.996822 -33.188809 10.357052 0.784228
-131.145575 -37.151657 -2.017026 8.696925
-127.182727 -37.151657 12.387856 15.700708
-123.219879 -37.151657 15.294234 -7.649430
-119.257031 -37.151657 15.220249 -17.905384
-115.294183 -37.151657 -4.153873 15.723264
-111.331335 -37.151657 11.978455 -0.153209
-107.368487 -37.151657 10.935773 -2.698283
-103.405639 -37.151657 10.347370 0.824388
-99.442791 -37.151657 9.952170 0.590978
-95.479943 -37.151657 11.055701 0.774645
-91.517095 -37.151657 11.218906 0.225166
-87.554247 -37.151657 11.091267 0.373934
-83.591400 -37.151657 11.688751 0.238917
-79.628552 -37.151657 11.683719 0.016684
-75.665704 -37.151657 10.917988 -0.461674
-71.702856 -37.151657 11.300553 -0.306683
-67.740008 -37.151657 11.012421 0.274027
-63.777160 -37.151657 11.585245 0.000478
-59.814312 -37.151657 10.934307 0.122393
-55.851464 -37.151657 11.482941 0.552619
-51.888616 -37.151657 11.097471 -0.083370
-47.925768 -37.151657 10.628178 0.231146
-43.962920 -37.151657 11.880801 0.125539
-40.000072 -37.151657 11.195688 0.332409
-36.037224 -37.151657 11.253948 0.177653
-32.074376 -37.151657 11.032510 0.380863
-28.111528 -37.151657 10.889458 0.083233
-24.148680 -37.151657 10.208169 0.296943
-20.185832 -37.151657 8.922603 16.012791
-16.222984 -37.151657 11.160195 0.866257
-12.260136 -37.151657 10.932063 0.298031
-8.297289 -37.151657 11.324875 0.242488
-4.334441 -37.151657 11.824901 -0.491455
-0.371593 -37.151657 11.401402 0.470185
3.591255 -37.151657 10.726407 -0.181192
7.554103 -37.151657 10.739104 0.635562
11.516951 -37.151657 10.406368 0.681268
15.479799 -37.151657 11.124348 0.353609
19.442647 -37.151657 10.965045 0.529059
23.405495 -37.151657 10.302538 0.779257
27.368343 -37.151657 9.828390 0.567992
31.331191 -37.151657 12.077549 0.235104
35.294039 -37.151657 10.730644 0.358171
39.256887 -37.151657 11.311187 -0.307883
43.219735 -37.151657 10.909248 -0.143720
47.182583 -37.151657 10.345481 0.257929
51.145431 -37.151657 10.588462 -0.094661
55.108279 -37.151657 11.224247 0.515008
59.071127 -37.151657 -3.196354 2.914308
63.033975 -37.151657 11.102038 0.384262
66.996822 -37.151657 11.611693 -0.538480
-131.145575 -41.114505 -5.152203 -11.196190
-127.182727 -41.114505 -6.979834 0.112510
-123.219879 -41.114505 2.093190 -5.563986
-119.257031 -41.114505 1.137855 -6.505313
-115.294183 -41.114505 12.857233 -0.431831
-111.331335 -41.114505 9.977980 1.247851
-107.368487 -41.114505 10.754542 -0.332663
-103.405639 -41.114505 11.083829 -0.295465
-99.442791 -41.114505 12.524557 -0.746581
-95.479943 -41.114505 -0.079775 1.095056
-91.517095 -41.114505 11.669110 -0.224902
-87.554247 -41.114505 10.835454 -0.183289
-83.591400 -41.114505 10.852373 0.314460
-79.628552 -41.114505 9.876468 1.283425
-75.665704 -41.114505 10.356583 -0.727044
-71.702856 -41.114505 11.312594 0.044498
-67.740008 -41.114505 11.497024 -0.159711
-63.777160 -41.114505 11.327613 0.159812
-59.814312 -41.114505 11.826269 -0.283056
-55.851464 -41.114505 11.630026 -0.272632
-51.888616 -41.114505 11.245698 0.412801
-47.925768 -41.114505 10.865910 -0.213765
-43.962920 -41.114505 11.796257 0.064674
-40.000072 -41.114505 10.928910 0.522189
-36.037224 -41.114505 10.900805 -0.342425
-32.074376 -41.114505 10.901972 0.179583
-28.111528 -41.114505 11.244944 0.319254
-24.148680 -41.114505 10.884572 0.362584
-20.185832 -41.114505 11.117888 0.050918
-16.222984 -41.114505 10.613225 0.729977
-12.260136 -41.114505 10.858611 0.305670
-8.297289 -41.114505 10.896338 0.654514
-4.334441 -41.114505 9.843546 1.501018
-0.371593 -41.114505 11.324021 0.325821
3.591255 -41.114505 -11.645017 9.713124
7.554103 -41.114505 11.408363 0.431670
11.516951 -41.114505 10.702276 0.178894
15.479799 -41.114505 10.217776 0.069453
19.442647 -41.114505 10.866071 0.427140
23.405495 -41.114505 10.430514 0.252584
27.368343 -41.114505 11.041076 0.094042
31.331191 -41.114505 11.075419 0.516545
35.294039 -41.114505 11.295597 0.715076
39.256887 -41.114505 10.915515 1.222411
43.219735 -41.114505 10.008361 0.236723
47.182583 -41.114505 11.038757 -0.043787
51.145431 -41.114505 10.795516 -1.844844
55.108279 -41.114505 9.771723 0.388846
59.071127 -41.114505 10.628788 0.444475
63.033975 -41.114505 11.549627 0.120893
66.996822 -41.114505 10.509505 -1.385987
-131.145575 -45.077353 5.309961 -1.731471
-127.182727 -45.077353 2.083330 -8.374314
-123.219879 -45.077353 -0.290491 11.220736
-119.257031 -45.077353 -0.620691 4.958527
-115.294183 -45.077353 8.540785 0.500995
-111.331335 -45.077353 7.493641 7.871620
-107.368487 -45.077353 10.624425 0.966232
-103.405639 -45.077353 11.954986 1.632954
-99.442791 -45.077353 12.014403 0.907987
-95.479943 -45.077353 11.487392 0.348033
-91.517095 -45.077353 10.859899 0.250199
-87.554247 -45.077353 11.103381 -1.308257
-83.591400 -45.077353 11.001126 0.348607
-79.628552 -45.077353 11.532372 0.636556
-75.665704 -45.077353 11.670236 0.208881
-71.702856 -45.077353 10.325507 0.411192
-67.740008 -45.077353 9.730684 0.081329
-63.777160 -45.077353 10.830455 0.197901
-59.814312 -45.077353 11.422207 0.479923
-55.851464 -45.077353 10.592945 -0.226642
-51.888616 -45.077353 12.179220 0.303524
-47.925768 -45.077353 10.905845 0.421746
-43.962920 -45.077353 11.153480 1.682708
-40.000072 -45.077353 11.088278 -0.265540
-36.037224 -45.077353 11.227834 0.290051
-32.074376 -45.077353 10.502549 -0.037047
-28.111528 -45.077353 10.962290 0.475824
-24.148680 -45.077353 11.486771 0.412317
-20.185832 -45.077353 11.278538 -0.110712
-16.222984 -45.077353 11.210538 -0.391023
-12.260136 -45.077353 10.943917 -0.141961
-8.297289 -45.077353 10.747728 0.596038
-4.334441 -45.077353 10.745955 0.555281
-0.371593 -45.077353 10.492276 0.694617
3.591255 -45.077353 9.943069 0.554540
7.554103 -45.077353 11.037424 0.987571
11.516951 -45.077353 11.127640 0.675616
15.479799 -45.077353 9.888012 0.118595
19.442647 -45.077353 10.651750 -0.353194
23.405495 -45.077353 10.916397 0.047885
27.368343 -45.077353 11.411026 0.274865
31.331191 -45.077353 11.510403 -0.591419
35.294039 -45.077353 10.938530 0.446356
39.256887 -45.077353 10.884196 0.529965
43.219735 -45.077353 12.242270 0.817949
47.182583 -45.077353 9.258894 -13.717370
51.145431 -45.077353 7.605759 -2.862994
55.108279 -45.077353 10.542685 0.014305
59.071127 -45.077353 -16.942749 -2.064689
63.033975 -45.077353 9.828783 0.293096
66.996822 -45.077353 -5.265929 13.232026
-131.145575 -49.040201 -15.119020 7.301326
-127.182727 -49.040201 0.350965 15.339921
-123.219879 -49.040201 0.160486 12.962209
-119.257031 -49.040201 8.329433 1.002406
-115.294183 -49.040201 4.389322 -6.334243
-111.331335 -49.040201 11.652812 0.384295
-107.368487 -49.040201 6.795850 0.977661
-103.405639 -49.040201 9.377386 1.413121
-99.442791 -49.040201 10.498008 -0.124547
-95.479943 -49.040201 13.419841 1.385731
-91.517095 -49.040201 11.460477 -0.059080
-87.554247 -49.040201 10.872189 -0.476300
-83.591400 -49.040201 11.684916 0.553713
-79.628552 -49.040201 11.544862 -0.388728
-75.665704 -49.040201 8.088307 1.744569
-71.702856 -49.040201 11.067208 0.578625
-67.740008 -49.040201 10.807986 0.594985
-63.777160 -49.040201 11.173617 -0.071695
-59.814312 -49.040201 10.095216 0.002777
-55.851464 -49.040201 8.203896 -11.286540
-51.888616 -49.040201 10.906023 0.021884
-47.925768 -49.040201 11.088700 0.510277
-43.962920 -49.040201 10.980345 0.296276
-40.000072 -49.040201 10.857360 -0.228732
-36.037224 -49.040201 11.121880 0.305541
-32.074376 -49.040201 10.872437 0.032661
-28.111528 -49.040201 11.629353 0.747646
-24.148680 -49.040201 10.853771 0.759098
-20.185832 -49.040201 10.720319 0.156216
-16.222984 -49.040201 10.625015 0.281443
-12.260136 -49.040201 11.284045 -0.152208
-8.297289 -49.040201 10.790030 0.480158
-4.334441 -49.040201 10.881458 0.073985
-0.371593 -49.040201 11.340052 -0.012168
3.591255 -49.040201 9.978387 -0.047682
7.554103 -49.040201 11.540849 -0.379654
11.516951 -49.040201 10.377402 0.517973
15.479799 -49.040201 10.600383 0.363289
19.442647 -49.040201 10.967371 -0.772784
23.405495 -49.040201 11.155480 0.243400
27.368343 -49.040201 11.232960 -0.130164
31.331191 -49.040201 10.881473 0.454296
35.294039 -49.040201 11.908069 0.184682
39.256887 -49.040201 11.143063 0.593890
43.219735 -49.040201 11.706481 -0.035112
47.182583 -49.040201 10.984691 0.663795
51.145431 -49.040201 9.680544 -0.033761
55.108279 -49.040201 10.535309 1.108236
59.071127 -49.040201 11.437987 1.317649
63.033975 -49.040201 10.352157 1.611949
66.996822 -49.040201 9.870632 -1.809194
-131.145575 -53.003049 0.000000 0.000000
-127.182727 -53.003049 0.000000 0.000000
-123.219879 -53.003049 0.000000 0.000000
-119.257031 -53.003049 0.000000 0.000000
-115.294183 -53.003049 0.000000 0.000000
-111.331335 -53.003049 0.000000 0.000000
-107.368487 -53.003049 0.000000 0.000000
-103.405639 -53.003049 0.000000 0.000000
-99.442791 -53.003049 0.000000 0.000000
-95.479943 -53.003049 0.000000 0.000000
-91.517095 -53.003049 0.000000 0.000000
-87.554247 -53.003049 0.000000 0.000000
-83.591400 -53.003049 0.000000 0.000000
-79.628552 -53.003049 0.000000 0.000000
-75.665704 -53.003049 0.000000 0.000000
-71.702856 -53.003049 0.000000 0.000000
-67.740008 -53.003049 0.000000 0.000000
-63.777160 -53.003049 0.000000 0.000000
-59.814312 -53.003049 0.000000 0.000000
-55.851464 -53.003049 0.000000 0.000000
-51.888616 -53.003049 0.000000 0.000000
-47.925768 -53.003049 0.000000 0.000000
-43.962920 -53.003049 0.000000 0.000000
-40.000072 -53.003049 0.000000 0.000000
-36.037224 -53.003049 0.000000 0.000000
-32.074376 -53.003049 0.000000 0.000000
-28.111528 -53.003049 0.000000 0.000000
-24.148680 -53.003049 0.000000 0.000000
-20.185832 -53.003049 0.000000 0.000000
-16.222984 -53.003049 0.000000 0.000000
-12.260136 -53.003049 0.000000 0.000000
-8.297289 -53.003049 0.000000 0.000000
-4.334441 -53.003049 0.000000 0.000000
-0.371593 -53.003049 0.000000 0.000000
3.591255 -53.003049 0.000000 0.000000
7.554103 -53.003049 0.000000 0.000000
11.516951 -53.003049 0.000000 0.000000
15.479799 -53.003049 0.000000 0.000000
19.442647 -53.003049 0.000000 0.000000
23.405495 -53.003049 0.000000 0.000000
27.368343 -53.003049 0.000000 0.000000
31.331191 -53.003049 0.000000 0.000000
35.294039 -53.003049 0.000000 0.000000
39.256887 -53.003049 0.000000 0.000000
43.219735 -53.003049 0.000000 0.000000
47.182583 -53.003049 0.000000 0.000000
51.145431 -53.003049 0.000000 0.000000
55.108279 -53.003049 0.000000 0.000000
59.071127 -53.003049 0.000000 0.000000
63.033975 -53.003049 0.000000 0.000000
66.996822 -53.003049 0.000000 0.000000
