TITLE = "B00010"
VARIABLES = "position", "position(2)", "Vx", "Vy"
ZONE T="Frame 0", I=51, J=39
-131.145575 97.585173 4.936251 1.281678
-127.182727 97.585173 11.485481 0.430169
-123.219879 97.585173 11.609710 0.414905
-119.257031 97.585173 11.232707 0.556185
-115.294183 97.585173 11.374130 0.555876
-111.331335 97.585173 0.000000 0.000000
-107.368487 97.585173 0.000000 0.000000
-103.405639 97.585173 0.000000 0.000000
-99.442791 97.585173 0.000000 0.000000
-95.479943 97.585173 0.000000 0.000000
-91.517095 97.585173 0.000000 0.000000
-87.554247 97.585173 11.333255 0.240784
-83.591400 97.585173 11.447290 0.364433
-79.628552 97.585173 11.623296 0.353921
-75.665704 97.585173 11.602951 0.148454
-71.702856 97.585173 11.480015 0.403509
-67.740008 97.585173 11.335145 0.215520
-63.777160 97.585173 11.139146 0.271364
-59.814312 97.585173 11.314652 0.207618
-55.851464 97.585173 11.366401 0.173713
-51.888616 97.585173 11.543139 0.108258
-47.925768 97.585173 11.372581 0.026877
-43.962920 97.585173 11.453836 -0.073012
-40.000072 97.585173 11.535559 0.072347
-36.037224 97.585173 11.211446 -0.361759
-32.074376 97.585173 11.186501 0.000734
-28.111528 97.585173 11.399399 -0.148883
-24.148680 97.585173 11.367242 -0.030451
-20.185832 97.585173 11.106047 -0.181610
-16.222984 97.585173 11.129426 0.083896
-12.260136 97.585173 0.000000 0.000000
-8.297289 97.585173 0.000000 0.000000
-4.334441 97.585173 0.000000 0.000000
-0.371593 97.585173 11.225653 -0.052834
3.591255 97.585173 11.205346 -0.164371
7.554103 97.585173 10.997622 0.370495
11.516951 97.585173 11.073072 -0.159753
15.479799 97.585173 11.058968 0.176539
19.442647 97.585173 11.207438 -0.113879
23.405495 97.585173 11.217753 -0.025148
27.368343 97.585173 11.030545 0.195657
31.331191 97.585173 11.111163 -0.099075
35.294039 97.585173 11.087905 0.077136
39.256887 97.585173 11.096403 0.194609
43.219735 97.585173 11.083993 0.173182
47.182583 97.585173 10.946351 0.201267
51.145431 97.585173 10.974491 0.019978
55.108279 97.585173 10.940659 0.253562
59.071127 97.585173 10.915693 0.010722
63.033975 97.585173 10.973049 0.070250
66.996822 97.585173 10.902788 -0.005242
-131.145575 93.622325 11.232796 -0.220398
-127.182727 93.622325 -13.462951 16.492630
-123.219879 93.622325 11.371556 0.679190
-119.257031 93.622325 11.096304 0.511219
-115.294183 93.622325 11.113376 0.569382
-111.331335 93.622325 0.000000 0.000000
-107.368487 93.622325 0.000000 0.000000
-103.405639 93.622325 0.000000 0.000000
-99.442791 93.622325 0.000000 0.000000
-95.479943 93.622325 0.000000 0.000000
-91.517095 93.622325 0.000000 0.000000
-87.554247 93.622325 11.439809 0.370174
-83.591400 93.622325 11.666499 0.331236
-79.628552 93.622325 11.488011 0.288351
-75.665704 93.622325 11.516175 0.305058
-71.702856 93.622325 11.485262 0.322380
-67.740008 93.622325 11.466705 0.253216
-63.777160 93.622325 11.659370 0.351816
-59.814312 93.622325 11.352954 -0.023440
-55.851464 93.622325 11.391231 -0.195812
-51.888616 93.622325 11.484871 0.192829
-47.925768 93.622325 11.453923 0.263727
-43.962920 93.622325 11.407623 0.038223
-40.000072 93.622325 11.241972 -0.300536
-36.037224 93.622325 11.397112 -0.144851
-32.074376 93.622325 11.515206 -0.177881
-28.111528 93.622325 11.254725 0.051643
-24.148680 93.622325 11.275226 -0.113426
-20.185832 93.622325 11.183434 -0.185423
-16.222984 93.622325 11.137512 0.022673
-12.260136 93.622325 0.000000 0.000000
-8.297289 93.622325 0.000000 0.000000
-4.334441 93.622325 0.000000 0.000000
-0.371593 93.622325 11.032327 0.052500
3.591255 93.622325 11.095557 -0.060791
7.554103 93.622325 11.025826 -0.287754
11.516951 93.622325 11.236190 -0.131953
15.479799 93.622325 11.035579 -0.085565
19.442647 93.622325 11.222432 -0.006735
23.405495 93.622325 10.907683 0.145789
27.368343 93.622325 10.983420 -0.013494
31.331191 93.622325 11.051582 0.154906
35.294039 93.622325 11.026754 0.091043
39.256887 93.622325 11.033732 -0.088769
43.219735 93.622325 11.006894 -0.045243
47.182583 93.622325 11.031050 0.144008
51.145431 93.622325 11.037933 0.121498
55.108279 93.622325 10.944238 0.083007
59.071127 93.622325 10.990765 0.218756
63.033975 93.622325 11.015263 0.242013
66.996822 93.622325 10.895475 0.158756
-131.145575 89.659477 18.319813 10.201138
-127.182727 89.659477 11.294101 0.453155
-123.219879 89.659477 11.218356 0.580003
-119.257031 89.659477 11.517988 0.429496
-115.294183 89.659477 11.139865 0.557603
-111.331335 89.659477 0.000000 0.000000
-107.368487 89.659477 0.000000 0.000000
-103.405639 89.659477 0.000000 0.000000
-99.442791 89.659477 0.000000 0.000000
-95.479943 89.659477 0.000000 0.000000
-91.517095 89.659477 0.000000 0.000000
-87.554247 89.659477 11.520210 0.334335
-83.591400 89.659477 11.589562 0.484605
-79.628552 89.659477 11.304843 0.193227
-75.665704 89.659477 11.545809 0.026390
-71.702856 89.659477 11.409872 0.163460
-67.740008 89.659477 11.479532 0.219967
-63.777160 89.659477 11.379317 0.059873
-59.814312 89.659477 11.623752 0.147674
-55.851464 89.659477 11.601401 0.227987
-51.888616 89.659477 11.650937 0.039301
-47.925768 89.659477 11.497887 0.076296
-43.962920 89.659477 11.612435 0.025277
-40.000072 89.659477 11.368498 0.058621
-36.037224 89.659477 11.304421 -0.086804
-32.074376 89.659477 11.321792 0.093960
-28.111528 89.659477 11.311341 -0.200202
-24.148680 89.659477 11.296716 -0.298575
-20.185832 89.659477 11.424593 -0.180566
-16.222984 89.659477 11.102157 -0.142103
-12.260136 89.659477 0.000000 0.000000
-8.297289 89.659477 0.000000 0.000000
-4.334441 89.659477 0.000000 0.000000
-0.371593 89.659477 11.021958 -0.150341
3.591255 89.659477 11.064321 0.135035
7.554103 89.659477 10.972844 -0.150231
11.516951 89.659477 11.093986 -0.101749
15.479799 89.659477 10.948436 0.029390
19.442647 89.659477 11.028820 0.010081
23.405495 89.659477 10.905295 -0.130213
27.368343 89.659477 10.999203 -0.106369
31.331191 89.659477 10.962560 0.152600
35.294039 89.659477 10.939347 -0.121727
39.256887 89.659477 10.952538 0.160764
43.219735 89.659477 10.974660 0.025906
47.182583 89.659477 10.999354 -0.172896
51.145431 89.659477 10.924172 0.164325
55.108279 89.659477 10.891704 0.111482
59.071127 89.659477 10.913960 -0.078191
63.033975 89.659477 11.020560 -0.140936
66.996822 89.659477 10.844967 -0.083068
-131.145575 85.696629 10.994554 0.896631
-127.182727 85.696629 10.855278 0.177055
-123.219879 85.696629 10.853725 0.731056
-119.257031 85.696629 11.406052 0.421996
-115.294183 85.696629 11.255501 0.538666
-111.331335 85.696629 0.000000 0.000000
-107.368487 85.696629 0.000000 0.000000
-103.405639 85.696629 0.000000 0.000000
-99.442791 85.696629 0.000000 0.000000
-95.479943 85.696629 0.000000 0.000000
-91.517095 85.696629 0.000000 0.000000
-87.554247 85.696629 11.319726 0.405728
-83.591400 85.696629 11.524782 0.368300
-79.628552 85.696629 11.523204 0.340695
-75.665704 85.696629 11.753186 0.337649
-71.702856 85.696629 11.651771 0.290940
-67.740008 85.696629 11.582054 0.094545
-63.777160 85.696629 11.441383 0.139106
-59.814312 85.696629 11.394603 0.148371
-55.851464 85.696629 11.793189 0.079869
-51.888616 85.696629 11.503861 0.166913
-47.925768 85.696629 11.433564 -0.070418
-43.962920 85.696629 11.541936 0.046572
-40.000072 85.696629 11.372036 -0.229079
-36.037224 85.696629 11.255797 0.058676
-32.074376 85.696629 11.311013 -0.187001
-28.111528 85.696629 11.363150 0.026220
-24.148680 85.696629 11.305060 0.022196
-20.185832 85.696629 11.180739 -0.188827
-16.222984 85.696629 11.302985 -0.139308
-12.260136 85.696629 0.000000 0.000000
-8.297289 85.696629 0.000000 0.000000
-4.334441 85.696629 0.000000 0.000000
-0.371593 85.696629 11.125483 -0.119204
3.591255 85.696629 10.981748 -0.090641
7.554103 85.696629 11.064699 0.067661
11.516951 85.696629 11.070090 -0.008854
15.479799 85.696629 10.932842 0.056700
19.442647 85.696629 10.979914 -0.118590
23.405495 85.696629 11.053961 0.076399
27.368343 85.696629 11.122626 0.106897
31.331191 85.696629 11.109840 -0.092282
35.294039 85.696629 10.875916 0.094289
39.256887 85.696629 10.936090 -0.112650
43.219735 85.696629 10.897678 -0.012960
47.182583 85.696629 10.911933 -0.401143
51.145431 85.696629 11.113672 0.068375
55.108279 85.696629 10.896895 -0.048540
59.071127 85.696629 10.907069 0.183554
63.033975 85.696629 11.118438 -0.151349
66.996822 85.696629 10.974889 -0.261557
-131.145575 81.733781 11.043487 1.285194
-127.182727 81.733781 11.030210 0.289482
-123.219879 81.733781 11.131639 0.643461
-119.257031 81.733781 11.252401 0.656821
-115.294183 81.733781 11.410344 0.604656
-111.331335 81.733781 0.000000 0.000000
-107.368487 81.733781 0.000000 0.000000
-103.405639 81.733781 0.000000 0.000000
-99.442791 81.733781 0.000000 0.000000
-95.479943 81.733781 0.000000 0.000000
-91.517095 81.733781 0.000000 0.000000
-87.554247 81.733781 11.449624 0.362405
-83.591400 81.733781 11.703275 0.389449
-79.628552 81.733781 11.670525 0.462920
-75.665704 81.733781 11.591980 0.377581
-71.702856 81.733781 11.638878 0.222076
-67.740008 81.733781 11.616014 0.308892
-63.777160 81.733781 11.620286 0.176967
-59.814312 81.733781 11.526621 0.155920
-55.851464 81.733781 11.545838 0.092773
-51.888616 81.733781 11.540852 0.035576
-47.925768 81.733781 11.446512 -0.082654
-43.962920 81.733781 11.403634 -0.024576
-40.000072 81.733781 11.368490 -0.184369
-36.037224 81.733781 11.417266 -0.094293
-32.074376 81.733781 11.361616 -0.101311
-28.111528 81.733781 11.502864 -0.214758
-24.148680 81.733781 11.440511 -0.172821
-20.185832 81.733781 11.110833 -0.168524
-16.222984 81.733781 11.269489 0.121724
-12.260136 81.733781 0.000000 0.000000
-8.297289 81.733781 0.000000 0.000000
-4.334441 81.733781 0.000000 0.000000
-0.371593 81.733781 11.292990 -0.115017
3.591255 81.733781 10.974180 0.084907
7.554103 81.733781 11.057281 -0.160153
11.516951 81.733781 11.052327 -0.051424
15.479799 81.733781 11.030823 -0.253803
19.442647 81.733781 10.981037 -0.208252
23.405495 81.733781 10.917691 0.046244
27.368343 81.733781 10.950080 0.159477
31.331191 81.733781 10.857232 0.028041
35.294039 81.733781 11.119433 0.067776
39.256887 81.733781 11.014139 -0.051892
43.219735 81.733781 11.095712 0.187571
47.182583 81.733781 11.045918 0.010882
51.145431 81.733781 11.009420 0.059232
55.108279 81.733781 10.909364 -0.115043
59.071127 81.733781 10.979275 0.271874
63.033975 81.733781 11.021913 0.382718
66.996822 81.733781 11.005219 -0.000753
-131.145575 77.770933 -14.038339 -3.967612
-127.182727 77.770933 10.802720 0.462507
-123.219879 77.770933 10.975392 0.752071
-119.257031 77.770933 11.082559 0.549910
-115.294183 77.770933 11.445387 0.505114
-111.331335 77.770933 0.000000 0.000000
-107.368487 77.770933 0.000000 0.000000
-103.405639 77.770933 0.000000 0.000000
-99.442791 77.770933 0.000000 0.000000
-95.479943 77.770933 0.000000 0.000000
-91.517095 77.770933 11.647524 0.491711
-87.554247 77.770933 11.684562 0.378302
-83.591400 77.770933 11.305728 0.503837
-79.628552 77.770933 11.595316 0.339932
-75.665704 77.770933 11.658466 0.437915
-71.702856 77.770933 11.517918 0.328393
-67.740008 77.770933 11.667791 0.187702
-63.777160 77.770933 11.626726 0.322761
-59.814312 77.770933 11.576376 0.095829
-55.851464 77.770933 11.729127 -0.192634
-51.888616 77.770933 11.637531 0.158866
-47.925768 77.770933 11.340367 -0.096249
-43.962920 77.770933 11.447701 -0.122896
-40.000072 77.770933 11.619893 -0.114529
-36.037224 77.770933 11.644625 -0.252957
-32.074376 77.770933 11.514977 -0.247359
-28.111528 77.770933 11.353243 -0.163548
-24.148680 77.770933 11.332647 -0.227669
-20.185832 77.770933 11.259629 -0.107568
-16.222984 77.770933 11.220470 -0.101715
-12.260136 77.770933 0.000000 0.000000
-8.297289 77.770933 0.000000 0.000000
-4.334441 77.770933 0.000000 0.000000
-0.371593 77.770933 11.146247 -0.155692
3.591255 77.770933 11.162930 -0.220590
7.554103 77.770933 11.027509 -0.259750
11.516951 77.770933 10.911516 -0.089082
15.479799 77.770933 11.015807 -0.253750
19.442647 77.770933 11.074479 -0.164751
23.405495 77.770933 10.896433 0.005060
27.368343 77.770933 11.050432 0.085721
31.331191 77.770933 11.203915 -0.022650
35.294039 77.770933 10.860397 0.075260
39.256887 77.770933 10.966677 -0.080953
43.219735 77.770933 10.815165 -0.003351
47.182583 77.770933 10.906886 -0.010277
51.145431 77.770933 10.892576 -0.111882
55.108279 77.770933 10.920911 -0.037078
59.071127 77.770933 10.891489 -0.141767
63.033975 77.770933 10.834786 0.148255
66.996822 77.770933 11.111322 -0.222272
-131.145575 73.808085 -7.605728 -10.289821
-127.182727 73.808085 11.293592 0.313658
-123.219879 73.808085 11.088218 0.809005
-119.257031 73.808085 11.162405 0.671601
-115.294183 73.808085 11.619541 0.551441
-111.331335 73.808085 0.000000 0.000000
-107.368487 73.808085 0.000000 0.000000
-103.405639 73.808085 0.000000 0.000000
-99.442791 73.808085 0.000000 0.000000
-95.479943 73.808085 0.000000 0.000000
-91.517095 73.808085 11.346938 0.560146
-87.554247 73.808085 11.551210 0.445528
-83.591400 73.808085 11.567629 0.418643
-79.628552 73.808085 11.599874 0.233091
-75.665704 73.808085 11.830746 0.283974
-71.702856 73.808085 11.752251 0.174745
-67.740008 73.808085 11.821208 0.381521
-63.777160 73.808085 11.748689 0.230124
-59.814312 73.808085 11.735521 -0.067244
-55.851464 73.808085 11.571334 0.011228
-51.888616 73.808085 11.647478 -0.170810
-47.925768 73.808085 11.560967 -0.100642
-43.962920 73.808085 11.453495 -0.152354
-40.000072 73.808085 11.533160 -0.305100
-36.037224 73.808085 11.557619 -0.172342
-32.074376 73.808085 11.593882 -0.194404
-28.111528 73.808085 11.394586 -0.223300
-24.148680 73.808085 11.537190 -0.164460
-20.185832 73.808085 11.148293 -0.192300
-16.222984 73.808085 11.161147 -0.157996
-12.260136 73.808085 0.000000 0.000000
-8.297289 73.808085 0.000000 0.000000
-4.334441 73.808085 0.000000 0.000000
-0.371593 73.808085 11.004604 -0.352878
3.591255 73.808085 11.052966 -0.162093
7.554103 73.808085 10.955580 -0.100264
11.516951 73.808085 11.051857 -0.178563
15.479799 73.808085 10.905510 -0.117343
19.442647 73.808085 11.036511 0.093719
23.405495 73.808085 11.024643 -0.055026
27.368343 73.808085 11.088273 -0.064669
31.331191 73.808085 10.971150 0.014249
35.294039 73.808085 10.934402 0.052294
39.256887 73.808085 10.926402 0.005100
43.219735 73.808085 11.049989 0.041778
47.182583 73.808085 10.904194 0.069040
51.145431 73.808085 11.002676 0.093410
55.108279 73.808085 10.797507 0.178789
59.071127 73.808085 10.972097 0.174751
63.033975 73.808085 10.926746 -0.234657
66.996822 73.808085 10.994079 0.066492
-131.145575 69.845237 12.314514 0.933681
-127.182727 69.845237 -15.225824 -0.327453
-123.219879 69.845237 11.046646 1.051931
-119.257031 69.845237 11.005154 0.450245
-115.294183 69.845237 11.350245 0.804695
-111.331335 69.845237 0.000000 0.000000
-107.368487 69.845237 0.000000 0.000000
-103.405639 69.845237 0.000000 0.000000
-99.442791 69.845237 0.000000 0.000000
-95.479943 69.845237 0.000000 0.000000
-91.517095 69.845237 11.685343 0.633632
-87.554247 69.845237 11.613016 0.572689
-83.591400 69.845237 11.891344 0.594577
-79.628552 69.845237 11.760466 0.047619
-75.665704 69.845237 11.755956 0.128955
-71.702856 69.845237 11.873629 0.237786
-67.740008 69.845237 11.775972 0.103560
-63.777160 69.845237 11.810870 0.232204
-59.814312 69.845237 11.778453 0.113722
-55.851464 69.845237 11.771948 -0.120848
-51.888616 69.845237 11.673204 0.182043
-47.925768 69.845237 11.622978 -0.193988
-43.962920 69.845237 11.634991 -0.187099
-40.000072 69.845237 11.678194 -0.209069
-36.037224 69.845237 11.383995 -0.156932
-32.074376 69.845237 11.468959 -0.130364
-28.111528 69.845237 11.417266 -0.172789
-24.148680 69.845237 11.434996 -0.331851
-20.185832 69.845237 10.987318 -0.256201
-16.222984 69.845237 11.199851 -0.255475
-12.260136 69.845237 0.000000 0.000000
-8.297289 69.845237 0.000000 0.000000
-4.334441 69.845237 0.000000 0.000000
-0.371593 69.845237 10.958723 -0.137179
3.591255 69.845237 10.994356 -0.205595
7.554103 69.845237 10.913666 -0.241900
11.516951 69.845237 11.004248 -0.042256
15.479799 69.845237 10.939171 -0.115060
19.442647 69.845237 11.136302 -0.256624
23.405495 69.845237 10.848052 -0.039148
27.368343 69.845237 10.950699 0.012971
31.331191 69.845237 10.972659 -0.133298
35.294039 69.845237 10.926274 -0.102099
39.256887 69.845237 11.019148 0.029648
43.219735 69.845237 10.894066 0.022506
47.182583 69.845237 11.075528 -0.056232
51.145431 69.845237 10.888206 -0.153873
55.108279 69.845237 10.906261 -0.069688
59.071127 69.845237 11.100052 0.243382
63.033975 69.845237 10.915626 0.082976
66.996822 69.845237 10.925604 -0.209062
-131.145575 65.882389 -2.935006 -14.929714
-127.182727 65.882389 -14.930803 -6.363267
-123.219879 65.882389 11.128678 0.676266
-119.257031 65.882389 10.890468 0.941595
-115.294183 65.882389 10.917223 0.731652
-111.331335 65.882389 0.000000 0.000000
-107.368487 65.882389 0.000000 0.000000
-103.405639 65.882389 0.000000 0.000000
-99.442791 65.882389 0.000000 0.000000
-95.479943 65.882389 0.000000 0.000000
-91.517095 65.882389 11.850589 0.616572
-87.554247 65.882389 11.809256 0.502784
-83.591400 65.882389 11.970192 0.503467
-79.628552 65.882389 11.716221 0.231179
-75.665704 65.882389 12.043524 0.426758
-71.702856 65.882389 11.846648 0.201271
-67.740008 65.882389 11.821748 0.120240
-63.777160 65.882389 11.915672 0.278133
-59.814312 65.882389 11.788923 -0.152954
-55.851464 65.882389 11.847019 -0.170347
-51.888616 65.882389 11.766908 -0.359174
-47.925768 65.882389 11.599567 -0.185608
-43.962920 65.882389 11.635632 -0.335587
-40.000072 65.882389 11.578268 -0.290254
-36.037224 65.882389 11.564233 -0.316903
-32.074376 65.882389 11.384280 -0.323177
-28.111528 65.882389 11.487363 -0.225602
-24.148680 65.882389 11.327186 -0.354181
-20.185832 65.882389 11.048059 -0.326729
-16.222984 65.882389 11.343708 -0.291655
-12.260136 65.882389 0.000000 0.000000
-8.297289 65.882389 0.000000 0.000000
-4.334441 65.882389 11.081664 -0.241999
-0.371593 65.882389 11.087495 -0.251087
3.591255 65.882389 11.001635 -0.221933
7.554103 65.882389 10.860267 -0.075874
11.516951 65.882389 10.930966 -0.248211
15.479799 65.882389 10.796895 -0.155338
19.442647 65.882389 10.897776 -0.144153
23.405495 65.882389 10.706713 -0.232611
27.368343 65.882389 10.911755 -0.250601
31.331191 65.882389 11.033812 0.037852
35.294039 65.882389 10.916551 0.027791
39.256887 65.882389 10.911302 -0.032301
43.219735 65.882389 10.903066 -0.126465
47.182583 65.882389 10.891058 0.158396
51.145431 65.882389 10.894813 0.091269
55.108279 65.882389 10.995663 -0.214709
59.071127 65.882389 10.832568 -0.104228
63.033975 65.882389 11.023684 -0.175316
66.996822 65.882389 10.840862 -0.161551
-131.145575 61.919541 11.230615 1.460502
-127.182727 61.919541 11.737744 0.684620
-123.219879 61.919541 11.239318 0.718058
-119.257031 61.919541 10.902227 0.910907
-115.294183 61.919541 11.427015 0.981790
-111.331335 61.919541 0.000000 0.000000
-107.368487 61.919541 0.000000 0.000000
-103.405639 61.919541 0.000000 0.000000
-99.442791 61.919541 0.000000 0.000000
-95.479943 61.919541 0.000000 0.000000
-91.517095 61.919541 11.792010 0.774047
-87.554247 61.919541 12.126241 0.722742
-83.591400 61.919541 12.158338 0.685034
-79.628552 61.919541 11.960438 0.107963
-75.665704 61.919541 12.045326 0.372518
-71.702856 61.919541 11.923578 0.227051
-67.740008 61.919541 11.893585 0.129021
-63.777160 61.919541 11.859611 0.127429
-59.814312 61.919541 11.980561 -0.285242
-55.851464 61.919541 11.842958 -0.097043
-51.888616 61.919541 11.693962 -0.347745
-47.925768 61.919541 11.680223 -0.017439
-43.962920 61.919541 11.758441 -0.259585
-40.000072 61.919541 11.680758 -0.307920
-36.037224 61.919541 11.561179 -0.443952
-32.074376 61.919541 11.197192 -0.326694
-28.111528 61.919541 11.538540 -0.329138
-24.148680 61.919541 11.349244 -0.416158
-20.185832 61.919541 11.231097 -0.333315
-16.222984 61.919541 11.146657 -0.433359
-12.260136 61.919541 0.000000 0.000000
-8.297289 61.919541 0.000000 0.000000
-4.334441 61.919541 10.943213 -0.407479
-0.371593 61.919541 10.919624 -0.396147
3.591255 61.919541 10.881263 -0.298596
7.554103 61.919541 10.867196 -0.296597
11.516951 61.919541 10.926961 -0.370740
15.479799 61.919541 10.987597 -0.117283
19.442647 61.919541 10.939947 -0.183481
23.405495 61.919541 10.777962 -0.072388
27.368343 61.919541 10.981064 0.194226
31.331191 61.919541 10.963404 -0.039041
35.294039 61.919541 10.857860 -0.044732
39.256887 61.919541 10.919839 0.077576
43.219735 61.919541 10.817011 -0.046663
47.182583 61.919541 10.880092 0.092576
51.145431 61.919541 10.847160 -0.111999
55.108279 61.919541 10.897710 0.214443
59.071127 61.919541 11.078620 -0.026246
63.033975 61.919541 11.059290 0.186300
66.996822 61.919541 11.092224 -0.112286
-131.145575 57.956694 17.992785 12.231464
-127.182727 57.956694 11.170983 -11.236402
-123.219879 57.956694 11.266084 1.049619
-119.257031 57.956694 10.915230 0.776991
-115.294183 57.956694 10.959410 1.300023
-111.331335 57.956694 0.000000 0.000000
-107.368487 57.956694 0.000000 0.000000
-103.405639 57.956694 0.000000 0.000000
-99.442791 57.956694 0.000000 0.000000
-95.479943 57.956694 11.814170 0.816319
-91.517095 57.956694 12.062674 0.839000
-87.554247 57.956694 11.918707 0.859869
-83.591400 57.956694 12.048651 0.584963
-79.628552 57.956694 12.109813 0.398991
-75.665704 57.956694 12.079716 0.239665
-71.702856 57.956694 12.064611 0.166150
-67.740008 57.956694 12.107990 0.103572
-63.777160 57.956694 11.855407 -0.127167
-59.814312 57.956694 11.942780 -0.091701
-55.851464 57.956694 11.953897 -0.114585
-51.888616 57.956694 11.881871 -0.314770
-47.925768 57.956694 11.783413 -0.385376
-43.962920 57.956694 11.832842 -0.314146
-40.000072 57.956694 11.680730 -0.575715
-36.037224 57.956694 11.492439 -0.487812
-32.074376 57.956694 11.532201 -0.354695
-28.111528 57.956694 11.685743 -0.525220
-24.148680 57.956694 11.346432 -0.390119
-20.185832 57.956694 11.211930 -0.549264
-16.222984 57.956694 11.284081 -0.481993
-12.260136 57.956694 0.000000 0.000000
-8.297289 57.956694 0.000000 0.000000
-4.334441 57.956694 11.040165 -0.382027
-0.371593 57.956694 11.000290 -0.506061
3.591255 57.956694 10.793638 -0.383423
7.554103 57.956694 10.832538 -0.194555
11.516951 57.956694 10.902266 -0.233062
15.479799 57.956694 10.877512 -0.127516
19.442647 57.956694 10.871056 -0.484316
23.405495 57.956694 10.835740 -0.041818
27.368343 57.956694 10.803154 -0.151640
31.331191 57.956694 11.013970 -0.229135
35.294039 57.956694 10.842950 -0.028528
39.256887 57.956694 10.869725 -0.156051
43.219735 57.956694 10.855330 -0.095641
47.182583 57.956694 10.846254 -0.038302
51.145431 57.956694 10.988972 -0.305943
55.108279 57.956694 11.102241 -0.161073
59.071127 57.956694 10.952919 -0.409406
63.033975 57.956694 10.927120 -0.274320
66.996822 57.956694 10.819847 -0.055419
-131.145575 53.993846 11.060161 0.939573
-127.182727 53.993846 10.656607 1.256665
-123.219879 53.993846 10.952540 0.918906
-119.257031 53.993846 11.052922 1.338094
-115.294183 53.993846 10.986805 1.278354
-111.331335 53.993846 0.000000 0.000000
-107.368487 53.993846 0.000000 0.000000
-103.405639 53.993846 0.000000 0.000000
-99.442791 53.993846 0.000000 0.000000
-95.479943 53.993846 11.994755 1.314752
-91.517095 53.993846 12.165415 1.017929
-87.554247 53.993846 12.104259 0.762408
-83.591400 53.993846 12.111651 0.658138
-79.628552 53.993846 12.201091 0.374562
-75.665704 53.993846 12.093486 0.199370
-71.702856 53.993846 12.134395 -0.017924
-67.740008 53.993846 12.199907 -0.188553
-63.777160 53.993846 12.054358 0.159759
-59.814312 53.993846 11.949946 0.066624
-55.851464 53.993846 11.893983 -0.323764
-51.888616 53.993846 11.882624 -0.565293
-47.925768 53.993846 11.773646 -0.156417
-43.962920 53.993846 11.719559 -0.512765
-40.000072 53.993846 11.640409 -0.458793
-36.037224 53.993846 11.726659 -0.498875
-32.074376 53.993846 11.724085 -0.519615
-28.111528 53.993846 11.560917 -0.641108
-24.148680 53.993846 11.107420 -0.565938
-20.185832 53.993846 11.544353 -0.506115
-16.222984 53.993846 11.198995 -0.468681
-12.260136 53.993846 11.057647 -0.420046
-8.297289 53.993846 0.000000 0.000000
-4.334441 53.993846 10.922675 -0.434446
-0.371593 53.993846 10.728266 -0.098885
3.591255 53.993846 10.835319 -0.518472
7.554103 53.993846 10.939720 0.063346
11.516951 53.993846 10.624013 0.126896
15.479799 53.993846 10.768564 -0.209240
19.442647 53.993846 10.782694 0.166372
23.405495 53.993846 10.916585 -0.147213
27.368343 53.993846 10.759640 -0.018542
31.331191 53.993846 10.818177 0.049606
35.294039 53.993846 10.852824 -0.063864
39.256887 53.993846 11.071749 -0.215844
43.219735 53.993846 10.978460 -0.058017
47.182583 53.993846 10.975951 -0.031542
51.145431 53.993846 10.684469 -0.036019
55.108279 53.993846 11.104813 -0.250726
59.071127 53.993846 10.861038 0.211954
63.033975 53.993846 10.999671 -0.154090
66.996822 53.993846 10.776453 -0.312163
-131.145575 50.030998 -2.332489 -0.923003
-127.182727 50.030998 -9.944036 -5.524885
-123.219879 50.030998 10.784708 1.091501
-119.257031 50.030998 10.704047 1.085436
-115.294183 50.030998 10.679296 1.113289
-111.331335 50.030998 0.000000 0.000000
-107.368487 50.030998 0.000000 0.000000
-103.405639 50.030998 0.000000 0.000000
-99.442791 50.030998 0.000000 0.000000
-95.479943 50.030998 12.060393 1.303872
-91.517095 50.030998 12.317329 0.938435
-87.554247 50.030998 12.173640 0.806125
-83.591400 50.030998 12.276397 0.471515
-79.628552 50.030998 12.488922 0.516998
-75.665704 50.030998 12.427726 0.192758
-71.702856 50.030998 12.317515 0.051592
-67.740008 50.030998 12.176042 -0.004183
-63.777160 50.030998 12.245304 -0.344810
-59.814312 50.030998 12.065702 -0.383144
-55.851464 50.030998 11.936784 0.112879
-51.888616 50.030998 11.964700 -0.232923
-47.925768 50.030998 11.764237 -0.501240
-43.962920 50.030998 11.770248 -0.332959
-40.000072 50.030998 11.623091 -0.600012
-36.037224 50.030998 11.669794 -0.505329
-32.074376 50.030998 11.518547 -0.571376
-28.111528 50.030998 11.450110 -0.621449
-24.148680 50.030998 11.460641 -0.660990
-20.185832 50.030998 11.518157 -0.694697
-16.222984 50.030998 11.279868 -0.558462
-12.260136 50.030998 11.133357 -0.670059
-8.297289 50.030998 0.000000 0.000000
-4.334441 50.030998 10.819710 -0.599183
-0.371593 50.030998 10.848982 -0.436085
3.591255 50.030998 10.787610 -0.312670
7.554103 50.030998 10.719837 -0.335129
11.516951 50.030998 10.777832 -0.158543
15.479799 50.030998 10.740794 -0.285962
19.442647 50.030998 10.550925 -0.144431
23.405495 50.030998 10.745564 0.019349
27.368343 50.030998 10.754672 -0.140688
31.331191 50.030998 10.948409 0.042103
35.294039 50.030998 10.861455 0.063481
39.256887 50.030998 10.789557 -0.239594
43.219735 50.030998 10.806880 -0.045580
47.182583 50.030998 10.868226 -0.135489
51.145431 50.030998 10.906255 -0.133670
55.108279 50.030998 11.066909 -0.174110
59.071127 50.030998 11.025918 -0.205540
63.033975 50.030998 10.711690 0.085462
66.996822 50.030998 10.677622 0.102662
-131.145575 46.068150 -2.381221 -13.011669
-127.182727 46.068150 -5.509488 15.089313
-123.219879 46.068150 10.503778 1.391818
-119.257031 46.068150 10.659969 1.113645
-115.294183 46.068150 10.751177 1.109795
-111.331335 46.068150 10.518081 1.538672
-107.368487 46.068150 0.000000 0.000000
-103.405639 46.068150 0.000000 0.000000
-99.442791 46.068150 0.000000 0.000000
-95.479943 46.068150 12.397535 1.416096
-91.517095 46.068150 12.587520 0.930067
-87.554247 46.068150 12.642825 0.912279
-83.591400 46.068150 12.658044 0.486325
-79.628552 46.068150 12.728128 0.337602
-75.665704 46.068150 12.462751 0.215056
-71.702856 46.068150 12.394777 0.046089
-67.740008 46.068150 12.372054 -0.178992
-63.777160 46.068150 12.339555 -0.104607
-59.814312 46.068150 12.258978 -0.177184
-55.851464 46.068150 11.934145 -0.313302
-51.888616 46.068150 12.059641 -0.257887
-47.925768 46.068150 11.812702 -0.401084
-43.962920 46.068150 11.885062 -0.562563
-40.000072 46.068150 11.883814 -0.507092
-36.037224 46.068150 11.842286 -0.593761
-32.074376 46.068150 11.335041 -0.752776
-28.111528 46.068150 11.341216 -0.708336
-24.148680 46.068150 11.473449 -0.677529
-20.185832 46.068150 11.133704 -0.784064
-16.222984 46.068150 11.162684 -0.725028
-12.260136 46.068150 11.061879 -0.796545
-8.297289 46.068150 0.000000 0.000000
-4.334441 46.068150 10.773557 -0.816186
-0.371593 46.068150 10.558970 -0.530350
3.591255 46.068150 10.540749 -0.296279
7.554103 46.068150 10.582241 0.140547
11.516951 46.068150 10.792677 -0.131893
15.479799 46.068150 10.724455 -0.317238
19.442647 46.068150 10.473520 -0.196273
23.405495 46.068150 10.462081 -0.203128
27.368343 46.068150 10.676074 0.370272
31.331191 46.068150 10.750834 0.435789
35.294039 46.068150 11.463172 0.124249
39.256887 46.068150 10.988053 -0.312521
43.219735 46.068150 10.833499 -0.415704
47.182583 46.068150 10.708155 0.074551
51.145431 46.068150 10.817319 -0.282085
55.108279 46.068150 10.643097 -0.204104
59.071127 46.068150 10.871733 0.074022
63.033975 46.068150 11.167725 0.002545
66.996822 46.068150 10.744388 0.201482
-131.145575 42.105302 9.702293 -9.076183
-127.182727 42.105302 12.113004 0.207717
-123.219879 42.105302 10.687692 0.795929
-119.257031 42.105302 10.166144 1.064832
-115.294183 42.105302 10.325943 1.848095
-111.331335 42.105302 10.213821 1.888373
-107.368487 42.105302 0.000000 0.000000
-103.405639 42.105302 0.000000 0.000000
-99.442791 42.105302 12.265039 2.166378
-95.479943 42.105302 12.812551 1.637947
-91.517095 42.105302 12.784244 1.120518
-87.554247 42.105302 12.704241 0.650515
-83.591400 42.105302 12.876530 0.331738
-79.628552 42.105302 12.859447 0.383699
-75.665704 42.105302 12.723751 -0.015488
-71.702856 42.105302 12.599868 0.083150
-67.740008 42.105302 12.423737 -0.263337
-63.777160 42.105302 12.262308 -0.204164
-59.814312 42.105302 12.202006 -0.407581
-55.851464 42.105302 12.133389 -0.502312
-51.888616 42.105302 11.841027 -0.638645
-47.925768 42.105302 11.962359 -0.585708
-43.962920 42.105302 11.751294 -0.792263
-40.000072 42.105302 11.870004 -0.819631
-36.037224 42.105302 11.431268 -0.729333
-32.074376 42.105302 11.813406 -0.718811
-28.111528 42.105302 11.457390 -0.699449
-24.148680 42.105302 11.595995 -0.741442
-20.185832 42.105302 11.603224 -0.799959
-16.222984 42.105302 11.529906 -0.887506
-12.260136 42.105302 11.093222 -1.004942
-8.297289 42.105302 0.000000 0.000000
-4.334441 42.105302 10.958019 -1.053383
-0.371593 42.105302 10.467347 -0.980916
3.591255 42.105302 10.098773 -0.520153
7.554103 42.105302 10.630128 -0.104218
11.516951 42.105302 11.169847 -0.254568
15.479799 42.105302 10.839575 -0.718794
19.442647 42.105302 10.405045 -0.428717
23.405495 42.105302 9.962838 -0.012060
27.368343 42.105302 9.578773 0.956475
31.331191 42.105302 9.960334 0.309886
35.294039 42.105302 9.469968 0.396611
39.256887 42.105302 10.842639 -0.573356
43.219735 42.105302 10.619525 -0.497117
47.182583 42.105302 10.832067 -0.825533
51.145431 42.105302 10.602436 -0.498820
55.108279 42.105302 10.393750 0.584965
59.071127 42.105302 10.632629 1.695025
63.033975 42.105302 11.129513 -0.580521
66.996822 42.105302 10.360637 -0.391431
-131.145575 38.142454 -4.600435 9.776611
-127.182727 38.142454 -12.283969 1.061015
-123.219879 38.142454 10.088778 0.591357
-119.257031 38.142454 9.793215 0.968250
-115.294183 38.142454 9.615934 1.694177
-111.331335 38.142454 9.528231 1.970842
-107.368487 38.142454 0.000000 0.000000
-103.405639 38.142454 0.000000 0.000000
-99.442791 38.142454 0.000000 0.000000
-95.479943 38.142454 0.000000 0.000000
-91.517095 38.142454 0.000000 0.000000
-87.554247 38.142454 0.000000 0.000000
-83.591400 38.142454 0.000000 0.000000
-79.628552 38.142454 0.000000 0.000000
-75.665704 38.142454 0.000000 0.000000
-71.702856 38.142454 0.000000 0.000000
-67.740008 38.142454 0.000000 0.000000
-63.777160 38.142454 0.000000 0.000000
-59.814312 38.142454 0.000000 0.000000
-55.851464 38.142454 0.000000 0.000000
-51.888616 38.142454 0.000000 0.000000
-47.925768 38.142454 0.000000 0.000000
-43.962920 38.142454 0.000000 0.000000
-40.000072 38.142454 0.000000 0.000000
-36.037224 38.142454 0.000000 0.000000
-32.074376 38.142454 0.000000 0.000000
-28.111528 38.142454 0.000000 0.000000
-24.148680 38.142454 11.181530 -1.157268
-20.185832 38.142454 11.198990 -0.853987
-16.222984 38.142454 11.821666 -1.239153
-12.260136 38.142454 10.363832 -1.076518
-8.297289 38.142454 0.000000 0.000000
-4.334441 38.142454 11.363918 -1.932039
-0.371593 38.142454 9.805510 -1.798646
3.591255 38.142454 9.847057 -1.022781
7.554103 38.142454 10.446679 -0.624270
11.516951 38.142454 10.832723 -0.114795
15.479799 38.142454 11.386861 -0.341061
19.442647 38.142454 10.479620 -1.170648
23.405495 38.142454 9.523765 -1.161959
27.368343 38.142454 6.693890 1.217464
31.331191 38.142454 7.964173 1.762679
35.294039 38.142454 9.419401 -0.825112
39.256887 38.142454 10.984766 -1.131145
43.219735 38.142454 10.659774 -1.285367
47.182583 38.142454 10.392466 -1.330908
51.145431 38.142454 9.402727 -0.228009
55.108279 38.142454 9.408375 1.869870
59.071127 38.142454 9.923306 1.701597
63.033975 38.142454 10.738070 0.200762
66.996822 38.142454 10.830669 -1.327372
-131.145575 34.179606 7.508286 -12.443491
-127.182727 34.179606 4.487382 5.088165
-123.219879 34.179606 -4.961882 -7.893568
-119.257031 34.179606 9.604250 0.827178
-115.294183 34.179606 0.000000 0.000000
-111.331335 34.179606 0.000000 0.000000
-107.368487 34.179606 0.000000 0.000000
-103.405639 34.179606 0.000000 0.000000
-99.442791 34.179606 0.000000 0.000000
-95.479943 34.179606 0.000000 0.000000
-91.517095 34.179606 0.000000 0.000000
-87.554247 34.179606 0.000000 0.000000
-83.591400 34.179606 0.000000 0.000000
-79.628552 34.179606 0.000000 0.000000
-75.665704 34.179606 0.000000 0.000000
-71.702856 34.179606 0.000000 0.000000
-67.740008 34.179606 0.000000 0.000000
-63.777160 34.179606 0.000000 0.000000
-59.814312 34.179606 0.000000 0.000000
-55.851464 34.179606 0.000000 0.000000
-51.888616 34.179606 0.000000 0.000000
-47.925768 34.179606 0.000000 0.000000
-43.962920 34.179606 0.000000 0.000000
-40.000072 34.179606 0.000000 0.000000
-36.037224 34.179606 0.000000 0.000000
-32.074376 34.179606 0.000000 0.000000
-28.111528 34.179606 0.000000 0.000000
-24.148680 34.179606 0.000000 0.000000
-20.185832 34.179606 0.000000 0.000000
-16.222984 34.179606 0.000000 0.000000
-12.260136 34.179606 0.000000 0.000000
-8.297289 34.179606 0.000000 0.000000
-4.334441 34.179606 0.000000 0.000000
-0.371593 34.179606 8.943215 -2.869514
3.591255 34.179606 9.530082 -2.152021
7.554103 34.179606 6.236123 1.396030
11.516951 34.179606 9.064865 1.514007
15.479799 34.179606 17.338593 6.752501
19.442647 34.179606 10.104498 -1.859982
23.405495 34.179606 10.329197 -1.724047
27.368343 34.179606 11.061192 -1.163423
31.331191 34.179606 10.358399 2.872928
35.294039 34.179606 9.755442 1.912371
39.256887 34.179606 9.787833 1.579141
43.219735 34.179606 10.597402 -1.732464
47.182583 34.179606 10.830872 -1.760948
51.145431 34.179606 9.433265 0.077972
55.108279 34.179606 9.817019 1.656166
59.071127 34.179606 9.876575 1.080161
63.033975 34.179606 10.882229 1.023314
66.996822 34.179606 10.305073 -1.335938
-131.145575 30.216758 -0.413275 0.903158
-127.182727 30.216758 -12.985875 -6.181138
-123.219879 30.216758 0.000000 0.000000
-119.257031 30.216758 0.000000 0.000000
-115.294183 30.216758 0.000000 0.000000
-111.331335 30.216758 0.000000 0.000000
-107.368487 30.216758 0.000000 0.000000
-103.405639 30.216758 0.000000 0.000000
-99.442791 30.216758 0.000000 0.000000
-95.479943 30.216758 0.000000 0.000000
-91.517095 30.216758 0.000000 0.000000
-87.554247 30.216758 0.000000 0.000000
-83.591400 30.216758 0.000000 0.000000
-79.628552 30.216758 0.000000 0.000000
-75.665704 30.216758 0.000000 0.000000
-71.702856 30.216758 0.000000 0.000000
-67.740008 30.216758 0.000000 0.000000
-63.777160 30.216758 0.000000 0.000000
-59.814312 30.216758 0.000000 0.000000
-55.851464 30.216758 0.000000 0.000000
-51.888616 30.216758 0.000000 0.000000
-47.925768 30.216758 0.000000 0.000000
-43.962920 30.216758 0.000000 0.000000
-40.000072 30.216758 0.000000 0.000000
-36.037224 30.216758 0.000000 0.000000
-32.074376 30.216758 0.000000 0.000000
-28.111528 30.216758 0.000000 0.000000
-24.148680 30.216758 0.000000 0.000000
-20.185832 30.216758 0.000000 0.000000
-16.222984 30.216758 0.000000 0.000000
-12.260136 30.216758 0.000000 0.000000
-8.297289 30.216758 0.000000 0.000000
-4.334441 30.216758 0.000000 0.000000
-0.371593 30.216758 0.000000 0.000000
3.591255 30.216758 0.000000 0.000000
7.554103 30.216758 11.174386 2.542745
11.516951 30.216758 9.537450 1.840224
15.479799 30.216758 9.310437 0.518256
19.442647 30.216758 9.724285 -1.503908
23.405495 30.216758 10.549650 -1.631499
27.368343 30.216758 11.186835 0.924484
31.331191 30.216758 11.358372 1.693135
35.294039 30.216758 10.058052 1.481894
39.256887 30.216758 10.117988 1.359841
43.219735 30.216758 10.505822 -0.902387
47.182583 30.216758 11.035132 -1.309194
51.145431 30.216758 11.885303 -0.933721
55.108279 30.216758 11.056340 1.057780
59.071127 30.216758 10.038170 0.640243
63.033975 30.216758 9.146249 -0.703733
66.996822 30.216758 10.161751 -1.711941
-131.145575 26.253910 -2.555291 -9.286176
-127.182727 26.253910 -14.758216 -1.122767
-123.219879 26.253910 0.000000 0.000000
-119.257031 26.253910 0.000000 0.000000
-115.294183 26.253910 0.000000 0.000000
-111.331335 26.253910 0.000000 0.000000
-107.368487 26.253910 0.000000 0.000000
-103.405639 26.253910 0.000000 0.000000
-99.442791 26.253910 0.000000 0.000000
-95.479943 26.253910 0.000000 0.000000
-91.517095 26.253910 0.000000 0.000000
-87.554247 26.253910 0.000000 0.000000
-83.591400 26.253910 0.000000 0.000000
-79.628552 26.253910 0.000000 0.000000
-75.665704 26.253910 0.000000 0.000000
-71.702856 26.253910 0.000000 0.000000
-67.740008 26.253910 0.000000 0.000000
-63.777160 26.253910 0.000000 0.000000
-59.814312 26.253910 0.000000 0.000000
-55.851464 26.253910 0.000000 0.000000
-51.888616 26.253910 0.000000 0.000000
-47.925768 26.253910 0.000000 0.000000
-43.962920 26.253910 0.000000 0.000000
-40.000072 26.253910 0.000000 0.000000
-36.037224 26.253910 0.000000 0.000000
-32.074376 26.253910 0.000000 0.000000
-28.111528 26.253910 0.000000 0.000000
-24.148680 26.253910 0.000000 0.000000
-20.185832 26.253910 0.000000 0.000000
-16.222984 26.253910 0.000000 0.000000
-12.260136 26.253910 0.000000 0.000000
-8.297289 26.253910 0.000000 0.000000
-4.334441 26.253910 0.000000 0.000000
-0.371593 26.253910 0.000000 0.000000
3.591255 26.253910 0.000000 0.000000
7.554103 26.253910 0.000000 0.000000
11.516951 26.253910 10.048759 0.784728
15.479799 26.253910 10.092986 0.549618
19.442647 26.253910 9.905292 0.174704
23.405495 26.253910 18.027340 -6.874547
27.368343 26.253910 11.449566 0.300662
31.331191 26.253910 10.981765 0.654395
35.294039 26.253910 10.657168 0.695786
39.256887 26.253910 10.242166 0.043862
43.219735 26.253910 10.198232 0.032642
47.182583 26.253910 10.919689 0.005407
51.145431 26.253910 11.940187 0.159277
55.108279 26.253910 10.914919 0.829506
59.071127 26.253910 10.683625 0.990025
63.033975 26.253910 10.159890 0.097153
66.996822 26.253910 10.652287 -0.659888
-131.145575 22.291062 15.051834 -17.488081
-127.182727 22.291062 15.401914 9.147867
-123.219879 22.291062 0.000000 0.000000
-119.257031 22.291062 0.000000 0.000000
-115.294183 22.291062 0.000000 0.000000
-111.331335 22.291062 0.000000 0.000000
-107.368487 22.291062 0.000000 0.000000
-103.405639 22.291062 0.000000 0.000000
-99.442791 22.291062 0.000000 0.000000
-95.479943 22.291062 0.000000 0.000000
-91.517095 22.291062 0.000000 0.000000
-87.554247 22.291062 0.000000 0.000000
-83.591400 22.291062 0.000000 0.000000
-79.628552 22.291062 0.000000 0.000000
-75.665704 22.291062 0.000000 0.000000
-71.702856 22.291062 0.000000 0.000000
-67.740008 22.291062 0.000000 0.000000
-63.777160 22.291062 0.000000 0.000000
-59.814312 22.291062 0.000000 0.000000
-55.851464 22.291062 0.000000 0.000000
-51.888616 22.291062 0.000000 0.000000
-47.925768 22.291062 0.000000 0.000000
-43.962920 22.291062 0.000000 0.000000
-40.000072 22.291062 0.000000 0.000000
-36.037224 22.291062 0.000000 0.000000
-32.074376 22.291062 0.000000 0.000000
-28.111528 22.291062 0.000000 0.000000
-24.148680 22.291062 0.000000 0.000000
-20.185832 22.291062 0.000000 0.000000
-16.222984 22.291062 0.000000 0.000000
-12.260136 22.291062 0.000000 0.000000
-8.297289 22.291062 0.000000 0.000000
-4.334441 22.291062 10.572482 0.839640
-0.371593 22.291062 10.397706 0.630074
3.591255 22.291062 10.832961 0.291740
7.554103 22.291062 10.614167 0.622588
11.516951 22.291062 10.621685 0.642869
15.479799 22.291062 10.108663 0.467972
19.442647 22.291062 10.466916 0.100168
23.405495 22.291062 11.407996 -0.098333
27.368343 22.291062 10.953112 0.103992
31.331191 22.291062 10.766068 0.468712
35.294039 22.291062 10.592092 0.486237
39.256887 22.291062 10.444828 0.278844
43.219735 22.291062 10.531758 0.402409
47.182583 22.291062 10.909402 0.250411
51.145431 22.291062 10.879503 0.258783
55.108279 22.291062 10.949697 0.382633
59.071127 22.291062 10.816355 0.681544
63.033975 22.291062 10.524961 0.434406
66.996822 22.291062 10.332933 0.299447
-131.145575 18.328214 -2.676474 12.870502
-127.182727 18.328214 9.130274 -0.346376
-123.219879 18.328214 -8.062070 -4.225662
-119.257031 18.328214 -4.040372 -15.037690
-115.294183 18.328214 9.577036 -1.730760
-111.331335 18.328214 10.673961 0.005803
-107.368487 18.328214 0.000000 0.000000
-103.405639 18.328214 0.000000 0.000000
-99.442791 18.328214 0.000000 0.000000
-95.479943 18.328214 0.000000 0.000000
-91.517095 18.328214 0.000000 0.000000
-87.554247 18.328214 0.000000 0.000000
-83.591400 18.328214 0.000000 0.000000
-79.628552 18.328214 0.000000 0.000000
-75.665704 18.328214 0.000000 0.000000
-71.702856 18.328214 0.000000 0.000000
-67.740008 18.328214 0.000000 0.000000
-63.777160 18.328214 0.000000 0.000000
-59.814312 18.328214 0.000000 0.000000
-55.851464 18.328214 0.000000 0.000000
-51.888616 18.328214 11.785008 0.557728
-47.925768 18.328214 11.834978 0.715911
-43.962920 18.328214 11.654345 0.771426
-40.000072 18.328214 11.697062 0.609488
-36.037224 18.328214 11.691070 0.609588
-32.074376 18.328214 11.615210 0.788136
-28.111528 18.328214 11.511791 0.771626
-24.148680 18.328214 11.207137 0.618951
-20.185832 18.328214 11.216014 1.145404
-16.222984 18.328214 10.795470 0.837662
-12.260136 18.328214 11.137727 0.690953
-8.297289 18.328214 10.784945 0.646213
-4.334441 18.328214 10.758922 0.618959
-0.371593 18.328214 10.669041 0.368377
3.591255 18.328214 10.544870 0.622038
7.554103 18.328214 10.557982 0.973874
11.516951 18.328214 10.735547 0.207304
15.479799 18.328214 10.710989 0.352646
19.442647 18.328214 10.768589 0.545125
23.405495 18.328214 10.724932 0.127666
27.368343 18.328214 10.663970 0.817411
31.331191 18.328214 11.111031 0.143418
35.294039 18.328214 10.727571 0.376663
39.256887 18.328214 10.441503 0.466004
43.219735 18.328214 11.084229 0.082703
47.182583 18.328214 11.117871 0.400593
51.145431 18.328214 10.903830 0.250576
55.108279 18.328214 10.962100 -0.005829
59.071127 18.328214 10.779630 0.330845
63.033975 18.328214 10.684804 -0.005850
66.996822 18.328214 10.635686 -0.466800
-131.145575 14.365366 -5.385721 -16.233744
-127.182727 14.365366 -1.692601 -0.240506
-123.219879 14.365366 12.046571 -3.840992
-119.257031 14.365366 11.960259 0.920241
-115.294183 14.365366 11.393489 0.042861
-111.331335 14.365366 10.379656 -0.498623
-107.368487 14.365366 10.957253 -0.896747
-103.405639 14.365366 11.125031 -0.585206
-99.442791 14.365366 11.247053 -0.660382
-95.479943 14.365366 11.542645 -0.652579
-91.517095 14.365366 11.874108 -1.348192
-87.554247 14.365366 12.037932 -0.520775
-83.591400 14.365366 11.867760 -0.510124
-79.628552 14.365366 12.165595 -0.210092
-75.665704 14.365366 12.140423 -0.258702
-71.702856 14.365366 12.068964 0.420894
-67.740008 14.365366 12.065763 -0.029383
-63.777160 14.365366 11.850054 0.355950
-59.814312 14.365366 11.804296 0.398545
-55.851464 14.365366 11.698671 0.550934
-51.888616 14.365366 11.748797 0.558130
-47.925768 14.365366 11.541174 0.528246
-43.962920 14.365366 11.718877 0.821800
-40.000072 14.365366 11.490154 0.638968
-36.037224 14.365366 11.568888 0.731184
-32.074376 14.365366 11.649298 0.595240
-28.111528 14.365366 11.426681 0.795643
-24.148680 14.365366 11.170154 0.758777
-20.185832 14.365366 11.155109 0.923498
-16.222984 14.365366 10.720958 0.644660
-12.260136 14.365366 11.044410 0.661835
-8.297289 14.365366 11.006689 0.624292
-4.334441 14.365366 10.767365 0.816882
-0.371593 14.365366 10.628978 0.414003
3.591255 14.365366 10.684575 0.621521
7.554103 14.365366 10.774938 0.404901
11.516951 14.365366 10.570809 0.538874
15.479799 14.365366 10.914155 0.199693
19.442647 14.365366 10.665689 0.137176
23.405495 14.365366 10.676975 0.383928
27.368343 14.365366 10.160437 0.302860
31.331191 14.365366 10.764229 0.088135
35.294039 14.365366 10.401135 0.880937
39.256887 14.365366 2.079025 1.164724
43.219735 14.365366 10.781201 0.605830
47.182583 14.365366 11.046914 -0.112318
51.145431 14.365366 10.969270 -0.181759
55.108279 14.365366 10.632836 0.465531
59.071127 14.365366 10.911878 -0.148721
63.033975 14.365366 11.090761 -1.509613
66.996822 14.365366 10.596346 0.541148
-131.145575 10.402518 10.043150 -13.757423
-127.182727 10.402518 9.038702 -0.248160
-123.219879 10.402518 9.761983 -0.065004
-119.257031 10.402518 8.283857 14.766447
-115.294183 10.402518 -12.603278 12.466711
-111.331335 10.402518 10.796906 -0.478606
-107.368487 10.402518 11.718975 -0.600664
-103.405639 10.402518 10.828937 -0.858594
-99.442791 10.402518 11.834028 -0.248248
-95.479943 10.402518 11.498744 -0.596739
-91.517095 10.402518 11.656008 -0.575070
-87.554247 10.402518 11.856933 -0.418255
-83.591400 10.402518 11.516358 -0.343006
-79.628552 10.402518 11.846694 -0.355638
-75.665704 10.402518 11.949413 -0.119026
-71.702856 10.402518 11.908871 0.055984
-67.740008 10.402518 11.891074 0.116823
-63.777160 10.402518 11.748635 0.377620
-59.814312 10.402518 11.836094 0.378332
-55.851464 10.402518 11.505356 0.443975
-51.888616 10.402518 11.823736 0.505588
-47.925768 10.402518 11.447546 0.286047
-43.962920 10.402518 11.712065 0.536645
-40.000072 10.402518 11.537809 0.600863
-36.037224 10.402518 11.399597 0.454982
-32.074376 10.402518 11.876848 0.494180
-28.111528 10.402518 11.064860 0.745214
-24.148680 10.402518 11.541907 0.592591
-20.185832 10.402518 10.975098 0.695435
-16.222984 10.402518 11.167973 0.978714
-12.260136 10.402518 11.047774 0.522074
-8.297289 10.402518 10.985809 0.792767
-4.334441 10.402518 10.901237 0.367172
-0.371593 10.402518 10.695792 0.609410
3.591255 10.402518 10.877614 0.627056
7.554103 10.402518 10.584212 0.592417
11.516951 10.402518 10.738875 0.353512
15.479799 10.402518 10.984768 0.499088
19.442647 10.402518 10.966658 0.390879
23.405495 10.402518 10.625403 0.527751
27.368343 10.402518 10.836755 0.312086
31.331191 10.402518 10.682833 0.376152
35.294039 10.402518 11.180985 0.228117
39.256887 10.402518 10.958198 0.549911
43.219735 10.402518 10.885139 -0.077089
47.182583 10.402518 10.577278 0.125899
51.145431 10.402518 10.787791 0.172931
55.108279 10.402518 10.570151 0.384738
59.071127 10.402518 10.719162 0.175723
63.033975 10.402518 10.812530 0.001774
66.996822 10.402518 10.813954 0.278398
-131.145575 6.439670 15.063451 8.639690
-127.182727 6.439670 0.471715 9.272882
-123.219879 6.439670 -10.766671 16.084522
-119.257031 6.439670 -10.555926 6.247319
-115.294183 6.439670 11.493782 -0.111529
-111.331335 6.439670 10.838770 -0.782447
-107.368487 6.439670 11.270384 -0.265431
-103.405639 6.439670 10.932213 -0.998017
-99.442791 6.439670 11.218364 -0.538393
-95.479943 6.439670 11.049871 -0.311179
-91.517095 6.439670 11.966760 -0.139058
-87.554247 6.439670 11.786373 -0.203941
-83.591400 6.439670 11.835368 -0.225719
-79.628552 6.439670 11.846951 0.306221
-75.665704 6.439670 11.462292 -0.006380
-71.702856 6.439670 11.816257 -0.302526
-67.740008 6.439670 11.703776 0.110284
-63.777160 6.439670 12.167853 0.341332
-59.814312 6.439670 11.810579 0.357405
-55.851464 6.439670 11.667779 -0.024556
-51.888616 6.439670 11.774459 0.433873
-47.925768 6.439670 11.583124 0.446403
-43.962920 6.439670 11.611623 0.487831
-40.000072 6.439670 11.548409 0.496178
-36.037224 6.439670 11.259359 0.545311
-32.074376 6.439670 11.556385 0.868951
-28.111528 6.439670 11.250603 0.806992
-24.148680 6.439670 11.142576 0.684059
-20.185832 6.439670 11.191978 0.473903
-16.222984 6.439670 11.273125 0.550754
-12.260136 6.439670 11.017000 0.597818
-8.297289 6.439670 11.036388 0.666700
-4.334441 6.439670 11.036056 0.411107
-0.371593 6.439670 10.885527 0.467614
3.591255 6.439670 10.691208 0.463043
7.554103 6.439670 10.904314 0.486725
11.516951 6.439670 10.811769 0.168531
15.479799 6.439670 10.786041 0.041338
19.442647 6.439670 10.813829 0.316821
23.405495 6.439670 10.877891 0.105931
27.368343 6.439670 10.630562 0.464491
31.331191 6.439670 10.399844 0.152204
35.294039 6.439670 10.988178 0.185055
39.256887 6.439670 10.796054 0.412132
43.219735 6.439670 10.690357 -0.076129
47.182583 6.439670 10.909908 0.219033
51.145431 6.439670 10.829329 0.409242
55.108279 6.439670 10.967093 -0.197912
59.071127 6.439670 10.994443 0.240102
63.033975 6.439670 10.966708 -0.471357
66.996822 6.439670 10.753122 -0.420282
-131.145575 2.476822 4.031151 7.583891
-127.182727 2.476822 13.079481 0.002646
-123.219879 2.476822 10.496087 -0.835112
-119.257031 2.476822 -8.119318 -10.647344
-115.294183 2.476822 12.397204 -0.290738
-111.331335 2.476822 5.662344 7.849336
-107.368487 2.476822 11.104058 -0.350897
-103.405639 2.476822 11.573879 -0.361589
-99.442791 2.476822 11.720469 -0.559274
-95.479943 2.476822 11.358447 -0.508490
-91.517095 2.476822 11.675813 -0.381382
-87.554247 2.476822 11.569196 -0.443723
-83.591400 2.476822 12.033020 0.371155
-79.628552 2.476822 11.808186 -0.377614
-75.665704 2.476822 11.818181 -0.037054
-71.702856 2.476822 11.815347 -0.007005
-67.740008 2.476822 11.443215 0.083873
-63.777160 2.476822 12.217604 -0.163736
-59.814312 2.476822 10.915695 0.278272
-55.851464 2.476822 11.871994 0.427861
-51.888616 2.476822 11.764362 0.213988
-47.925768 2.476822 11.644644 0.108833
-43.962920 2.476822 11.592570 0.496653
-40.000072 2.476822 11.401134 0.670003
-36.037224 2.476822 11.390495 0.263211
-32.074376 2.476822 11.915005 0.561810
-28.111528 2.476822 11.609743 0.419737
-24.148680 2.476822 11.152526 0.367337
-20.185832 2.476822 11.073279 0.645559
-16.222984 2.476822 11.273028 0.691350
-12.260136 2.476822 11.295111 0.583767
-8.297289 2.476822 11.154596 -0.066241
-4.334441 2.476822 10.783561 0.563553
-0.371593 2.476822 11.107527 0.317489
3.591255 2.476822 10.983930 0.707069
7.554103 2.476822 11.235723 0.394558
11.516951 2.476822 10.902046 0.319680
15.479799 2.476822 10.858915 0.083321
19.442647 2.476822 10.675035 0.179043
23.405495 2.476822 10.973011 0.269860
27.368343 2.476822 10.821277 0.485371
31.331191 2.476822 10.605292 0.493651
35.294039 2.476822 10.776234 0.226790
39.256887 2.476822 10.835434 0.362847
43.219735 2.476822 10.922893 0.416853
47.182583 2.476822 10.771628 0.065892
51.145431 2.476822 11.097184 -0.252831
55.108279 2.476822 10.652449 0.311940
59.071127 2.476822 10.957132 0.252770
63.033975 2.476822 10.735262 0.366501
66.996822 2.476822 10.764557 0.081532
-131.145575 -1.486026 2.461704 -5.361709
-127.182727 -1.486026 -11.813417 -5.562689
-123.219879 -1.486026 10.309855 0.288666
-119.257031 -1.486026 10.701587 0.785554
-115.294183 -1.486026 12.186954 0.031577
-111.331335 -1.486026 11.228604 -0.474728
-107.368487 -1.486026 6.935075 -17.972466
-103.405639 -1.486026 11.236187 -0.668098
-99.442791 -1.486026 12.297199 -0.036919
-95.479943 -1.486026 11.693667 -0.372250
-91.517095 -1.486026 12.048064 -0.230794
-87.554247 -1.486026 12.000202 0.103317
-83.591400 -1.486026 11.762557 0.173095
-79.628552 -1.486026 11.448903 -0.267396
-75.665704 -1.486026 11.551849 0.327009
-71.702856 -1.486026 11.415107 -0.186694
-67.740008 -1.486026 11.256686 0.241931
-63.777160 -1.486026 11.342720 0.311605
-59.814312 -1.486026 11.653296 0.334661
-55.851464 -1.486026 11.841322 0.291735
-51.888616 -1.486026 11.414665 0.284417
-47.925768 -1.486026 11.555496 0.429044
-43.962920 -1.486026 11.471730 0.410588
-40.000072 -1.486026 11.699614 0.667509
-36.037224 -1.486026 11.742128 0.743558
-32.074376 -1.486026 11.276161 0.559841
-28.111528 -1.486026 11.143444 0.283944
-24.148680 -1.486026 11.439749 0.964979
-20.185832 -1.486026 10.852349 0.723958
-16.222984 -1.486026 11.072310 0.537516
-12.260136 -1.486026 11.151920 0.508523
-8.297289 -1.486026 11.285761 0.558672
-4.334441 -1.486026 11.325222 0.294091
-0.371593 -1.486026 11.040389 0.435996
3.591255 -1.486026 11.343332 0.359819
7.554103 -1.486026 10.887739 0.600779
11.516951 -1.486026 11.240126 0.263891
15.479799 -1.486026 10.898961 0.362140
19.442647 -1.486026 10.903787 0.344365
23.405495 -1.486026 10.636886 0.143539
27.368343 -1.486026 10.939925 0.219127
31.331191 -1.486026 10.598028 0.282557
35.294039 -1.486026 10.767502 0.302666
39.256887 -1.486026 10.946421 0.197511
43.219735 -1.486026 10.938181 0.062103
47.182583 -1.486026 10.295899 1.236879
51.145431 -1.486026 10.832183 0.255618
55.108279 -1.486026 11.033941 0.262914
59.071127 -1.486026 11.116822 0.333483
63.033975 -1.486026 10.962029 0.099378
66.996822 -1.486026 10.627563 0.026416
-131.145575 -5.448874 0.260094 10.138291
-127.182727 -5.448874 -6.650165 7.048036
-123.219879 -5.448874 -0.246219 -2.309861
-119.257031 -5.448874 17.760199 2.929773
-115.294183 -5.448874 9.983877 0.545848
-111.331335 -5.448874 11.433578 -0.045851
-107.368487 -5.448874 11.304523 -0.752978
-103.405639 -5.448874 1.377394 -6.493450
-99.442791 -5.448874 11.793620 -0.942902
-95.479943 -5.448874 10.965881 -0.240624
-91.517095 -5.448874 11.613925 -0.165637
-87.554247 -5.448874 11.530222 0.199550
-83.591400 -5.448874 11.050782 -0.013486
-79.628552 -5.448874 11.665856 -0.093821
-75.665704 -5.448874 11.730145 -0.062264
-71.702856 -5.448874 11.860114 0.415909
-67.740008 -5.448874 11.036981 0.372593
-63.777160 -5.448874 11.531673 0.189328
-59.814312 -5.448874 11.752159 0.607499
-55.851464 -5.448874 11.456655 0.355555
-51.888616 -5.448874 11.488791 0.447932
-47.925768 -5.448874 11.105403 0.460652
-43.962920 -5.448874 11.535428 0.539806
-40.000072 -5.448874 11.338071 0.401489
-36.037224 -5.448874 11.236310 0.404719
-32.074376 -5.448874 11.272931 0.358683
-28.111528 -5.448874 11.658326 0.697262
-24.148680 -5.448874 11.361717 0.164857
-20.185832 -5.448874 11.036962 0.530135
-16.222984 -5.448874 11.310126 0.479820
-12.260136 -5.448874 11.059315 0.290769
-8.297289 -5.448874 11.326651 0.598696
-4.334441 -5.448874 11.058357 0.510858
-0.371593 -5.448874 10.946588 0.241518
3.591255 -5.448874 10.551790 0.321462
7.554103 -5.448874 10.743313 0.603499
11.516951 -5.448874 10.912875 0.419688
15.479799 -5.448874 10.714489 0.604702
19.442647 -5.448874 10.702703 0.292315
23.405495 -5.448874 10.805955 0.252020
27.368343 -5.448874 11.132325 0.396445
31.331191 -5.448874 10.377578 0.470830
35.294039 -5.448874 10.585415 0.031825
39.256887 -5.448874 10.824512 0.358193
43.219735 -5.448874 10.723674 0.491039
47.182583 -5.448874 11.107471 0.485115
51.145431 -5.448874 10.672618 -0.437296
55.108279 -5.448874 10.893251 -0.240672
59.071127 -5.448874 10.795650 0.087920
63.033975 -5.448874 10.786070 0.262754
66.996822 -5.448874 10.657475 0.193335
-131.145575 -9.411722 15.427311 -1.140338
-127.182727 -9.411722 -4.595183 -4.186635
-123.219879 -9.411722 -15.012053 -11.181757
-119.257031 -9.411722 11.805944 0.408271
-115.294183 -9.411722 3.146130 5.440418
-111.331335 -9.411722 9.266212 -1.003618
-107.368487 -9.411722 1.330467 3.232052
-103.405639 -9.411722 10.864835 -0.705442
-99.442791 -9.411722 11.455274 -0.639057
-95.479943 -9.411722 11.055349 -0.680645
-91.517095 -9.411722 10.678749 -0.425378
-87.554247 -9.411722 10.733418 -0.488501
-83.591400 -9.411722 11.317941 -0.228919
-79.628552 -9.411722 11.578892 0.094853
-75.665704 -9.411722 11.160585 -0.029513
-71.702856 -9.411722 11.904417 0.258039
-67.740008 -9.411722 11.376015 0.068675
-63.777160 -9.411722 11.686750 0.069059
-59.814312 -9.411722 11.872197 0.450829
-55.851464 -9.411722 11.307046 -0.066276
-51.888616 -9.411722 11.084744 0.402523
-47.925768 -9.411722 11.417565 0.287785
-43.962920 -9.411722 11.062009 0.476092
-40.000072 -9.411722 11.598575 0.553150
-36.037224 -9.411722 11.328159 0.268383
-32.074376 -9.411722 11.733984 0.457706
-28.111528 -9.411722 11.122896 0.415509
-24.148680 -9.411722 10.944963 0.219691
-20.185832 -9.411722 11.167049 0.393838
-16.222984 -9.411722 11.531179 0.451380
-12.260136 -9.411722 10.763807 0.323639
-8.297289 -9.411722 11.283517 0.284185
-4.334441 -9.411722 11.134705 0.265818
-0.371593 -9.411722 10.929764 0.331924
3.591255 -9.411722 11.157161 0.480168
7.554103 -9.411722 11.049476 0.383253
11.516951 -9.411722 11.132981 0.537993
15.479799 -9.411722 10.686942 0.214660
19.442647 -9.411722 10.708316 0.001762
23.405495 -9.411722 10.853306 0.173585
27.368343 -9.411722 10.795446 0.449024
31.331191 -9.411722 10.540862 -0.131242
35.294039 -9.411722 10.685568 0.049310
39.256887 -9.411722 10.696392 0.283778
43.219735 -9.411722 10.587052 0.424929
47.182583 -9.411722 10.836936 0.556785
51.145431 -9.411722 10.813012 0.352940
55.108279 -9.411722 10.799225 0.214954
59.071127 -9.411722 11.314930 -0.308359
63.033975 -9.411722 11.300369 0.013015
66.996822 -9.411722 10.837261 -0.515308
-131.145575 -13.374570 0.501359 -17.976894
-127.182727 -13.374570 5.473072 16.213364
-123.219879 -13.374570 -7.721404 9.314961
-119.257031 -13.374570 7.149785 -12.437507
-115.294183 -13.374570 10.979557 -0.983720
-111.331335 -13.374570 11.333585 0.448916
-107.368487 -13.374570 10.778994 -0.757921
-103.405639 -13.374570 11.466758 -0.137207
-99.442791 -13.374570 11.460046 0.184608
-95.479943 -13.374570 10.583116 -0.179956
-91.517095 -13.374570 11.584168 0.113854
-87.554247 -13.374570 11.126254 0.159028
-83.591400 -13.374570 -2.965096 6.595488
-79.628552 -13.374570 12.177582 0.034048
-75.665704 -13.374570 11.675637 -0.301513
-71.702856 -13.374570 11.456763 -0.134393
-67.740008 -13.374570 11.417618 0.044868
-63.777160 -13.374570 11.213614 0.187282
-59.814312 -13.374570 11.512642 0.342438
-55.851464 -13.374570 11.443741 0.386754
-51.888616 -13.374570 11.133699 0.322817
-47.925768 -13.374570 11.454540 -0.362756
-43.962920 -13.374570 11.046692 0.773506
-40.000072 -13.374570 11.338456 0.175563
-36.037224 -13.374570 11.252165 0.461967
-32.074376 -13.374570 11.477301 0.335219
-28.111528 -13.374570 10.984927 -0.134013
-24.148680 -13.374570 11.215908 0.450863
-20.185832 -13.374570 11.501952 0.622264
-16.222984 -13.374570 11.154080 0.531022
-12.260136 -13.374570 11.139447 0.273044
-8.297289 -13.374570 11.025120 0.656583
-4.334441 -13.374570 10.907633 0.307457
-0.371593 -13.374570 11.034697 0.124661
3.591255 -13.374570 11.021276 0.206667
7.554103 -13.374570 10.666496 0.476830
11.516951 -13.374570 10.829741 0.258597
15.479799 -13.374570 10.920287 0.213403
19.442647 -13.374570 10.936469 0.484300
23.405495 -13.374570 10.926144 0.475510
27.368343 -13.374570 10.803335 -0.010432
31.331191 -13.374570 11.161821 0.350138
35.294039 -13.374570 10.680969 0.106675
39.256887 -13.374570 10.699019 0.105253
43.219735 -13.374570 10.256471 1.014569
47.182583 -13.374570 10.900703 -0.296290
51.145431 -13.374570 10.869987 0.042806
55.108279 -13.374570 10.301214 0.774748
59.071127 -13.374570 10.848192 -0.204100
63.033975 -13.374570 10.840021 0.302543
66.996822 -13.374570 10.047804 0.783979
-131.145575 -17.337417 -14.285291 16.450926
-127.182727 -17.337417 -15.501049 -1.761095
-123.219879 -17.337417 -11.071756 10.394288
-119.257031 -17.337417 -0.120536 -2.763036
-115.294183 -17.337417 0.356141 -4.005077
-111.331335 -17.337417 10.673922 0.874855
-107.368487 -17.337417 11.315200 -0.039585
-103.405639 -17.337417 11.151674 -0.304118
-99.442791 -17.337417 12.374784 0.362698
-95.479943 -17.337417 11.888579 -0.360156
-91.517095 -17.337417 10.760645 -0.609630
-87.554247 -17.337417 10.864101 -1.144653
-83.591400 -17.337417 10.886496 0.410343
-79.628552 -17.337417 11.135801 -0.116124
-75.665704 -17.337417 11.122345 0.116275
-71.702856 -17.337417 12.036522 0.556426
-67.740008 -17.337417 11.547262 0.030999
-63.777160 -17.337417 11.445666 0.697460
-59.814312 -17.337417 11.288237 -0.223775
-55.851464 -17.337417 11.687177 0.395111
-51.888616 -17.337417 11.598543 0.532217
-47.925768 -17.337417 11.019297 0.716674
-43.962920 -17.337417 11.227448 0.275241
-40.000072 -17.337417 11.193396 0.442557
-36.037224 -17.337417 11.188887 0.453412
-32.074376 -17.337417 10.967628 0.139342
-28.111528 -17.337417 11.201993 0.269910
-24.148680 -17.337417 11.437476 0.439363
-20.185832 -17.337417 11.186293 0.363157
-16.222984 -17.337417 11.551133 0.472395
-12.260136 -17.337417 10.817955 0.700500
-8.297289 -17.337417 11.117042 0.309031
-4.334441 -17.337417 10.931577 0.405543
-0.371593 -17.337417 10.552373 0.685277
3.591255 -17.337417 11.568359 0.421928
7.554103 -17.337417 10.947060 -0.101161
11.516951 -17.337417 11.107180 0.230370
15.479799 -17.337417 11.051657 0.269870
19.442647 -17.337417 10.856162 0.671818
23.405495 -17.337417 10.979424 -0.014105
27.368343 -17.337417 10.988210 0.474639
31.331191 -17.337417 10.799425 0.567490
35.294039 -17.337417 10.452201 0.133504
39.256887 -17.337417 10.518210 0.235630
43.219735 -17.337417 11.223107 0.066079
47.182583 -17.337417 10.434122 0.319621
51.145431 -17.337417 10.823113 0.449093
55.108279 -17.337417 10.944529 0.471812
59.071127 -17.337417 9.628767 -0.050657
63.033975 -17.337417 10.265707 0.376493
66.996822 -17.337417 11.105207 0.890832
-131.145575 -21.300265 -14.942917 -6.084126
-127.182727 -21.300265 -15.863937 1.589286
-123.219879 -21.300265 9.158163 3.499532
-119.257031 -21.300265 9.028101 14.398288
-115.294183 -21.300265 10.202055 0.795479
-111.331335 -21.300265 10.567967 -0.281082
-107.368487 -21.300265 11.898724 -0.348329
-103.405639 -21.300265 11.370163 -2.163661
-99.442791 -21.300265 11.273375 -0.206556
-95.479943 -21.300265 11.009810 -0.042161
-91.517095 -21.300265 11.058979 -0.696874
-87.554247 -21.300265 10.867751 0.046826
-83.591400 -21.300265 11.173041 0.275634
-79.628552 -21.300265 10.914551 -0.084631
-75.665704 -21.300265 11.134015 0.099950
-71.702856 -21.300265 11.523895 -0.261726
-67.740008 -21.300265 11.938845 0.466645
-63.777160 -21.300265 11.075113 0.162978
-59.814312 -21.300265 11.360874 0.702738
-55.851464 -21.300265 10.969882 0.111697
-51.888616 -21.300265 10.709687 0.613048
-47.925768 -21.300265 11.621739 0.018573
-43.962920 -21.300265 11.475497 0.390961
-40.000072 -21.300265 11.655089 0.184688
-36.037224 -21.300265 11.144478 -0.113287
-32.074376 -21.300265 11.129115 0.216871
-28.111528 -21.300265 10.981495 0.266689
-24.148680 -21.300265 11.150137 0.225930
-20.185832 -21.300265 11.241145 0.257757
-16.222984 -21.300265 11.044997 0.969082
-12.260136 -21.300265 11.325778 0.300136
-8.297289 -21.300265 11.225563 0.236404
-4.334441 -21.300265 10.800293 0.171342
-0.371593 -21.300265 10.957311 -0.175761
3.591255 -21.300265 11.239839 0.247379
7.554103 -21.300265 11.095079 0.366126
11.516951 -21.300265 11.284995 0.254262
15.479799 -21.300265 11.127910 -0.161695
19.442647 -21.300265 10.764123 0.191283
23.405495 -21.300265 10.574008 0.389909
27.368343 -21.300265 10.860041 0.078222
31.331191 -21.300265 10.282301 -0.151767
35.294039 -21.300265 11.000323 0.488623
39.256887 -21.300265 10.780560 0.269341
43.219735 -21.300265 11.549943 0.442042
47.182583 -21.300265 11.046926 -0.315779
51.145431 -21.300265 10.545634 0.739064
55.108279 -21.300265 11.480127 0.187303
59.071127 -21.300265 11.133261 -0.180124
63.033975 -21.300265 11.221073 0.090271
66.996822 -21.300265 10.661136 0.563142
-131.145575 -25.263113 15.649711 9.318844
-127.182727 -25.263113 -2.743810 -8.567393
-123.219879 -25.263113 -9.996393 -18.051731
-119.257031 -25.263113 17.454142 16.552500
-115.294183 -25.263113 10.434375 1.937858
-111.331335 -25.263113 11.359110 1.512254
-107.368487 -25.263113 10.928246 -1.020860
-103.405639 -25.263113 11.101898 -0.011350
-99.442791 -25.263113 12.068349 0.601062
-95.479943 -25.263113 10.668460 0.580863
-91.517095 -25.263113 11.752350 0.173013
-87.554247 -25.263113 11.043105 0.514565
-83.591400 -25.263113 11.365210 -0.362476
-79.628552 -25.263113 10.761724 -0.041068
-75.665704 -25.263113 10.983423 -0.008644
-71.702856 -25.263113 11.111665 -0.239659
-67.740008 -25.263113 10.786641 0.319770
-63.777160 -25.263113 10.989114 0.659455
-59.814312 -25.263113 11.258593 0.296664
-55.851464 -25.263113 11.593896 -0.110795
-51.888616 -25.263113 11.597251 0.693805
-47.925768 -25.263113 10.998947 0.050991
-43.962920 -25.263113 11.617608 0.123008
-40.000072 -25.263113 11.130534 0.622310
-36.037224 -25.263113 11.679045 0.128431
-32.074376 -25.263113 11.123467 0.412100
-28.111528 -25.263113 10.878223 0.195007
-24.148680 -25.263113 11.024993 0.321660
-20.185832 -25.263113 11.468684 0.126771
-16.222984 -25.263113 11.172361 0.281592
-12.260136 -25.263113 10.859185 0.608857
-8.297289 -25.263113 11.730684 0.271397
-4.334441 -25.263113 10.847107 0.243957
-0.371593 -25.263113 10.842566 0.293417
3.591255 -25.263113 10.945202 0.256669
7.554103 -25.263113 11.188262 0.280440
11.516951 -25.263113 10.713158 0.071303
15.479799 -25.263113 10.893452 0.011707
19.442647 -25.263113 11.400146 0.695515
23.405495 -25.263113 10.670205 0.626728
27.368343 -25.263113 10.851518 -0.375248
31.331191 -25.263113 10.608177 0.013873
35.294039 -25.263113 11.285682 0.253771
39.256887 -25.263113 10.583472 -0.245828
43.219735 -25.263113 10.478892 -0.383980
47.182583 -25.263113 10.279553 -0.275323
51.145431 -25.263113 11.438060 -1.097522
55.108279 -25.263113 10.772575 0.318953
59.071127 -25.263113 11.429985 0.391753
63.033975 -25.263113 10.660350 -0.102914
66.996822 -25.263113 10.252050 0.649851
-131.145575 -29.225961 9.920211 6.586054
-127.182727 -29.225961 -6.721309 12.800457
-123.219879 -29.225961 16.366163 6.619054
-119.257031 -29.225961 9.818518 1.377509
-115.294183 -29.225961 -15.574664 14.366350
-111.331335 -29.225961 10.574297 -0.146907
-107.368487 -29.225961 11.308584 0.763365
-103.405639 -29.225961 11.057972 0.319491
-99.442791 -29.225961 11.543754 0.089466
-95.479943 -29.225961 10.710514 0.306162
-91.517095 -29.225961 11.185939 -0.253895
-87.554247 -29.225961 11.121501 -0.081885
-83.591400 -29.225961 11.276646 0.038149
-79.628552 -29.225961 11.049529 0.349074
-75.665704 -29.225961 10.332381 0.335937
-71.702856 -29.225961 11.168154 0.286888
-67.740008 -29.225961 11.272355 -0.152514
-63.777160 -29.225961 10.973122 0.128556
-59.814312 -29.225961 11.256716 -0.121237
-55.851464 -29.225961 11.593385 -0.062487
-51.888616 -29.225961 11.076005 0.079297
-47.925768 -29.225961 11.089908 -0.026074
-43.962920 -29.225961 11.021307 0.432638
-40.000072 -29.225961 11.676111 0.443352
-36.037224 -29.225961 10.837536 0.646928
-32.074376 -29.225961 10.525506 0.411506
-28.111528 -29.225961 11.252020 0.402960
-24.148680 -29.225961 10.831684 0.425762
-20.185832 -29.225961 11.291917 0.148499
-16.222984 -29.225961 10.537244 0.524312
-12.260136 -29.225961 11.637970 0.135135
-8.297289 -29.225961 11.032686 0.483777
-4.334441 -29.225961 11.454032 0.455915
-0.371593 -29.225961 10.962239 0.613305
3.591255 -29.225961 11.118209 0.320023
7.554103 -29.225961 10.901219 0.001850
11.516951 -29.225961 10.902349 -0.228602
15.479799 -29.225961 11.086326 0.482921
19.442647 -29.225961 10.592832 0.880169
23.405495 -29.225961 10.866273 0.380928
27.368343 -29.225961 11.211365 -0.087544
31.331191 -29.225961 10.979032 -0.135891
35.294039 -29.225961 10.512961 0.117500
39.256887 -29.225961 10.705609 -0.026035
43.219735 -29.225961 11.041618 -0.008555
47.182583 -29.225961 10.597553 0.198760
51.145431 -29.225961 10.743493 0.650700
55.108279 -29.225961 10.637274 0.676659
59.071127 -29.225961 11.421014 -0.846897
63.033975 -29.225961 10.750463 -0.134884
66.996822 -29.225961 10.065811 0.866572
-131.145575 -33.188809 15.353878 4.104057
-127.182727 -33.188809 -12.307144 2.811161
-123.219879 -33.188809 4.738457 1.764102
-119.257031 -33.188809 15.535748 7.041530
-115.294183 -33.188809 10.559389 -1.763030
-111.331335 -33.188809 -12.779006 15.786789
-107.368487 -33.188809 11.502931 -0.162421
-103.405639 -33.188809 11.137285 -0.119189
-99.442791 -33.188809 11.236701 0.846709
-95.479943 -33.188809 11.054773 0.571264
-91.517095 -33.188809 11.785481 -0.201149
-87.554247 -33.188809 11.232715 0.526509
-83.591400 -33.188809 10.771192 0.214778
-79.628552 -33.188809 11.171747 0.333171
-75.665704 -33.188809 11.152390 0.361665
-71.702856 -33.188809 10.785364 0.458307
-67.740008 -33.188809 11.204054 0.157534
-63.777160 -33.188809 11.330746 0.364257
-59.814312 -33.188809 10.750667 -0.033475
-55.851464 -33.188809 11.303159 -0.040827
-51.888616 -33.188809 10.794304 0.433266
-47.925768 -33.188809 11.213408 0.353172
-43.962920 -33.188809 11.223310 -0.074097
-40.000072 -33.188809 11.339862 0.488304
-36.037224 -33.188809 11.026426 -0.280967
-32.074376 -33.188809 10.874928 0.386018
-28.111528 -33.188809 11.067311 0.473791
-24.148680 -33.188809 10.813385 -0.122832
-20.185832 -33.188809 11.301160 0.188942
-16.222984 -33.188809 10.497910 0.244262
-12.260136 -33.188809 10.852161 0.386887
-8.297289 -33.188809 10.676888 0.311389
-4.334441 -33.188809 11.347690 0.530761
-0.371593 -33.188809 11.448513 0.194834
3.591255 -33.188809 11.333963 0.651387
7.554103 -33.188809 12.020043 0.672791
11.516951 -33.188809 10.709687 0.519225
15.479799 -33.188809 11.116895 0.283654
19.442647 -33.188809 10.909672 -0.229383
23.405495 -33.188809 10.936406 0.352930
27.368343 -33.188809 10.849838 -0.376605
31.331191 -33.188809 10.834304 0.283382
35.294039 -33.188809 11.540885 0.337205
39.256887 -33.188809 10.951552 0.285809
43.219735 -33.188809 10.727747 -0.160301
47.182583 -33.188809 10.790992 0.061990
51.145431 -33.188809 11.738253 -0.432333
55.108279 -33.188809 10.972495 0.848460
59.071127 -33.188809 11.541133 -0.010768
63.033975 -33.188809 12.226085 0.529709
66.996822 -33.188809 10.055929 0.730929
-131.145575 -37.151657 -5.344456 -16.851206
-127.182727 -37.151657 -2.788766 -11.641221
-123.219879 -37.151657 12.431587 -13.745725
-119.257031 -37.151657 4.823956 -1.813202
-115.294183 -37.151657 11.807002 1.394053
-111.331335 -37.151657 12.072871 1.287301
-107.368487 -37.151657 10.553542 0.148466
-103.405639 -37.151657 11.133403 1.095673
-99.442791 -37.151657 11.823635 0.166993
-95.479943 -37.151657 10.903273 0.183719
-91.517095 -37.151657 10.989840 -0.454499
-87.554247 -37.151657 10.962476 0.305326
-83.591400 -37.151657 11.274291 0.042578
-79.628552 -37.151657 11.189857 -1.230259
-75.665704 -37.151657 11.215406 0.941759
-71.702856 -37.151657 10.953300 0.476946
-67.740008 -37.151657 11.096078 0.190983
-63.777160 -37.151657 11.743401 0.036669
-59.814312 -37.151657 11.254240 -0.341902
-55.851464 -37.151657 10.677979 0.569676
-51.888616 -37.151657 11.309391 0.273591
-47.925768 -37.151657 11.163702 0.277337
-43.962920 -37.151657 10.710738 0.818203
-40.000072 -37.151657 11.251040 0.672585
-36.037224 -37.151657 11.421289 0.253264
-32.074376 -37.151657 10.941694 0.163290
-28.111528 -37.151657 11.022249 0.508864
-24.148680 -37.151657 10.899053 0.230768
-20.185832 -37.151657 11.621184 0.409708
-16.222984 -37.151657 10.909882 0.335316
-12.260136 -37.151657 10.729836 0.556980
-8.297289 -37.151657 10.716050 0.507782
-4.334441 -37.151657 11.427654 -0.266899
-0.371593 -37.151657 10.749335 -0.149571
3.591255 -37.151657 11.836082 0.295260
7.554103 -37.151657 10.823109 0.158413
11.516951 -37.151657 10.826680 0.378133
15.479799 -37.151657 11.000726 0.373290
19.442647 -37.151657 11.135656 0.446074
23.405495 -37.151657 11.343523 0.223802
27.368343 -37.151657 10.983573 0.008151
31.331191 -37.151657 10.429979 -0.350680
35.294039 -37.151657 11.226344 0.131350
39.256887 -37.151657 11.799150 0.577748
43.219735 -37.151657 11.637642 0.238546
47.182583 -37.151657 9.982366 0.431944
51.145431 -37.151657 10.627715 0.569542
55.108279 -37.151657 11.166778 0.488359
59.071127 -37.151657 10.443946 0.065579
63.033975 -37.151657 8.813091 -1.742191
66.996822 -37.151657 10.337818 0.755325
-131.145575 -41.114505 16.934486 12.912215
-127.182727 -41.114505 7.681445 -12.515444
-123.219879 -41.114505 14.977942 0.546924
-119.257031 -41.114505 -9.108644 -4.761036
-115.294183 -41.114505 12.446241 -4.068979
-111.331335 -41.114505 17.230337 14.099063
-107.368487 -41.114505 10.785085 1.572595
-103.405639 -41.114505 11.742938 -0.210730
-99.442791 -41.114505 11.010259 0.895540
-95.479943 -41.114505 10.722071 0.503281
-91.517095 -41.114505 11.456614 -0.023346
-87.554247 -41.114505 10.769487 0.164887
-83.591400 -41.114505 10.952596 -0.245531
-79.628552 -41.114505 11.569097 0.527146
-75.665704 -41.114505 11.396365 -0.327077
-71.702856 -41.114505 11.013715 -0.544100
-67.740008 -41.114505 11.641958 0.061564
-63.777160 -41.114505 10.925030 -0.435626
-59.814312 -41.114505 11.366608 0.002812
-55.851464 -41.114505 11.402738 0.079779
-51.888616 -41.114505 10.650861 0.375654
-47.925768 -41.114505 10.768218 0.098102
-43.962920 -41.114505 11.151308 0.303889
-40.000072 -41.114505 10.869782 0.407667
-36.037224 -41.114505 11.481451 0.203181
-32.074376 -41.114505 11.552261 -0.039019
-28.111528 -41.114505 11.424634 0.325492
-24.148680 -41.114505 11.013662 0.035003
-20.185832 -41.114505 11.652864 0.200370
-16.222984 -41.114505 10.226116 0.356106
-12.260136 -41.114505 11.018993 0.294581
-8.297289 -41.114505 10.909203 -0.354995
-4.334441 -41.114505 10.272277 -0.485251
-0.371593 -41.114505 11.093998 -0.197126
3.591255 -41.114505 11.494510 -0.197430
7.554103 -41.114505 10.954538 0.792140
11.516951 -41.114505 10.253735 0.090733
15.479799 -41.114505 10.131165 0.093623
19.442647 -41.114505 11.161684 0.173798
23.405495 -41.114505 10.689369 0.770490
27.368343 -41.114505 10.502643 1.000448
31.331191 -41.114505 11.284465 -0.370088
35.294039 -41.114505 10.829825 0.983342
39.256887 -41.114505 10.782896 -0.069696
43.219735 -41.114505 10.442666 0.222466
47.182583 -41.114505 11.149629 1.508355
51.145431 -41.114505 10.486405 -0.125802
55.108279 -41.114505 10.702808 1.426830
59.071127 -41.114505 10.384941 0.387024
63.033975 -41.114505 10.608920 0.892658
66.996822 -41.114505 11.048406 0.500298
-131.145575 -45.077353 11.292305 15.335438
-127.182727 -45.077353 -16.636923 6.850405
-123.219879 -45.077353 -15.330593 -3.804576
-119.257031 -45.077353 -6.425740 7.376865
-115.294183 -45.077353 -10.019774 0.775407
-111.331335 -45.077353 1.153381 13.979995
-107.368487 -45.077353 10.156474 1.563988
-103.405639 -45.077353 13.289546 1.750526
-99.442791 -45.077353 9.836713 -1.228761
-95.479943 -45.077353 11.051421 -0.313608
-91.517095 -45.077353 11.003664 -0.606209
-87.554247 -45.077353 10.665009 -0.194064
-83.591400 -45.077353 11.525626 -0.263765
-79.628552 -45.077353 11.577313 0.374063
-75.665704 -45.077353 11.569983 -0.610732
-71.702856 -45.077353 10.916896 0.200350
-67.740008 -45.077353 11.643759 0.029493
-63.777160 -45.077353 11.327242 -0.174759
-59.814312 -45.077353 11.045486 0.543540
-55.851464 -45.077353 11.211581 -0.111634
-51.888616 -45.077353 11.198812 0.774111
-47.925768 -45.077353 10.761799 0.197860
-43.962920 -45.077353 11.619775 0.074790
-40.000072 -45.077353 12.082040 0.141720
-36.037224 -45.077353 11.700233 0.365655
-32.074376 -45.077353 11.222440 0.494326
-28.111528 -45.077353 10.469921 0.485573
-24.148680 -45.077353 10.912335 0.343879
-20.185832 -45.077353 10.882152 0.585097
-16.222984 -45.077353 11.056285 0.333663
-12.260136 -45.077353 10.619542 1.037860
-8.297289 -45.077353 10.403577 -0.406683
-4.334441 -45.077353 11.051360 0.896891
-0.371593 -45.077353 11.546498 0.601033
3.591255 -45.077353 10.667019 0.008855
7.554103 -45.077353 10.563836 0.051908
11.516951 -45.077353 10.976773 -0.420722
15.479799 -45.077353 9.279721 0.308050
19.442647 -45.077353 10.453752 0.827899
23.405495 -45.077353 10.975905 0.507800
27.368343 -45.077353 10.762542 -1.423710
31.331191 -45.077353 10.820792 1.274860
35.294039 -45.077353 10.995687 -0.863254
39.256887 -45.077353 11.598411 -0.238280
43.219735 -45.077353 10.822918 0.187934
47.182583 -45.077353 11.199489 -0.873570
51.145431 -45.077353 10.143592 -0.571793
55.108279 -45.077353 12.107373 0.697503
59.071127 -45.077353 10.900393 0.970319
63.033975 -45.077353 11.238257 1.178827
66.996822 -45.077353 10.061535 1.514503
-131.145575 -49.040201 -8.234786 -16.937384
-127.182727 -49.040201 11.947837 3.020386
-123.219879 -49.040201 15.411983 -2.184013
-119.257031 -49.040201 18.035500 -9.669030
-115.294183 -49.040201 -9.422692 -2.108801
-111.331335 -49.040201 10.300371 -1.304104
-107.368487 -49.040201 10.929904 -2.405617
-103.405639 -49.040201 10.639669 0.572197
-99.442791 -49.040201 10.251956 0.310759
-95.479943 -49.040201 10.363820 -0.021246
-91.517095 -49.040201 10.556449 -0.973989
-87.554247 -49.040201 10.672820 -0.710011
-83.591400 -49.040201 11.616246 0.421564
-79.628552 -49.040201 11.926490 0.256265
-75.665704 -49.040201 11.773032 -0.954055
-71.702856 -49.040201 12.367069 0.529013
-67.740008 -49.040201 11.362397 -0.156370
-63.777160 -49.040201 10.696259 0.912529
-59.814312 -49.040201 11.632913 -0.509583
-55.851464 -49.040201 10.924218 0.191747
-51.888616 -49.040201 10.602000 -0.284537
-47.925768 -49.040201 12.076356 0.395752
-43.962920 -49.040201 11.341748 -0.158494
-40.000072 -49.040201 11.781459 -0.168196
-36.037224 -49.040201 10.181078 0.325196
-32.074376 -49.040201 10.367674 0.182418
-28.111528 -49.040201 9.925711 0.038524
-24.148680 -49.040201 10.343415 0.174569
-20.185832 -49.040201 11.421687 -0.849347
-16.222984 -49.040201 10.863555 0.404045
-12.260136 -49.040201 11.615075 -0.120430
-8.297289 -49.040201 10.560544 0.244943
-4.334441 -49.040201 11.078249 0.194737
-0.371593 -49.040201 9.781268 -0.270962
3.591255 -49.040201 10.375731 0.152907
7.554103 -49.040201 10.759247 0.301282
11.516951 -49.040201 11.820046 0.139706
15.479799 -49.040201 10.387488 0.357280
19.442647 -49.040201 11.270201 0.283853
23.405495 -49.040201 10.432230 0.598199
27.368343 -49.040201 10.137234 -0.972617
31.331191 -49.040201 10.308535 1.087693
35.294039 -49.040201 11.832127 1.666668
39.256887 -49.040201 10.268950 -0.009771
43.219735 -49.040201 11.553599 -0.209161
47.182583 -49.040201 -13.296331 9.784872
51.145431 -49.040201 10.780377 0.738037
55.108279 -49.040201 11.127172 1.225012
59.071127 -49.040201 10.843140 -0.822945
63.033975 -49.040201 10.717374 0.543595
66.996822 -49.040201 -3.412143 -15.601301
-131.145575 -53.003049 0.000000 0.000000
-127.182727 -53.003049 0.000000 0.000000
-123.219879 -53.003049 0.000000 0.000000
-119.257031 -53.003049 0.000000 0.000000
-115.294183 -53.003049 0.000000 0.000000
-111.331335 -53.003049 0.000000 0.000000
-107.368487 -53.003049 0.000000 0.000000
-103.405639 -53.003049 0.000000 0.000000
-99.442791 -53.003049 0.000000 0.000000
-95.479943 -53.003049 0.000000 0.000000
-91.517095 -53.003049 0.000000 0.000000
-87.554247 -53.003049 0.000000 0.000000
-83.591400 -53.003049 0.000000 0.000000
-79.628552 -53.003049 0.000000 0.000000
-75.665704 -53.003049 0.000000 0.000000
-71.702856 -53.003049 0.000000 0.000000
-67.740008 -53.003049 0.000000 0.000000
-63.777160 -53.003049 0.000000 0.000000
-59.814312 -53.003049 0.000000 0.000000
-55.851464 -53.003049 0.000000 0.000000
-51.888616 -53.003049 0.000000 0.000000
-47.925768 -53.003049 0.000000 0.000000
-43.962920 -53.003049 0.000000 0.000000
-40.000072 -53.003049 0.000000 0.000000
-36.037224 -53.003049 0.000000 0.000000
-32.074376 -53.003049 0.000000 0.000000
-28.111528 -53.003049 0.000000 0.000000
-24.148680 -53.003049 0.000000 0.000000
-20.185832 -53.003049 0.000000 0.000000
-16.222984 -53.003049 0.000000 0.000000
-12.260136 -53.003049 0.000000 0.000000
-8.297289 -53.003049 0.000000 0.000000
-4.334441 -53.003049 0.000000 0.000000
-0.371593 -53.003049 0.000000 0.000000
3.591255 -53.003049 0.000000 0.000000
7.554103 -53.003049 0.000000 0.000000
11.516951 -53.003049 0.000000 0.000000
15.479799 -53.003049 0.000000 0.000000
19.442647 -53.003049 0.000000 0.000000
23.405495 -53.003049 0.000000 0.000000
27.368343 -53.003049 0.000000 0.000000
31.331191 -53.003049 0.000000 0.000000
35.294039 -53.003049 0.000000 0.000000
39.256887 -53.003049 0.000000 0.000000
43.219735 -53.003049 0.000000 0.000000
47.182583 -53.003049 0.000000 0.000000
51.145431 -53.003049 0.000000 0.000000
55.108279 -53.003049 0.000000 0.000000
59.071127 -53.003049 0.000000 0.000000
63.033975 -53.003049 0.000000 0.000000
66.996822 -53.003049 0.000000 0.000000
