TITLE = "B00009"
VARIABLES = "position", "position(2)", "Vx", "Vy"
ZONE T="Frame 0", I=51, J=39
-131.145575 97.585173 7.868696 12.816558
-127.182727 97.585173 10.924562 0.515564
-123.219879 97.585173 11.465312 0.330881
-119.257031 97.585173 11.189371 0.276082
-115.294183 97.585173 11.516855 0.366716
-111.331335 97.585173 0.000000 0.000000
-107.368487 97.585173 0.000000 0.000000
-103.405639 97.585173 0.000000 0.000000
-99.442791 97.585173 0.000000 0.000000
-95.479943 97.585173 0.000000 0.000000
-91.517095 97.585173 0.000000 0.000000
-87.554247 97.585173 11.305935 0.262817
-83.591400 97.585173 11.421834 0.324786
-79.628552 97.585173 11.338297 0.272021
-75.665704 97.585173 11.523215 0.331337
-71.702856 97.585173 11.736266 0.140360
-67.740008 97.585173 11.528696 0.279584
-63.777160 97.585173 11.176816 0.150689
-59.814312 97.585173 11.602223 0.161556
-55.851464 97.585173 11.373752 0.278690
-51.888616 97.585173 11.519328 0.038664
-47.925768 97.585173 11.399199 0.058446
-43.962920 97.585173 11.387242 0.146139
-40.000072 97.585173 11.433656 -0.058564
-36.037224 97.585173 11.482755 -0.005666
-32.074376 97.585173 11.194324 -0.253374
-28.111528 97.585173 11.391843 0.145576
-24.148680 97.585173 11.123497 -0.045479
-20.185832 97.585173 11.058485 0.101295
-16.222984 97.585173 11.248598 -0.040635
-12.260136 97.585173 0.000000 0.000000
-8.297289 97.585173 0.000000 0.000000
-4.334441 97.585173 0.000000 0.000000
-0.371593 97.585173 11.065834 -0.042566
3.591255 97.585173 10.978866 -0.124303
7.554103 97.585173 11.204186 0.021915
11.516951 97.585173 10.918717 -0.014410
15.479799 97.585173 10.926270 -0.046325
19.442647 97.585173 11.045376 0.025708
23.405495 97.585173 11.129006 -0.092905
27.368343 97.585173 10.963421 0.130119
31.331191 97.585173 10.959328 -0.036099
35.294039 97.585173 11.040809 -0.313047
39.256887 97.585173 11.127158 -0.186516
43.219735 97.585173 11.041748 -0.041808
47.182583 97.585173 10.972372 0.114430
51.145431 97.585173 11.024670 -0.258443
55.108279 97.585173 11.041944 -0.118920
59.071127 97.585173 10.997101 0.034380
63.033975 97.585173 11.033537 0.007269
66.996822 97.585173 11.039635 0.087096
-131.145575 93.622325 11.029492 0.160905
-127.182727 93.622325 11.245546 0.693101
-123.219879 93.622325 10.991729 0.210140
-119.257031 93.622325 11.253702 0.363691
-115.294183 93.622325 11.198455 0.219538
-111.331335 93.622325 0.000000 0.000000
-107.368487 93.622325 0.000000 0.000000
-103.405639 93.622325 0.000000 0.000000
-99.442791 93.622325 0.000000 0.000000
-95.479943 93.622325 0.000000 0.000000
-91.517095 93.622325 0.000000 0.000000
-87.554247 93.622325 11.400785 0.324324
-83.591400 93.622325 11.480024 0.323769
-79.628552 93.622325 11.625590 0.097965
-75.665704 93.622325 11.501974 0.350448
-71.702856 93.622325 11.620654 0.332998
-67.740008 93.622325 11.374528 0.141571
-63.777160 93.622325 11.465845 0.188036
-59.814312 93.622325 11.457860 0.015991
-55.851464 93.622325 11.503697 0.053037
-51.888616 93.622325 11.274749 0.055949
-47.925768 93.622325 11.431885 0.217390
-43.962920 93.622325 11.494365 -0.052940
-40.000072 93.622325 11.398488 0.037999
-36.037224 93.622325 11.251739 -0.131248
-32.074376 93.622325 11.291401 -0.256538
-28.111528 93.622325 11.194734 -0.179162
-24.148680 93.622325 11.219041 -0.150293
-20.185832 93.622325 11.146864 -0.155252
-16.222984 93.622325 11.154369 -0.278372
-12.260136 93.622325 0.000000 0.000000
-8.297289 93.622325 0.000000 0.000000
-4.334441 93.622325 0.000000 0.000000
-0.371593 93.622325 11.260736 -0.043768
3.591255 93.622325 11.183651 -0.019077
7.554103 93.622325 11.063715 -0.138818
11.516951 93.622325 11.153603 -0.146658
15.479799 93.622325 11.009812 -0.238220
19.442647 93.622325 11.171889 -0.006622
23.405495 93.622325 11.009605 -0.060237
27.368343 93.622325 11.105706 -0.165861
31.331191 93.622325 10.992748 -0.088317
35.294039 93.622325 10.966380 -0.091195
39.256887 93.622325 11.055619 -0.032889
43.219735 93.622325 11.040994 0.089949
47.182583 93.622325 10.993782 0.001882
51.145431 93.622325 10.996060 -0.039068
55.108279 93.622325 11.055439 0.020888
59.071127 93.622325 10.955534 0.080719
63.033975 93.622325 11.077201 0.172966
66.996822 93.622325 10.878435 0.032643
-131.145575 89.659477 -10.129547 0.266288
-127.182727 89.659477 11.179740 0.502960
-123.219879 89.659477 11.032907 0.612465
-119.257031 89.659477 11.071245 0.405653
-115.294183 89.659477 11.224977 0.578089
-111.331335 89.659477 0.000000 0.000000
-107.368487 89.659477 0.000000 0.000000
-103.405639 89.659477 0.000000 0.000000
-99.442791 89.659477 0.000000 0.000000
-95.479943 89.659477 0.000000 0.000000
-91.517095 89.659477 0.000000 0.000000
-87.554247 89.659477 11.516087 0.430711
-83.591400 89.659477 11.301616 0.366212
-79.628552 89.659477 11.594234 0.158911
-75.665704 89.659477 11.653841 0.047449
-71.702856 89.659477 11.479856 0.284406
-67.740008 89.659477 11.480347 0.084350
-63.777160 89.659477 11.487168 0.104283
-59.814312 89.659477 11.558203 0.196467
-55.851464 89.659477 11.359563 0.117598
-51.888616 89.659477 11.568685 0.012577
-47.925768 89.659477 11.585101 0.120171
-43.962920 89.659477 11.474555 -0.031593
-40.000072 89.659477 11.512777 0.097941
-36.037224 89.659477 11.428517 -0.226658
-32.074376 89.659477 11.328977 -0.157327
-28.111528 89.659477 11.337866 -0.033111
-24.148680 89.659477 11.064414 -0.155671
-20.185832 89.659477 11.528868 0.056209
-16.222984 89.659477 11.169079 0.201304
-12.260136 89.659477 0.000000 0.000000
-8.297289 89.659477 0.000000 0.000000
-4.334441 89.659477 0.000000 0.000000
-0.371593 89.659477 11.165656 -0.151331
3.591255 89.659477 11.248807 -0.196438
7.554103 89.659477 11.179014 -0.088725
11.516951 89.659477 11.094940 -0.279699
15.479799 89.659477 10.978752 -0.011832
19.442647 89.659477 11.137122 -0.058557
23.405495 89.659477 11.031377 -0.212377
27.368343 89.659477 11.072250 -0.101570
31.331191 89.659477 10.897462 -0.005991
35.294039 89.659477 10.920371 0.052793
39.256887 89.659477 11.098047 0.186660
43.219735 89.659477 10.894852 0.079678
47.182583 89.659477 11.013331 -0.014029
51.145431 89.659477 11.016113 0.057079
55.108279 89.659477 11.068834 -0.115316
59.071127 89.659477 10.873757 -0.173767
63.033975 89.659477 10.835138 -0.258283
66.996822 89.659477 10.962659 -0.082981
-131.145575 85.696629 11.578497 0.533990
-127.182727 85.696629 10.890509 -0.098106
-123.219879 85.696629 11.012064 0.424523
-119.257031 85.696629 10.960839 0.468784
-115.294183 85.696629 11.478453 0.470750
-111.331335 85.696629 0.000000 0.000000
-107.368487 85.696629 0.000000 0.000000
-103.405639 85.696629 0.000000 0.000000
-99.442791 85.696629 0.000000 0.000000
-95.479943 85.696629 0.000000 0.000000
-91.517095 85.696629 0.000000 0.000000
-87.554247 85.696629 11.460070 0.329906
-83.591400 85.696629 11.496202 0.397937
-79.628552 85.696629 11.455688 0.225361
-75.665704 85.696629 11.624615 0.357502
-71.702856 85.696629 11.608331 0.251354
-67.740008 85.696629 11.532794 0.100399
-63.777160 85.696629 11.352405 0.252528
-59.814312 85.696629 11.476655 0.268155
-55.851464 85.696629 11.604518 0.129303
-51.888616 85.696629 11.602621 0.084977
-47.925768 85.696629 11.518157 0.027496
-43.962920 85.696629 11.366290 -0.072407
-40.000072 85.696629 11.464297 -0.203101
-36.037224 85.696629 11.429387 -0.224898
-32.074376 85.696629 11.312389 -0.094452
-28.111528 85.696629 11.497238 -0.234355
-24.148680 85.696629 11.227578 -0.190434
-20.185832 85.696629 11.414856 -0.063928
-16.222984 85.696629 11.213827 -0.197596
-12.260136 85.696629 0.000000 0.000000
-8.297289 85.696629 0.000000 0.000000
-4.334441 85.696629 0.000000 0.000000
-0.371593 85.696629 11.121151 -0.190392
3.591255 85.696629 11.174946 0.009272
7.554103 85.696629 11.132287 -0.037748
11.516951 85.696629 11.077564 -0.215808
15.479799 85.696629 11.272727 -0.120696
19.442647 85.696629 11.045750 -0.079221
23.405495 85.696629 10.894962 -0.148489
27.368343 85.696629 11.006653 -0.032855
31.331191 85.696629 10.797986 0.109465
35.294039 85.696629 11.222603 -0.032948
39.256887 85.696629 11.033491 -0.178829
43.219735 85.696629 11.156905 0.012877
47.182583 85.696629 11.002709 -0.005203
51.145431 85.696629 10.894282 0.112009
55.108279 85.696629 11.090134 -0.017042
59.071127 85.696629 11.027111 0.039940
63.033975 85.696629 11.051353 -0.111001
66.996822 85.696629 10.891827 0.322924
-131.145575 81.733781 11.809357 0.820542
-127.182727 81.733781 11.249285 0.199016
-123.219879 81.733781 10.753804 0.470103
-119.257031 81.733781 11.108127 0.476902
-115.294183 81.733781 11.228099 0.411348
-111.331335 81.733781 0.000000 0.000000
-107.368487 81.733781 0.000000 0.000000
-103.405639 81.733781 0.000000 0.000000
-99.442791 81.733781 0.000000 0.000000
-95.479943 81.733781 0.000000 0.000000
-91.517095 81.733781 0.000000 0.000000
-87.554247 81.733781 11.622576 0.423578
-83.591400 81.733781 11.500311 0.312997
-79.628552 81.733781 11.692902 0.346043
-75.665704 81.733781 11.721478 0.419254
-71.702856 81.733781 11.577935 0.231463
-67.740008 81.733781 11.539430 0.154358
-63.777160 81.733781 11.594713 0.265818
-59.814312 81.733781 11.656907 0.129044
-55.851464 81.733781 11.607309 0.142932
-51.888616 81.733781 11.553819 -0.027999
-47.925768 81.733781 11.584599 -0.043555
-43.962920 81.733781 11.576925 -0.023759
-40.000072 81.733781 11.341177 -0.100806
-36.037224 81.733781 11.481241 -0.095802
-32.074376 81.733781 11.394959 -0.130226
-28.111528 81.733781 11.349874 -0.398808
-24.148680 81.733781 11.244083 -0.112239
-20.185832 81.733781 11.280051 -0.319444
-16.222984 81.733781 11.088410 -0.212595
-12.260136 81.733781 0.000000 0.000000
-8.297289 81.733781 0.000000 0.000000
-4.334441 81.733781 0.000000 0.000000
-0.371593 81.733781 11.165784 -0.205598
3.591255 81.733781 11.100250 -0.087354
7.554103 81.733781 11.120597 -0.256810
11.516951 81.733781 11.032517 -0.019146
15.479799 81.733781 11.043455 -0.083984
19.442647 81.733781 11.013107 -0.162978
23.405495 81.733781 10.897424 -0.369649
27.368343 81.733781 11.162851 -0.138492
31.331191 81.733781 10.954391 -0.015920
35.294039 81.733781 10.881086 -0.144805
39.256887 81.733781 10.875670 0.036692
43.219735 81.733781 11.046130 -0.322295
47.182583 81.733781 11.010880 0.081389
51.145431 81.733781 10.929918 -0.105080
55.108279 81.733781 10.936354 -0.204809
59.071127 81.733781 10.936166 0.193834
63.033975 81.733781 10.813612 -0.312509
66.996822 81.733781 10.858457 -0.115563
-131.145575 77.770933 11.230521 0.579745
-127.182727 77.770933 11.239109 0.049503
-123.219879 77.770933 10.946365 0.382978
-119.257031 77.770933 11.318189 0.688519
-115.294183 77.770933 11.428238 0.732623
-111.331335 77.770933 0.000000 0.000000
-107.368487 77.770933 0.000000 0.000000
-103.405639 77.770933 0.000000 0.000000
-99.442791 77.770933 0.000000 0.000000
-95.479943 77.770933 0.000000 0.000000
-91.517095 77.770933 11.687268 0.560903
-87.554247 77.770933 11.355646 0.437360
-83.591400 77.770933 11.725164 0.449450
-79.628552 77.770933 11.703663 0.153059
-75.665704 77.770933 11.721560 0.161276
-71.702856 77.770933 11.840405 0.404203
-67.740008 77.770933 11.687105 0.232180
-63.777160 77.770933 11.723184 -0.108711
-59.814312 77.770933 11.440192 0.029871
-55.851464 77.770933 11.475216 -0.253449
-51.888616 77.770933 11.668842 -0.071944
-47.925768 77.770933 11.582884 -0.160802
-43.962920 77.770933 11.639228 0.042252
-40.000072 77.770933 11.505807 -0.253450
-36.037224 77.770933 11.469496 -0.122691
-32.074376 77.770933 11.218653 -0.110464
-28.111528 77.770933 11.292124 -0.226031
-24.148680 77.770933 11.390547 -0.279441
-20.185832 77.770933 11.447390 -0.171275
-16.222984 77.770933 11.243320 -0.224965
-12.260136 77.770933 0.000000 0.000000
-8.297289 77.770933 0.000000 0.000000
-4.334441 77.770933 0.000000 0.000000
-0.371593 77.770933 10.975385 -0.197602
3.591255 77.770933 11.018005 -0.242389
7.554103 77.770933 11.067714 -0.181973
11.516951 77.770933 11.016241 -0.134244
15.479799 77.770933 10.960805 -0.043267
19.442647 77.770933 11.093419 -0.115795
23.405495 77.770933 11.093496 -0.214738
27.368343 77.770933 10.981796 0.168487
31.331191 77.770933 11.060748 -0.140041
35.294039 77.770933 11.023243 -0.285029
39.256887 77.770933 10.949179 -0.136934
43.219735 77.770933 10.939692 0.204989
47.182583 77.770933 11.022672 0.031889
51.145431 77.770933 11.041052 0.141351
55.108279 77.770933 11.028031 -0.244109
59.071127 77.770933 11.000369 -0.042480
63.033975 77.770933 10.999313 0.054691
66.996822 77.770933 10.895027 -0.150062
-131.145575 73.808085 10.497189 1.739923
-127.182727 73.808085 11.080337 0.676081
-123.219879 73.808085 11.195008 0.657918
-119.257031 73.808085 11.046848 0.422663
-115.294183 73.808085 11.437086 0.455907
-111.331335 73.808085 0.000000 0.000000
-107.368487 73.808085 0.000000 0.000000
-103.405639 73.808085 0.000000 0.000000
-99.442791 73.808085 0.000000 0.000000
-95.479943 73.808085 0.000000 0.000000
-91.517095 73.808085 11.624173 0.522100
-87.554247 73.808085 11.675858 0.387627
-83.591400 73.808085 11.666415 0.550875
-79.628552 73.808085 11.800341 0.169265
-75.665704 73.808085 11.594521 0.219897
-71.702856 73.808085 11.651747 0.179391
-67.740008 73.808085 11.686646 0.156502
-63.777160 73.808085 11.748795 0.200313
-59.814312 73.808085 11.413584 0.012128
-55.851464 73.808085 11.496228 0.105219
-51.888616 73.808085 11.571211 -0.117247
-47.925768 73.808085 11.456830 -0.229675
-43.962920 73.808085 11.671679 -0.310827
-40.000072 73.808085 11.465102 0.024797
-36.037224 73.808085 11.546578 -0.015505
-32.074376 73.808085 11.297682 -0.142927
-28.111528 73.808085 11.251914 -0.319827
-24.148680 73.808085 11.394617 -0.309067
-20.185832 73.808085 11.319098 -0.278923
-16.222984 73.808085 11.254761 -0.232252
-12.260136 73.808085 0.000000 0.000000
-8.297289 73.808085 0.000000 0.000000
-4.334441 73.808085 0.000000 0.000000
-0.371593 73.808085 10.992269 -0.294593
3.591255 73.808085 10.992949 -0.239461
7.554103 73.808085 11.024086 -0.165909
11.516951 73.808085 11.017472 -0.150399
15.479799 73.808085 10.899199 -0.090961
19.442647 73.808085 11.027425 0.008026
23.405495 73.808085 11.006325 -0.047272
27.368343 73.808085 11.072686 -0.196797
31.331191 73.808085 11.041862 0.072682
35.294039 73.808085 10.906989 -0.140157
39.256887 73.808085 10.912432 0.173255
43.219735 73.808085 10.962290 -0.198547
47.182583 73.808085 10.945455 -0.022239
51.145431 73.808085 10.995284 -0.003576
55.108279 73.808085 11.046106 -0.225391
59.071127 73.808085 10.826798 0.194422
63.033975 73.808085 10.915943 -0.089806
66.996822 73.808085 10.800004 -0.205733
-131.145575 69.845237 -6.931237 -0.800720
-127.182727 69.845237 -0.119609 10.608418
-123.219879 69.845237 11.353518 0.802123
-119.257031 69.845237 11.705517 0.919846
-115.294183 69.845237 11.416317 0.783345
-111.331335 69.845237 0.000000 0.000000
-107.368487 69.845237 0.000000 0.000000
-103.405639 69.845237 0.000000 0.000000
-99.442791 69.845237 0.000000 0.000000
-95.479943 69.845237 0.000000 0.000000
-91.517095 69.845237 11.593385 0.562778
-87.554247 69.845237 11.669477 0.513925
-83.591400 69.845237 11.580753 0.469081
-79.628552 69.845237 11.821948 0.304176
-75.665704 69.845237 11.691689 0.179460
-71.702856 69.845237 11.796486 0.400963
-67.740008 69.845237 11.749101 0.153470
-63.777160 69.845237 11.726958 -0.000979
-59.814312 69.845237 11.824541 0.080274
-55.851464 69.845237 11.758730 -0.232248
-51.888616 69.845237 11.676878 -0.038116
-47.925768 69.845237 11.663813 -0.015904
-43.962920 69.845237 11.696915 -0.154954
-40.000072 69.845237 11.651103 -0.214082
-36.037224 69.845237 11.540634 -0.288424
-32.074376 69.845237 11.360756 -0.393402
-28.111528 69.845237 11.590242 -0.275897
-24.148680 69.845237 11.288625 -0.191098
-20.185832 69.845237 11.192239 -0.349528
-16.222984 69.845237 11.126205 -0.364358
-12.260136 69.845237 0.000000 0.000000
-8.297289 69.845237 0.000000 0.000000
-4.334441 69.845237 0.000000 0.000000
-0.371593 69.845237 11.074612 -0.279512
3.591255 69.845237 10.939287 -0.046700
7.554103 69.845237 10.953618 -0.178604
11.516951 69.845237 10.966287 -0.226393
15.479799 69.845237 10.858553 -0.215202
19.442647 69.845237 10.964559 -0.204290
23.405495 69.845237 10.969336 -0.122745
27.368343 69.845237 11.064130 -0.008840
31.331191 69.845237 10.883865 -0.014236
35.294039 69.845237 10.903249 0.086360
39.256887 69.845237 10.866869 -0.206391
43.219735 69.845237 10.888006 -0.065754
47.182583 69.845237 11.049526 0.121629
51.145431 69.845237 10.965877 -0.036951
55.108279 69.845237 10.967480 0.101527
59.071127 69.845237 11.069746 -0.038105
63.033975 69.845237 11.027512 0.147572
66.996822 69.845237 10.867828 -0.159569
-131.145575 65.882389 11.934215 0.189544
-127.182727 65.882389 10.428082 1.272977
-123.219879 65.882389 10.935334 0.694867
-119.257031 65.882389 11.622787 0.823419
-115.294183 65.882389 11.134001 0.878558
-111.331335 65.882389 0.000000 0.000000
-107.368487 65.882389 0.000000 0.000000
-103.405639 65.882389 0.000000 0.000000
-99.442791 65.882389 0.000000 0.000000
-95.479943 65.882389 0.000000 0.000000
-91.517095 65.882389 11.746042 0.542435
-87.554247 65.882389 11.847425 0.683938
-83.591400 65.882389 11.794930 0.389069
-79.628552 65.882389 11.692506 0.203525
-75.665704 65.882389 11.769282 0.071991
-71.702856 65.882389 11.954430 0.228447
-67.740008 65.882389 11.687565 0.138067
-63.777160 65.882389 11.660417 0.066812
-59.814312 65.882389 11.827844 0.001650
-55.851464 65.882389 11.570374 -0.182775
-51.888616 65.882389 11.649927 -0.147286
-47.925768 65.882389 11.612833 -0.086387
-43.962920 65.882389 11.558378 -0.250381
-40.000072 65.882389 11.323076 -0.326851
-36.037224 65.882389 11.414930 -0.204496
-32.074376 65.882389 11.592445 -0.361654
-28.111528 65.882389 11.545156 -0.511443
-24.148680 65.882389 11.175833 -0.379554
-20.185832 65.882389 11.396787 -0.306113
-16.222984 65.882389 11.412718 -0.353961
-12.260136 65.882389 0.000000 0.000000
-8.297289 65.882389 0.000000 0.000000
-4.334441 65.882389 11.049326 -0.371681
-0.371593 65.882389 10.983830 -0.297427
3.591255 65.882389 11.205016 -0.349899
7.554103 65.882389 10.943466 -0.326175
11.516951 65.882389 10.964783 0.011827
15.479799 65.882389 11.044296 -0.266213
19.442647 65.882389 10.865032 -0.167212
23.405495 65.882389 11.006291 -0.255179
27.368343 65.882389 10.808972 -0.266601
31.331191 65.882389 10.830106 -0.140687
35.294039 65.882389 10.904131 -0.097022
39.256887 65.882389 10.943302 -0.137056
43.219735 65.882389 10.896652 0.113272
47.182583 65.882389 10.932350 0.243498
51.145431 65.882389 11.000302 -0.037139
55.108279 65.882389 11.071640 0.038653
59.071127 65.882389 10.872282 0.066578
63.033975 65.882389 11.051958 -0.308355
66.996822 65.882389 11.110366 -0.001136
-131.145575 61.919541 10.486508 0.094339
-127.182727 61.919541 11.005979 0.483153
-123.219879 61.919541 10.578047 1.396655
-119.257031 61.919541 10.966557 0.794726
-115.294183 61.919541 11.033689 1.010355
-111.331335 61.919541 0.000000 0.000000
-107.368487 61.919541 0.000000 0.000000
-103.405639 61.919541 0.000000 0.000000
-99.442791 61.919541 0.000000 0.000000
-95.479943 61.919541 0.000000 0.000000
-91.517095 61.919541 11.736561 0.788708
-87.554247 61.919541 11.936374 0.683616
-83.591400 61.919541 11.824378 0.645985
-79.628552 61.919541 11.915571 0.330736
-75.665704 61.919541 11.870929 0.147337
-71.702856 61.919541 11.974678 0.315952
-67.740008 61.919541 11.928035 0.148313
-63.777160 61.919541 11.930597 0.021313
-59.814312 61.919541 11.945547 -0.043806
-55.851464 61.919541 11.823881 -0.169617
-51.888616 61.919541 11.866220 0.031399
-47.925768 61.919541 11.797380 -0.246406
-43.962920 61.919541 11.828772 -0.464708
-40.000072 61.919541 11.739534 -0.273945
-36.037224 61.919541 11.375041 -0.359464
-32.074376 61.919541 11.542454 -0.246182
-28.111528 61.919541 11.518850 -0.361256
-24.148680 61.919541 11.490887 -0.422704
-20.185832 61.919541 11.282950 -0.422244
-16.222984 61.919541 11.349917 -0.328742
-12.260136 61.919541 0.000000 0.000000
-8.297289 61.919541 0.000000 0.000000
-4.334441 61.919541 10.976641 -0.368570
-0.371593 61.919541 11.088211 -0.385965
3.591255 61.919541 11.007357 -0.463198
7.554103 61.919541 10.791281 -0.304623
11.516951 61.919541 10.878891 -0.233080
15.479799 61.919541 10.821050 -0.163252
19.442647 61.919541 10.828963 -0.278160
23.405495 61.919541 10.815307 -0.144150
27.368343 61.919541 10.955523 -0.240372
31.331191 61.919541 11.035275 0.128220
35.294039 61.919541 10.876129 -0.230372
39.256887 61.919541 10.899158 -0.045525
43.219735 61.919541 11.089322 0.091512
47.182583 61.919541 10.847845 0.117156
51.145431 61.919541 10.844236 -0.183396
55.108279 61.919541 10.919991 0.064429
59.071127 61.919541 10.908428 -0.113981
63.033975 61.919541 10.818946 -0.287516
66.996822 61.919541 10.867862 0.144735
-131.145575 57.956694 17.982292 6.096864
-127.182727 57.956694 11.110645 0.309854
-123.219879 57.956694 11.205854 1.153106
-119.257031 57.956694 10.753325 0.957282
-115.294183 57.956694 11.138349 0.987311
-111.331335 57.956694 0.000000 0.000000
-107.368487 57.956694 0.000000 0.000000
-103.405639 57.956694 0.000000 0.000000
-99.442791 57.956694 0.000000 0.000000
-95.479943 57.956694 12.159352 0.936173
-91.517095 57.956694 12.061514 0.620217
-87.554247 57.956694 11.986825 0.781835
-83.591400 57.956694 11.969122 0.270534
-79.628552 57.956694 11.998037 0.371270
-75.665704 57.956694 12.075245 0.118815
-71.702856 57.956694 12.012516 0.117233
-67.740008 57.956694 12.031032 0.215927
-63.777160 57.956694 11.875381 -0.008441
-59.814312 57.956694 11.991021 -0.185221
-55.851464 57.956694 11.937777 -0.265473
-51.888616 57.956694 11.941605 -0.466757
-47.925768 57.956694 11.756893 -0.330049
-43.962920 57.956694 11.805722 -0.336598
-40.000072 57.956694 11.849647 -0.419986
-36.037224 57.956694 11.379886 -0.480620
-32.074376 57.956694 11.573809 -0.540587
-28.111528 57.956694 11.546388 -0.454965
-24.148680 57.956694 11.410800 -0.404703
-20.185832 57.956694 11.203430 -0.588050
-16.222984 57.956694 11.130219 -0.362496
-12.260136 57.956694 0.000000 0.000000
-8.297289 57.956694 0.000000 0.000000
-4.334441 57.956694 11.034443 -0.509897
-0.371593 57.956694 10.909496 -0.484286
3.591255 57.956694 10.993908 -0.513245
7.554103 57.956694 10.947202 -0.074268
11.516951 57.956694 10.847795 -0.221951
15.479799 57.956694 10.956069 -0.334073
19.442647 57.956694 10.879096 -0.090062
23.405495 57.956694 10.925045 -0.255943
27.368343 57.956694 10.960820 -0.164570
31.331191 57.956694 11.029194 -0.106753
35.294039 57.956694 10.824960 0.048734
39.256887 57.956694 10.853492 0.032337
43.219735 57.956694 11.031447 0.115062
47.182583 57.956694 10.994681 -0.148635
51.145431 57.956694 10.826890 0.081495
55.108279 57.956694 10.862906 -0.006498
59.071127 57.956694 10.895278 -0.151364
63.033975 57.956694 10.898431 0.270966
66.996822 57.956694 11.108813 0.041757
-131.145575 53.993846 7.258438 -16.816259
-127.182727 53.993846 -9.787535 10.639073
-123.219879 53.993846 10.510937 0.665271
-119.257031 53.993846 10.980616 1.016187
-115.294183 53.993846 10.857268 1.292324
-111.331335 53.993846 0.000000 0.000000
-107.368487 53.993846 0.000000 0.000000
-103.405639 53.993846 0.000000 0.000000
-99.442791 53.993846 0.000000 0.000000
-95.479943 53.993846 11.991903 1.220957
-91.517095 53.993846 12.069887 0.757745
-87.554247 53.993846 12.104763 0.665653
-83.591400 53.993846 12.242687 0.638438
-79.628552 53.993846 12.375482 0.327378
-75.665704 53.993846 12.185184 0.400243
-71.702856 53.993846 12.289672 0.199762
-67.740008 53.993846 12.083216 -0.089480
-63.777160 53.993846 11.981294 -0.168456
-59.814312 53.993846 11.970711 -0.051731
-55.851464 53.993846 11.819104 -0.362811
-51.888616 53.993846 11.708122 -0.208248
-47.925768 53.993846 11.836896 -0.431487
-43.962920 53.993846 11.745510 -0.581672
-40.000072 53.993846 11.663817 -0.395355
-36.037224 53.993846 11.447881 -0.675966
-32.074376 53.993846 11.527706 -0.543636
-28.111528 53.993846 11.551821 -0.484558
-24.148680 53.993846 11.433037 -0.573750
-20.185832 53.993846 11.462266 -0.500553
-16.222984 53.993846 11.064658 -0.581664
-12.260136 53.993846 11.104147 -0.638712
-8.297289 53.993846 0.000000 0.000000
-4.334441 53.993846 10.846266 -0.445246
-0.371593 53.993846 10.838896 -0.299113
3.591255 53.993846 10.880802 -0.357382
7.554103 53.993846 10.890506 -0.355097
11.516951 53.993846 10.777207 -0.177878
15.479799 53.993846 10.813776 -0.362680
19.442647 53.993846 10.895999 -0.190737
23.405495 53.993846 10.869062 -0.320756
27.368343 53.993846 11.061057 -0.109177
31.331191 53.993846 10.966233 0.168954
35.294039 53.993846 10.983447 -0.076071
39.256887 53.993846 10.935387 -0.122191
43.219735 53.993846 10.842330 0.092926
47.182583 53.993846 10.783260 -0.277868
51.145431 53.993846 10.841388 -0.036827
55.108279 53.993846 10.827556 -0.239991
59.071127 53.993846 10.930868 0.178361
63.033975 53.993846 11.018553 0.082594
66.996822 53.993846 10.962621 -0.182167
-131.145575 50.030998 -7.958021 -15.906654
-127.182727 50.030998 10.336238 0.801970
-123.219879 50.030998 10.955587 1.282899
-119.257031 50.030998 10.816230 1.100342
-115.294183 50.030998 10.792458 1.528138
-111.331335 50.030998 0.000000 0.000000
-107.368487 50.030998 0.000000 0.000000
-103.405639 50.030998 0.000000 0.000000
-99.442791 50.030998 0.000000 0.000000
-95.479943 50.030998 12.186509 1.322566
-91.517095 50.030998 12.276948 0.965859
-87.554247 50.030998 12.288084 0.862685
-83.591400 50.030998 12.437504 0.788658
-79.628552 50.030998 12.294442 0.439905
-75.665704 50.030998 12.413397 0.347719
-71.702856 50.030998 12.299973 0.141456
-67.740008 50.030998 12.360610 -0.210114
-63.777160 50.030998 12.039118 0.104608
-59.814312 50.030998 12.077650 -0.316898
-55.851464 50.030998 12.130610 -0.315480
-51.888616 50.030998 11.895255 -0.378126
-47.925768 50.030998 11.642272 -0.538401
-43.962920 50.030998 11.686357 -0.465933
-40.000072 50.030998 11.952670 -0.633150
-36.037224 50.030998 11.819000 -0.602256
-32.074376 50.030998 11.694615 -0.679400
-28.111528 50.030998 11.591084 -0.515902
-24.148680 50.030998 11.447230 -0.616174
-20.185832 50.030998 11.491319 -0.690853
-16.222984 50.030998 11.194095 -0.648879
-12.260136 50.030998 11.142632 -0.678302
-8.297289 50.030998 0.000000 0.000000
-4.334441 50.030998 11.004522 -0.557711
-0.371593 50.030998 10.886827 -0.632511
3.591255 50.030998 10.832885 -0.509778
7.554103 50.030998 10.774812 -0.038678
11.516951 50.030998 10.707268 -0.226557
15.479799 50.030998 10.879320 -0.193771
19.442647 50.030998 10.924471 -0.074039
23.405495 50.030998 10.730912 -0.303687
27.368343 50.030998 10.701536 -0.145152
31.331191 50.030998 10.695188 0.073260
35.294039 50.030998 10.845745 -0.164133
39.256887 50.030998 10.954271 -0.150254
43.219735 50.030998 10.878353 -0.135089
47.182583 50.030998 10.956749 -0.093509
51.145431 50.030998 10.674023 0.112702
55.108279 50.030998 10.614644 0.266247
59.071127 50.030998 11.064491 0.130604
63.033975 50.030998 11.210608 0.361203
66.996822 50.030998 10.860602 -0.534840
-131.145575 46.068150 -3.307565 -13.876039
-127.182727 46.068150 5.768314 13.208567
-123.219879 46.068150 10.743727 0.849955
-119.257031 46.068150 9.831841 0.787903
-115.294183 46.068150 10.719989 1.263856
-111.331335 46.068150 10.784831 1.662091
-107.368487 46.068150 0.000000 0.000000
-103.405639 46.068150 0.000000 0.000000
-99.442791 46.068150 0.000000 0.000000
-95.479943 46.068150 12.311246 1.489544
-91.517095 46.068150 12.589680 0.938658
-87.554247 46.068150 12.678856 0.972187
-83.591400 46.068150 12.838286 0.435780
-79.628552 46.068150 12.824668 0.438374
-75.665704 46.068150 12.525452 0.194127
-71.702856 46.068150 12.447248 -0.099166
-67.740008 46.068150 12.299841 -0.201200
-63.777160 46.068150 12.197172 -0.251598
-59.814312 46.068150 12.149410 -0.398602
-55.851464 46.068150 12.041610 -0.487435
-51.888616 46.068150 11.807990 -0.659218
-47.925768 46.068150 11.948035 -0.544414
-43.962920 46.068150 11.815643 -0.562237
-40.000072 46.068150 11.583457 -0.546251
-36.037224 46.068150 11.508697 -0.602070
-32.074376 46.068150 11.448860 -0.537570
-28.111528 46.068150 11.425088 -0.771085
-24.148680 46.068150 11.469390 -0.840051
-20.185832 46.068150 11.274626 -0.888917
-16.222984 46.068150 11.247846 -0.759938
-12.260136 46.068150 11.184888 -1.005081
-8.297289 46.068150 0.000000 0.000000
-4.334441 46.068150 11.048085 -0.846238
-0.371593 46.068150 10.765668 -0.708682
3.591255 46.068150 10.683264 -0.785610
7.554103 46.068150 10.621357 -0.493228
11.516951 46.068150 10.574960 -0.162921
15.479799 46.068150 10.791079 0.126342
19.442647 46.068150 11.144738 -0.018282
23.405495 46.068150 10.997520 -0.491097
27.368343 46.068150 10.811421 -0.272149
31.331191 46.068150 10.726248 -0.330245
35.294039 46.068150 10.661658 -0.400302
39.256887 46.068150 11.114037 -0.752951
43.219735 46.068150 11.105706 -0.381433
47.182583 46.068150 10.803682 0.157618
51.145431 46.068150 10.913203 -0.350126
55.108279 46.068150 10.567874 0.312830
59.071127 46.068150 10.031679 0.390801
63.033975 46.068150 9.330789 1.640197
66.996822 46.068150 10.590826 -0.324747
-131.145575 42.105302 -6.012772 11.325760
-127.182727 42.105302 10.186622 1.104761
-123.219879 42.105302 10.573080 0.851332
-119.257031 42.105302 10.433293 1.004829
-115.294183 42.105302 10.171324 1.639956
-111.331335 42.105302 10.165923 1.986867
-107.368487 42.105302 0.000000 0.000000
-103.405639 42.105302 0.000000 0.000000
-99.442791 42.105302 12.534584 2.212765
-95.479943 42.105302 12.605970 1.535035
-91.517095 42.105302 12.765425 0.989181
-87.554247 42.105302 12.915360 0.832789
-83.591400 42.105302 12.794495 0.521022
-79.628552 42.105302 12.827237 0.315082
-75.665704 42.105302 12.803940 -0.049738
-71.702856 42.105302 12.616580 -0.135912
-67.740008 42.105302 12.362969 -0.257289
-63.777160 42.105302 12.319040 -0.343507
-59.814312 42.105302 12.275229 -0.391465
-55.851464 42.105302 12.213853 -0.510043
-51.888616 42.105302 12.049192 -0.567615
-47.925768 42.105302 11.915243 -0.608901
-43.962920 42.105302 11.973837 -0.840369
-40.000072 42.105302 11.988319 -0.755081
-36.037224 42.105302 11.652942 -0.572696
-32.074376 42.105302 11.642332 -0.777443
-28.111528 42.105302 11.611490 -0.736412
-24.148680 42.105302 11.719156 -0.846370
-20.185832 42.105302 11.362725 -0.900393
-16.222984 42.105302 11.074058 -1.033592
-12.260136 42.105302 11.188240 -0.888806
-8.297289 42.105302 0.000000 0.000000
-4.334441 42.105302 10.508791 -0.543734
-0.371593 42.105302 10.874514 -0.495730
3.591255 42.105302 10.603769 -0.572396
7.554103 42.105302 10.295350 -0.723100
11.516951 42.105302 9.787375 0.299883
15.479799 42.105302 10.380345 0.972661
19.442647 42.105302 10.983734 -0.414101
23.405495 42.105302 10.701379 -0.557599
27.368343 42.105302 10.688265 -0.488545
31.331191 42.105302 10.608554 -0.583965
35.294039 42.105302 10.557654 -0.575516
39.256887 42.105302 10.392685 -0.181321
43.219735 42.105302 10.981268 0.520326
47.182583 42.105302 10.863039 -0.466086
51.145431 42.105302 10.861887 -0.852916
55.108279 42.105302 9.431349 0.133925
59.071127 42.105302 8.214595 1.604849
63.033975 42.105302 8.597156 0.772598
66.996822 42.105302 10.059870 -0.006026
-131.145575 38.142454 1.913381 6.708792
-127.182727 38.142454 9.932488 0.277137
-123.219879 38.142454 10.163337 0.596895
-119.257031 38.142454 9.545679 1.273378
-115.294183 38.142454 9.644783 1.158363
-111.331335 38.142454 9.247898 2.221830
-107.368487 38.142454 0.000000 0.000000
-103.405639 38.142454 0.000000 0.000000
-99.442791 38.142454 0.000000 0.000000
-95.479943 38.142454 0.000000 0.000000
-91.517095 38.142454 0.000000 0.000000
-87.554247 38.142454 0.000000 0.000000
-83.591400 38.142454 0.000000 0.000000
-79.628552 38.142454 0.000000 0.000000
-75.665704 38.142454 0.000000 0.000000
-71.702856 38.142454 0.000000 0.000000
-67.740008 38.142454 0.000000 0.000000
-63.777160 38.142454 0.000000 0.000000
-59.814312 38.142454 0.000000 0.000000
-55.851464 38.142454 0.000000 0.000000
-51.888616 38.142454 0.000000 0.000000
-47.925768 38.142454 0.000000 0.000000
-43.962920 38.142454 0.000000 0.000000
-40.000072 38.142454 0.000000 0.000000
-36.037224 38.142454 0.000000 0.000000
-32.074376 38.142454 0.000000 0.000000
-28.111528 38.142454 0.000000 0.000000
-24.148680 38.142454 11.837579 -0.817886
-20.185832 38.142454 11.411952 -1.304767
-16.222984 38.142454 11.294050 -0.655020
-12.260136 38.142454 11.770597 -1.397971
-8.297289 38.142454 0.000000 0.000000
-4.334441 38.142454 10.046767 -0.665347
-0.371593 38.142454 11.155191 -0.648458
3.591255 38.142454 11.169156 -1.134319
7.554103 38.142454 9.818710 -1.419482
11.516951 38.142454 6.292763 1.561605
15.479799 38.142454 6.612308 3.304282
19.442647 38.142454 8.305215 1.631002
23.405495 38.142454 10.748984 -0.795409
27.368343 38.142454 10.864974 -1.346929
31.331191 38.142454 10.632883 -1.502081
35.294039 38.142454 10.248273 -1.146961
39.256887 38.142454 8.802881 0.994600
43.219735 38.142454 9.653128 1.502197
47.182583 38.142454 10.692210 1.329978
51.145431 38.142454 10.189073 -1.413285
55.108279 38.142454 7.218816 -0.065057
59.071127 38.142454 7.527112 0.132781
63.033975 38.142454 8.607803 1.340964
66.996822 38.142454 9.816125 -1.774619
-131.145575 34.179606 -12.870304 16.855520
-127.182727 34.179606 1.641884 7.151821
-123.219879 34.179606 8.348573 -5.446461
-119.257031 34.179606 9.564847 0.369496
-115.294183 34.179606 0.000000 0.000000
-111.331335 34.179606 0.000000 0.000000
-107.368487 34.179606 0.000000 0.000000
-103.405639 34.179606 0.000000 0.000000
-99.442791 34.179606 0.000000 0.000000
-95.479943 34.179606 0.000000 0.000000
-91.517095 34.179606 0.000000 0.000000
-87.554247 34.179606 0.000000 0.000000
-83.591400 34.179606 0.000000 0.000000
-79.628552 34.179606 0.000000 0.000000
-75.665704 34.179606 0.000000 0.000000
-71.702856 34.179606 0.000000 0.000000
-67.740008 34.179606 0.000000 0.000000
-63.777160 34.179606 0.000000 0.000000
-59.814312 34.179606 0.000000 0.000000
-55.851464 34.179606 0.000000 0.000000
-51.888616 34.179606 0.000000 0.000000
-47.925768 34.179606 0.000000 0.000000
-43.962920 34.179606 0.000000 0.000000
-40.000072 34.179606 0.000000 0.000000
-36.037224 34.179606 0.000000 0.000000
-32.074376 34.179606 0.000000 0.000000
-28.111528 34.179606 0.000000 0.000000
-24.148680 34.179606 0.000000 0.000000
-20.185832 34.179606 0.000000 0.000000
-16.222984 34.179606 0.000000 0.000000
-12.260136 34.179606 0.000000 0.000000
-8.297289 34.179606 0.000000 0.000000
-4.334441 34.179606 0.000000 0.000000
-0.371593 34.179606 7.488585 2.890412
3.591255 34.179606 6.840922 1.631036
7.554103 34.179606 9.560993 -2.292895
11.516951 34.179606 6.731483 -0.642967
15.479799 34.179606 6.685143 2.565580
19.442647 34.179606 8.468911 2.060180
23.405495 34.179606 9.343337 0.081301
27.368343 34.179606 10.856692 -1.622152
31.331191 34.179606 10.823668 -1.778297
35.294039 34.179606 10.206504 -1.860182
39.256887 34.179606 9.355803 1.860432
43.219735 34.179606 10.252183 2.141122
47.182583 34.179606 8.801830 0.212664
51.145431 34.179606 9.751275 -1.890146
55.108279 34.179606 8.899730 -0.798651
59.071127 34.179606 11.690797 -2.334896
63.033975 34.179606 10.247394 1.607518
66.996822 34.179606 9.966193 1.196844
-131.145575 30.216758 -10.462724 -7.162375
-127.182727 30.216758 7.504712 -13.886929
-123.219879 30.216758 0.000000 0.000000
-119.257031 30.216758 0.000000 0.000000
-115.294183 30.216758 0.000000 0.000000
-111.331335 30.216758 0.000000 0.000000
-107.368487 30.216758 0.000000 0.000000
-103.405639 30.216758 0.000000 0.000000
-99.442791 30.216758 0.000000 0.000000
-95.479943 30.216758 0.000000 0.000000
-91.517095 30.216758 0.000000 0.000000
-87.554247 30.216758 0.000000 0.000000
-83.591400 30.216758 0.000000 0.000000
-79.628552 30.216758 0.000000 0.000000
-75.665704 30.216758 0.000000 0.000000
-71.702856 30.216758 0.000000 0.000000
-67.740008 30.216758 0.000000 0.000000
-63.777160 30.216758 0.000000 0.000000
-59.814312 30.216758 0.000000 0.000000
-55.851464 30.216758 0.000000 0.000000
-51.888616 30.216758 0.000000 0.000000
-47.925768 30.216758 0.000000 0.000000
-43.962920 30.216758 0.000000 0.000000
-40.000072 30.216758 0.000000 0.000000
-36.037224 30.216758 0.000000 0.000000
-32.074376 30.216758 0.000000 0.000000
-28.111528 30.216758 0.000000 0.000000
-24.148680 30.216758 0.000000 0.000000
-20.185832 30.216758 0.000000 0.000000
-16.222984 30.216758 0.000000 0.000000
-12.260136 30.216758 0.000000 0.000000
-8.297289 30.216758 0.000000 0.000000
-4.334441 30.216758 0.000000 0.000000
-0.371593 30.216758 0.000000 0.000000
3.591255 30.216758 0.000000 0.000000
7.554103 30.216758 9.551574 -1.874812
11.516951 30.216758 10.248442 -0.813644
15.479799 30.216758 11.734921 -0.084303
19.442647 30.216758 10.383286 1.409212
23.405495 30.216758 9.952202 1.083755
27.368343 30.216758 9.813826 0.674255
31.331191 30.216758 10.539579 -0.802618
35.294039 30.216758 11.327384 -1.384854
39.256887 30.216758 11.841404 0.378919
43.219735 30.216758 10.606949 1.007307
47.182583 30.216758 10.491599 0.768072
51.145431 30.216758 10.248789 -1.450379
55.108279 30.216758 10.750736 -1.964069
59.071127 30.216758 11.911144 0.438907
63.033975 30.216758 11.127602 1.512164
66.996822 30.216758 10.672273 0.758362
-131.145575 26.253910 5.320277 14.750077
-127.182727 26.253910 10.808040 0.560266
-123.219879 26.253910 0.000000 0.000000
-119.257031 26.253910 0.000000 0.000000
-115.294183 26.253910 0.000000 0.000000
-111.331335 26.253910 0.000000 0.000000
-107.368487 26.253910 0.000000 0.000000
-103.405639 26.253910 0.000000 0.000000
-99.442791 26.253910 0.000000 0.000000
-95.479943 26.253910 0.000000 0.000000
-91.517095 26.253910 0.000000 0.000000
-87.554247 26.253910 0.000000 0.000000
-83.591400 26.253910 0.000000 0.000000
-79.628552 26.253910 0.000000 0.000000
-75.665704 26.253910 0.000000 0.000000
-71.702856 26.253910 0.000000 0.000000
-67.740008 26.253910 0.000000 0.000000
-63.777160 26.253910 0.000000 0.000000
-59.814312 26.253910 0.000000 0.000000
-55.851464 26.253910 0.000000 0.000000
-51.888616 26.253910 0.000000 0.000000
-47.925768 26.253910 0.000000 0.000000
-43.962920 26.253910 0.000000 0.000000
-40.000072 26.253910 0.000000 0.000000
-36.037224 26.253910 0.000000 0.000000
-32.074376 26.253910 0.000000 0.000000
-28.111528 26.253910 0.000000 0.000000
-24.148680 26.253910 0.000000 0.000000
-20.185832 26.253910 0.000000 0.000000
-16.222984 26.253910 0.000000 0.000000
-12.260136 26.253910 0.000000 0.000000
-8.297289 26.253910 0.000000 0.000000
-4.334441 26.253910 0.000000 0.000000
-0.371593 26.253910 0.000000 0.000000
3.591255 26.253910 0.000000 0.000000
7.554103 26.253910 0.000000 0.000000
11.516951 26.253910 10.993657 -0.396774
15.479799 26.253910 11.643942 -0.170592
19.442647 26.253910 10.450649 0.689577
23.405495 26.253910 10.466489 0.525923
27.368343 26.253910 10.246632 0.052534
31.331191 26.253910 10.488375 -0.240252
35.294039 26.253910 10.785268 -0.185296
39.256887 26.253910 11.510630 0.331894
43.219735 26.253910 11.128489 0.530980
47.182583 26.253910 10.308431 0.410053
51.145431 26.253910 10.048416 -0.071606
55.108279 26.253910 10.930670 -1.017272
59.071127 26.253910 11.176985 0.076544
63.033975 26.253910 11.307338 0.158338
66.996822 26.253910 10.635898 0.327518
-131.145575 22.291062 -13.349857 0.464518
-127.182727 22.291062 -7.196594 -3.728687
-123.219879 22.291062 0.000000 0.000000
-119.257031 22.291062 0.000000 0.000000
-115.294183 22.291062 0.000000 0.000000
-111.331335 22.291062 0.000000 0.000000
-107.368487 22.291062 0.000000 0.000000
-103.405639 22.291062 0.000000 0.000000
-99.442791 22.291062 0.000000 0.000000
-95.479943 22.291062 0.000000 0.000000
-91.517095 22.291062 0.000000 0.000000
-87.554247 22.291062 0.000000 0.000000
-83.591400 22.291062 0.000000 0.000000
-79.628552 22.291062 0.000000 0.000000
-75.665704 22.291062 0.000000 0.000000
-71.702856 22.291062 0.000000 0.000000
-67.740008 22.291062 0.000000 0.000000
-63.777160 22.291062 0.000000 0.000000
-59.814312 22.291062 0.000000 0.000000
-55.851464 22.291062 0.000000 0.000000
-51.888616 22.291062 0.000000 0.000000
-47.925768 22.291062 0.000000 0.000000
-43.962920 22.291062 0.000000 0.000000
-40.000072 22.291062 0.000000 0.000000
-36.037224 22.291062 0.000000 0.000000
-32.074376 22.291062 0.000000 0.000000
-28.111528 22.291062 0.000000 0.000000
-24.148680 22.291062 0.000000 0.000000
-20.185832 22.291062 0.000000 0.000000
-16.222984 22.291062 0.000000 0.000000
-12.260136 22.291062 0.000000 0.000000
-8.297289 22.291062 0.000000 0.000000
-4.334441 22.291062 10.654635 0.869082
-0.371593 22.291062 10.516528 0.824368
3.591255 22.291062 10.154378 0.584874
7.554103 22.291062 10.721575 0.200683
11.516951 22.291062 10.858228 0.644857
15.479799 22.291062 10.858775 0.544217
19.442647 22.291062 10.852241 0.300897
23.405495 22.291062 10.072311 0.211767
27.368343 22.291062 10.070735 0.143983
31.331191 22.291062 10.684411 -0.095229
35.294039 22.291062 11.174083 -0.232211
39.256887 22.291062 10.797664 -0.231765
43.219735 22.291062 10.946370 0.318916
47.182583 22.291062 10.710931 0.107804
51.145431 22.291062 10.427381 0.334656
55.108279 22.291062 10.475390 0.671078
59.071127 22.291062 10.917626 0.124856
63.033975 22.291062 10.982688 -0.001126
66.996822 22.291062 11.200768 0.027865
-131.145575 18.328214 5.044881 -5.992370
-127.182727 18.328214 12.674679 -4.796793
-123.219879 18.328214 9.758577 16.455996
-119.257031 18.328214 9.709158 -0.761791
-115.294183 18.328214 9.159744 -16.310598
-111.331335 18.328214 -1.931287 -7.790843
-107.368487 18.328214 0.000000 0.000000
-103.405639 18.328214 0.000000 0.000000
-99.442791 18.328214 0.000000 0.000000
-95.479943 18.328214 0.000000 0.000000
-91.517095 18.328214 0.000000 0.000000
-87.554247 18.328214 0.000000 0.000000
-83.591400 18.328214 0.000000 0.000000
-79.628552 18.328214 0.000000 0.000000
-75.665704 18.328214 0.000000 0.000000
-71.702856 18.328214 0.000000 0.000000
-67.740008 18.328214 0.000000 0.000000
-63.777160 18.328214 0.000000 0.000000
-59.814312 18.328214 0.000000 0.000000
-55.851464 18.328214 0.000000 0.000000
-51.888616 18.328214 11.884005 0.696345
-47.925768 18.328214 8.500271 -13.853828
-43.962920 18.328214 11.522835 0.627028
-40.000072 18.328214 11.513295 0.665748
-36.037224 18.328214 11.509044 0.578951
-32.074376 18.328214 11.401963 0.673372
-28.111528 18.328214 11.246864 0.770277
-24.148680 18.328214 11.377791 0.764062
-20.185832 18.328214 11.008308 0.671346
-16.222984 18.328214 11.036564 0.549305
-12.260136 18.328214 11.453470 0.645321
-8.297289 18.328214 10.907055 0.586356
-4.334441 18.328214 10.664161 0.858178
-0.371593 18.328214 10.456764 1.087747
3.591255 18.328214 10.654544 0.329092
7.554103 18.328214 10.394951 0.686162
11.516951 18.328214 10.714112 0.418968
15.479799 18.328214 10.733069 0.489294
19.442647 18.328214 10.761466 -0.099139
23.405495 18.328214 10.480049 0.627829
27.368343 18.328214 10.674377 -0.357574
31.331191 18.328214 10.863509 0.075250
35.294039 18.328214 10.729755 0.028164
39.256887 18.328214 10.820961 -0.013841
43.219735 18.328214 10.746843 -0.187769
47.182583 18.328214 10.681408 -0.049180
51.145431 18.328214 10.971938 0.029208
55.108279 18.328214 11.020199 -0.370535
59.071127 18.328214 10.934018 -0.308690
63.033975 18.328214 10.592077 0.078679
66.996822 18.328214 10.889373 0.313765
-131.145575 14.365366 0.196805 -4.130566
-127.182727 14.365366 -0.076109 -17.940096
-123.219879 14.365366 10.231048 -11.176459
-119.257031 14.365366 10.675465 -0.267758
-115.294183 14.365366 9.934491 0.210231
-111.331335 14.365366 10.902762 -0.770924
-107.368487 14.365366 10.822708 -0.679441
-103.405639 14.365366 11.282527 -0.881134
-99.442791 14.365366 11.788036 -0.926498
-95.479943 14.365366 11.798545 -1.091313
-91.517095 14.365366 12.041043 -0.635243
-87.554247 14.365366 11.915135 -0.652947
-83.591400 14.365366 11.858220 -0.332819
-79.628552 14.365366 11.888203 -0.135400
-75.665704 14.365366 11.995490 -0.154758
-71.702856 14.365366 11.924007 0.107831
-67.740008 14.365366 12.059543 0.369196
-63.777160 14.365366 11.969062 0.437491
-59.814312 14.365366 11.841092 0.364202
-55.851464 14.365366 11.853551 0.505658
-51.888616 14.365366 11.793871 0.417257
-47.925768 14.365366 11.435475 0.334744
-43.962920 14.365366 11.749099 0.816307
-40.000072 14.365366 11.350411 0.656610
-36.037224 14.365366 11.586949 0.650595
-32.074376 14.365366 11.633422 0.657276
-28.111528 14.365366 11.210690 0.662846
-24.148680 14.365366 10.998781 0.502525
-20.185832 14.365366 11.296337 0.547625
-16.222984 14.365366 11.059662 0.653729
-12.260136 14.365366 10.960492 0.677716
-8.297289 14.365366 10.687376 0.592442
-4.334441 14.365366 10.841462 0.651194
-0.371593 14.365366 10.506832 0.676286
3.591255 14.365366 10.416675 0.414517
7.554103 14.365366 10.844239 0.394253
11.516951 14.365366 10.583675 0.464568
15.479799 14.365366 10.629243 0.105456
19.442647 14.365366 10.546218 0.179303
23.405495 14.365366 10.600026 0.683142
27.368343 14.365366 10.098004 0.409647
31.331191 14.365366 10.745571 0.109725
35.294039 14.365366 10.815553 0.450338
39.256887 14.365366 7.878672 -12.866223
43.219735 14.365366 10.808493 -0.128291
47.182583 14.365366 11.064523 0.127362
51.145431 14.365366 10.561169 0.101890
55.108279 14.365366 1.994833 -11.260208
59.071127 14.365366 10.830660 0.241505
63.033975 14.365366 10.578281 -0.268251
66.996822 14.365366 10.987492 0.187783
-131.145575 10.402518 4.296325 8.205123
-127.182727 10.402518 12.060685 12.204314
-123.219879 10.402518 9.807570 -1.248926
-119.257031 10.402518 -7.725238 -4.716302
-115.294183 10.402518 10.514232 -0.711357
-111.331335 10.402518 2.762962 9.771686
-107.368487 10.402518 10.368633 -14.546568
-103.405639 10.402518 10.953746 -0.213041
-99.442791 10.402518 11.551502 -0.429730
-95.479943 10.402518 11.274089 -0.405894
-91.517095 10.402518 11.515271 -0.550971
-87.554247 10.402518 11.694860 -0.569910
-83.591400 10.402518 11.811148 -0.243228
-79.628552 10.402518 11.855590 -0.192170
-75.665704 10.402518 11.958763 -0.223364
-71.702856 10.402518 11.866942 0.287316
-67.740008 10.402518 12.019715 0.100472
-63.777160 10.402518 11.849391 0.338534
-59.814312 10.402518 11.433704 0.703826
-55.851464 10.402518 11.696609 0.196444
-51.888616 10.402518 11.610934 0.655384
-47.925768 10.402518 11.788267 0.541223
-43.962920 10.402518 11.689703 0.405054
-40.000072 10.402518 11.421839 0.562838
-36.037224 10.402518 11.768538 0.520859
-32.074376 10.402518 11.283023 0.489884
-28.111528 10.402518 11.441472 0.581807
-24.148680 10.402518 11.087198 0.645114
-20.185832 10.402518 11.242377 0.565845
-16.222984 10.402518 11.201109 0.616933
-12.260136 10.402518 11.158941 0.558284
-8.297289 10.402518 11.184916 0.501396
-4.334441 10.402518 10.718904 0.492136
-0.371593 10.402518 10.791997 0.562172
3.591255 10.402518 10.720639 0.327051
7.554103 10.402518 10.819055 0.909538
11.516951 10.402518 10.749251 0.388067
15.479799 10.402518 10.732737 -0.008236
19.442647 10.402518 10.886854 0.429555
23.405495 10.402518 10.369470 0.988583
27.368343 10.402518 10.596881 0.408169
31.331191 10.402518 10.856671 0.179276
35.294039 10.402518 10.825398 0.154217
39.256887 10.402518 10.912394 -0.147751
43.219735 10.402518 10.518423 0.052999
47.182583 10.402518 11.257587 0.017005
51.145431 10.402518 10.932854 -0.119407
55.108279 10.402518 10.602388 -0.227606
59.071127 10.402518 10.965660 0.685478
63.033975 10.402518 10.826536 0.156791
66.996822 10.402518 10.961408 -0.068846
-131.145575 6.439670 -3.413942 6.449787
-127.182727 6.439670 1.437289 -17.375425
-123.219879 6.439670 11.014631 -0.551628
-119.257031 6.439670 4.453502 -11.106194
-115.294183 6.439670 -6.335917 7.861929
-111.331335 6.439670 11.495272 -0.500155
-107.368487 6.439670 11.341399 -0.440957
-103.405639 6.439670 11.442542 0.024312
-99.442791 6.439670 11.481663 -0.345616
-95.479943 6.439670 11.847237 -0.609784
-91.517095 6.439670 11.743897 -0.308602
-87.554247 6.439670 11.554987 -0.351790
-83.591400 6.439670 12.083206 -0.067902
-79.628552 6.439670 11.823351 -0.151619
-75.665704 6.439670 11.970858 -0.233305
-71.702856 6.439670 11.571138 -0.190684
-67.740008 6.439670 11.802531 0.006503
-63.777160 6.439670 12.087590 0.522777
-59.814312 6.439670 11.790914 0.177987
-55.851464 6.439670 11.504722 0.387045
-51.888616 6.439670 11.523867 0.434151
-47.925768 6.439670 11.729682 0.476802
-43.962920 6.439670 11.649611 0.538309
-40.000072 6.439670 11.517015 0.437773
-36.037224 6.439670 11.080864 0.648291
-32.074376 6.439670 11.739470 0.903583
-28.111528 6.439670 11.183242 0.531693
-24.148680 6.439670 11.075629 0.528778
-20.185832 6.439670 11.097724 0.590721
-16.222984 6.439670 10.969109 0.519632
-12.260136 6.439670 11.282866 0.457891
-8.297289 6.439670 10.853253 0.543691
-4.334441 6.439670 11.201369 0.382242
-0.371593 6.439670 10.720466 0.554946
3.591255 6.439670 10.981133 0.453136
7.554103 6.439670 10.677535 0.490051
11.516951 6.439670 10.720393 0.411676
15.479799 6.439670 10.634589 0.289795
19.442647 6.439670 10.777022 -0.078075
23.405495 6.439670 10.882405 0.433695
27.368343 6.439670 10.287936 0.288785
31.331191 6.439670 10.301455 0.916005
35.294039 6.439670 10.878346 0.407792
39.256887 6.439670 11.052045 0.359343
43.219735 6.439670 10.792120 0.408618
47.182583 6.439670 10.651772 -0.214561
51.145431 6.439670 10.789158 0.187899
55.108279 6.439670 10.662933 0.279350
59.071127 6.439670 10.844861 0.178246
63.033975 6.439670 10.781184 -0.204699
66.996822 6.439670 9.964725 0.585581
-131.145575 2.476822 -14.628959 8.974847
-127.182727 2.476822 -15.208237 9.227089
-123.219879 2.476822 9.836312 0.529980
-119.257031 2.476822 2.096586 -7.386385
-115.294183 2.476822 12.836970 0.725338
-111.331335 2.476822 12.063418 -1.376221
-107.368487 2.476822 11.100266 -0.736598
-103.405639 2.476822 11.227561 -0.477152
-99.442791 2.476822 11.970966 -1.762920
-95.479943 2.476822 11.967652 -0.566705
-91.517095 2.476822 11.769123 -0.698632
-87.554247 2.476822 11.442531 -0.364813
-83.591400 2.476822 11.861695 -0.274629
-79.628552 2.476822 11.895679 -0.388936
-75.665704 2.476822 11.727847 0.018641
-71.702856 2.476822 11.544112 -0.171503
-67.740008 2.476822 11.430043 0.329263
-63.777160 2.476822 11.879625 0.446596
-59.814312 2.476822 11.797619 0.154436
-55.851464 2.476822 11.658897 0.321507
-51.888616 2.476822 11.857547 0.154602
-47.925768 2.476822 11.552452 0.600065
-43.962920 2.476822 11.626890 0.441351
-40.000072 2.476822 11.535481 0.310021
-36.037224 2.476822 11.084091 0.314806
-32.074376 2.476822 10.838423 0.538483
-28.111528 2.476822 11.479603 0.608064
-24.148680 2.476822 11.468110 0.673519
-20.185832 2.476822 11.096683 0.876278
-16.222984 2.476822 11.407628 0.525267
-12.260136 2.476822 11.100664 0.756344
-8.297289 2.476822 10.808461 0.585028
-4.334441 2.476822 11.049459 0.278298
-0.371593 2.476822 10.831091 0.215238
3.591255 2.476822 10.932323 0.318511
7.554103 2.476822 11.331011 0.335581
11.516951 2.476822 10.829088 0.376637
15.479799 2.476822 10.762206 0.260543
19.442647 2.476822 10.949144 0.440726
23.405495 2.476822 10.841385 0.473118
27.368343 2.476822 10.799505 0.182174
31.331191 2.476822 10.639210 0.428794
35.294039 2.476822 10.796906 0.538900
39.256887 2.476822 11.419969 0.453549
43.219735 2.476822 10.664353 0.108489
47.182583 2.476822 10.745781 0.551279
51.145431 2.476822 11.183109 0.082243
55.108279 2.476822 10.925683 0.361467
59.071127 2.476822 10.838370 0.176255
63.033975 2.476822 10.961468 0.503411
66.996822 2.476822 10.451049 0.201317
-131.145575 -1.486026 -15.307933 -1.960998
-127.182727 -1.486026 4.896781 9.012507
-123.219879 -1.486026 -0.167691 -2.121838
-119.257031 -1.486026 8.382907 -6.867974
-115.294183 -1.486026 10.986195 0.074145
-111.331335 -1.486026 -11.162040 1.152805
-107.368487 -1.486026 10.853979 -0.903718
-103.405639 -1.486026 11.472470 -0.784869
-99.442791 -1.486026 11.405498 0.230144
-95.479943 -1.486026 11.299105 0.125823
-91.517095 -1.486026 11.575971 -0.507615
-87.554247 -1.486026 11.090069 -0.322505
-83.591400 -1.486026 11.298639 -0.451560
-79.628552 -1.486026 11.313515 0.345178
-75.665704 -1.486026 11.888360 -0.226552
-71.702856 -1.486026 11.408223 0.090514
-67.740008 -1.486026 11.362882 0.288752
-63.777160 -1.486026 11.759521 0.140893
-59.814312 -1.486026 11.787828 0.186976
-55.851464 -1.486026 10.967489 0.693947
-51.888616 -1.486026 11.576450 0.394685
-47.925768 -1.486026 11.506966 0.241571
-43.962920 -1.486026 11.429442 0.310181
-40.000072 -1.486026 11.481258 0.435203
-36.037224 -1.486026 11.151920 0.398521
-32.074376 -1.486026 11.049541 0.228916
-28.111528 -1.486026 10.295138 -1.121104
-24.148680 -1.486026 11.192051 0.616813
-20.185832 -1.486026 10.585282 0.719146
-16.222984 -1.486026 11.008463 0.291447
-12.260136 -1.486026 11.166375 0.634314
-8.297289 -1.486026 11.201625 0.451656
-4.334441 -1.486026 10.526454 0.490180
-0.371593 -1.486026 10.861499 0.382099
3.591255 -1.486026 11.079305 0.282478
7.554103 -1.486026 10.875421 0.349744
11.516951 -1.486026 10.928173 0.563265
15.479799 -1.486026 10.906389 0.382520
19.442647 -1.486026 10.969607 0.307888
23.405495 -1.486026 10.913066 0.207859
27.368343 -1.486026 10.908624 0.442998
31.331191 -1.486026 10.787654 0.161451
35.294039 -1.486026 10.876917 0.335584
39.256887 -1.486026 11.010811 0.084652
43.219735 -1.486026 10.971111 0.043655
47.182583 -1.486026 10.657925 0.836104
51.145431 -1.486026 10.938940 -0.154875
55.108279 -1.486026 10.931569 -0.051519
59.071127 -1.486026 11.141364 0.227877
63.033975 -1.486026 10.571949 -0.015863
66.996822 -1.486026 10.825435 0.060103
-131.145575 -5.448874 2.217404 15.966188
-127.182727 -5.448874 4.503637 5.502896
-123.219879 -5.448874 11.424931 2.988198
-119.257031 -5.448874 10.813012 -0.501920
-115.294183 -5.448874 14.738348 -11.750559
-111.331335 -5.448874 2.430676 -1.867437
-107.368487 -5.448874 11.596400 -0.263128
-103.405639 -5.448874 10.831089 -0.655103
-99.442791 -5.448874 11.566381 -0.465797
-95.479943 -5.448874 11.521165 -0.173986
-91.517095 -5.448874 10.999987 -0.475232
-87.554247 -5.448874 11.526387 0.073700
-83.591400 -5.448874 11.803394 -0.062378
-79.628552 -5.448874 11.739870 -0.103247
-75.665704 -5.448874 11.775664 -0.565262
-71.702856 -5.448874 11.411706 -0.131985
-67.740008 -5.448874 11.751764 0.339958
-63.777160 -5.448874 11.542970 -0.072739
-59.814312 -5.448874 11.424538 0.288229
-55.851464 -5.448874 11.445507 0.341790
-51.888616 -5.448874 11.485731 0.536076
-47.925768 -5.448874 11.515491 0.318001
-43.962920 -5.448874 11.419944 -0.017069
-40.000072 -5.448874 11.351194 0.349150
-36.037224 -5.448874 11.291211 0.309253
-32.074376 -5.448874 10.982989 0.221044
-28.111528 -5.448874 11.214078 0.244372
-24.148680 -5.448874 10.717810 0.721067
-20.185832 -5.448874 10.975180 0.542005
-16.222984 -5.448874 11.109621 0.392215
-12.260136 -5.448874 11.203702 0.443335
-8.297289 -5.448874 11.189202 0.445227
-4.334441 -5.448874 11.190345 0.369532
-0.371593 -5.448874 10.915544 0.611331
3.591255 -5.448874 10.612343 0.629498
7.554103 -5.448874 11.139277 0.430165
11.516951 -5.448874 10.843574 0.394466
15.479799 -5.448874 10.903733 0.405165
19.442647 -5.448874 10.933714 0.376087
23.405495 -5.448874 11.216372 0.146616
27.368343 -5.448874 10.841337 0.345908
31.331191 -5.448874 10.655093 0.396550
35.294039 -5.448874 10.829585 0.278336
39.256887 -5.448874 11.153916 0.080426
43.219735 -5.448874 11.361995 0.349352
47.182583 -5.448874 10.897877 0.075575
51.145431 -5.448874 10.702548 0.190456
55.108279 -5.448874 11.140684 -0.150971
59.071127 -5.448874 10.865630 0.218285
63.033975 -5.448874 11.024472 0.225653
66.996822 -5.448874 10.997875 -0.509115
-131.145575 -9.411722 5.364833 -16.151443
-127.182727 -9.411722 -2.745688 1.410945
-123.219879 -9.411722 -2.440158 -6.309302
-119.257031 -9.411722 9.550800 -0.803756
-115.294183 -9.411722 10.890310 -13.024487
-111.331335 -9.411722 10.359841 -0.661058
-107.368487 -9.411722 11.133576 -0.044764
-103.405639 -9.411722 11.641377 0.020222
-99.442791 -9.411722 11.650331 0.229354
-95.479943 -9.411722 11.186602 -0.636126
-91.517095 -9.411722 11.461533 -0.487724
-87.554247 -9.411722 11.279186 0.402576
-83.591400 -9.411722 10.844909 -0.231323
-79.628552 -9.411722 11.481757 -0.569126
-75.665704 -9.411722 11.764645 0.051745
-71.702856 -9.411722 11.602667 0.129737
-67.740008 -9.411722 11.452757 0.343075
-63.777160 -9.411722 11.072495 0.142611
-59.814312 -9.411722 11.599487 0.220770
-55.851464 -9.411722 11.245267 0.020383
-51.888616 -9.411722 11.001960 0.128456
-47.925768 -9.411722 11.096422 0.150757
-43.962920 -9.411722 11.267614 0.466763
-40.000072 -9.411722 11.346135 0.491246
-36.037224 -9.411722 11.648515 0.542652
-32.074376 -9.411722 11.503695 0.123508
-28.111528 -9.411722 11.087457 0.528520
-24.148680 -9.411722 11.251003 0.383586
-20.185832 -9.411722 10.972177 0.303722
-16.222984 -9.411722 11.197088 0.231664
-12.260136 -9.411722 11.171651 0.370386
-8.297289 -9.411722 11.079303 0.391183
-4.334441 -9.411722 10.882014 0.306476
-0.371593 -9.411722 11.399096 0.593030
3.591255 -9.411722 10.991140 0.582826
7.554103 -9.411722 11.037847 0.227140
11.516951 -9.411722 10.992505 0.287007
15.479799 -9.411722 10.816090 0.306313
19.442647 -9.411722 10.624556 0.462250
23.405495 -9.411722 10.965652 -0.179974
27.368343 -9.411722 11.125705 0.323311
31.331191 -9.411722 11.165151 0.128961
35.294039 -9.411722 10.278305 0.199463
39.256887 -9.411722 10.880668 0.112727
43.219735 -9.411722 10.871089 0.496787
47.182583 -9.411722 11.034405 0.150912
51.145431 -9.411722 10.908209 0.229227
55.108279 -9.411722 10.702476 0.180352
59.071127 -9.411722 11.526679 -0.335583
63.033975 -9.411722 10.805261 0.445092
66.996822 -9.411722 10.561404 -0.127085
-131.145575 -13.374570 -3.222669 -7.239110
-127.182727 -13.374570 6.994712 -13.119361
-123.219879 -13.374570 10.427007 -4.191928
-119.257031 -13.374570 11.736837 0.598658
-115.294183 -13.374570 10.687161 -0.283175
-111.331335 -13.374570 10.538473 -0.745769
-107.368487 -13.374570 11.027733 -0.126983
-103.405639 -13.374570 11.571630 0.037962
-99.442791 -13.374570 11.435454 0.003778
-95.479943 -13.374570 10.957106 -0.661382
-91.517095 -13.374570 12.058511 -0.119876
-87.554247 -13.374570 11.074255 -0.544882
-83.591400 -13.374570 11.556518 -0.296447
-79.628552 -13.374570 11.468588 -0.571328
-75.665704 -13.374570 11.647963 0.192373
-71.702856 -13.374570 11.176982 -0.326075
-67.740008 -13.374570 11.361016 0.423997
-63.777160 -13.374570 11.226616 0.223424
-59.814312 -13.374570 11.651428 0.309635
-55.851464 -13.374570 11.605697 0.252740
-51.888616 -13.374570 11.157669 0.151840
-47.925768 -13.374570 11.531483 0.410383
-43.962920 -13.374570 11.211820 0.463363
-40.000072 -13.374570 11.165413 0.199644
-36.037224 -13.374570 10.863914 0.182021
-32.074376 -13.374570 11.349302 0.330762
-28.111528 -13.374570 11.141135 0.383069
-24.148680 -13.374570 11.161352 0.397041
-20.185832 -13.374570 11.109389 0.293564
-16.222984 -13.374570 11.041599 0.503721
-12.260136 -13.374570 10.984378 0.311987
-8.297289 -13.374570 11.307275 0.366546
-4.334441 -13.374570 10.981391 0.323616
-0.371593 -13.374570 10.821619 -0.010305
3.591255 -13.374570 11.084127 0.001356
7.554103 -13.374570 10.742293 0.264491
11.516951 -13.374570 10.762402 0.386349
15.479799 -13.374570 10.705177 0.304011
19.442647 -13.374570 10.516124 0.320791
23.405495 -13.374570 10.563501 -0.096736
27.368343 -13.374570 10.942657 0.152349
31.331191 -13.374570 11.099464 0.208439
35.294039 -13.374570 10.750187 0.244248
39.256887 -13.374570 10.901718 0.279701
43.219735 -13.374570 10.411934 0.474185
47.182583 -13.374570 11.254047 0.174619
51.145431 -13.374570 11.039714 0.042570
55.108279 -13.374570 10.993185 0.267000
59.071127 -13.374570 10.850296 -0.203841
63.033975 -13.374570 11.390274 -0.319988
66.996822 -13.374570 10.374522 0.724976
-131.145575 -17.337417 -2.876378 12.670740
-127.182727 -17.337417 12.885522 -0.563443
-123.219879 -17.337417 -10.198788 -6.330729
-119.257031 -17.337417 -8.598797 13.289044
-115.294183 -17.337417 10.698689 1.338547
-111.331335 -17.337417 11.623723 0.730022
-107.368487 -17.337417 10.840204 -0.434440
-103.405639 -17.337417 10.408653 0.588994
-99.442791 -17.337417 10.448015 -0.224831
-95.479943 -17.337417 10.710955 0.055437
-91.517095 -17.337417 10.865695 -0.339140
-87.554247 -17.337417 11.607029 0.364940
-83.591400 -17.337417 11.726729 0.265625
-79.628552 -17.337417 11.428539 0.101222
-75.665704 -17.337417 11.753857 -0.202529
-71.702856 -17.337417 11.691546 0.656963
-67.740008 -17.337417 11.217894 0.067025
-63.777160 -17.337417 11.525915 0.047596
-59.814312 -17.337417 11.227400 0.149986
-55.851464 -17.337417 11.447787 0.093226
-51.888616 -17.337417 11.340717 0.303078
-47.925768 -17.337417 11.746112 0.346319
-43.962920 -17.337417 11.387389 0.386621
-40.000072 -17.337417 11.325860 -0.054461
-36.037224 -17.337417 11.175143 0.438828
-32.074376 -17.337417 11.478557 0.259861
-28.111528 -17.337417 10.802368 0.585438
-24.148680 -17.337417 11.126259 0.151223
-20.185832 -17.337417 10.693438 0.200880
-16.222984 -17.337417 11.168209 0.446117
-12.260136 -17.337417 11.533056 0.552668
-8.297289 -17.337417 10.896076 0.697555
-4.334441 -17.337417 11.075222 0.320911
-0.371593 -17.337417 11.155782 0.497982
3.591255 -17.337417 10.812474 0.505611
7.554103 -17.337417 11.220152 0.520790
11.516951 -17.337417 10.946515 0.263426
15.479799 -17.337417 10.998993 0.234289
19.442647 -17.337417 10.683746 0.435893
23.405495 -17.337417 10.771980 0.080231
27.368343 -17.337417 10.697463 0.130273
31.331191 -17.337417 11.033493 0.815822
35.294039 -17.337417 11.034877 -0.096554
39.256887 -17.337417 10.995272 -0.058775
43.219735 -17.337417 10.578826 0.450649
47.182583 -17.337417 10.640094 0.043453
51.145431 -17.337417 10.727210 0.426403
55.108279 -17.337417 10.010946 0.940500
59.071127 -17.337417 10.868960 0.227675
63.033975 -17.337417 11.088700 -0.422544
66.996822 -17.337417 11.738177 -0.100245
-131.145575 -21.300265 1.679246 7.952055
-127.182727 -21.300265 -12.192833 -16.485464
-123.219879 -21.300265 17.571096 14.519724
-119.257031 -21.300265 14.583714 14.223024
-115.294183 -21.300265 10.150673 -0.287140
-111.331335 -21.300265 10.905232 -0.099843
-107.368487 -21.300265 0.501138 -3.378046
-103.405639 -21.300265 12.036857 0.504922
-99.442791 -21.300265 10.380319 0.612202
-95.479943 -21.300265 11.335571 0.056429
-91.517095 -21.300265 11.300184 0.260348
-87.554247 -21.300265 11.194150 -0.462879
-83.591400 -21.300265 11.873269 -0.147402
-79.628552 -21.300265 10.973153 0.266750
-75.665704 -21.300265 10.324205 0.110976
-71.702856 -21.300265 11.080447 -0.482802
-67.740008 -21.300265 11.523457 0.010529
-63.777160 -21.300265 11.116609 0.249273
-59.814312 -21.300265 11.715669 0.048173
-55.851464 -21.300265 11.400522 0.043825
-51.888616 -21.300265 11.813864 -0.111698
-47.925768 -21.300265 11.485319 0.362833
-43.962920 -21.300265 10.809613 0.360736
-40.000072 -21.300265 10.836712 0.055846
-36.037224 -21.300265 11.486416 0.190468
-32.074376 -21.300265 11.681950 0.122147
-28.111528 -21.300265 11.274725 0.166899
-24.148680 -21.300265 11.322394 0.382677
-20.185832 -21.300265 11.252037 0.043587
-16.222984 -21.300265 10.857339 -0.002692
-12.260136 -21.300265 10.927807 0.418553
-8.297289 -21.300265 10.722290 0.247446
-4.334441 -21.300265 10.872224 0.186836
-0.371593 -21.300265 11.148546 0.242667
3.591255 -21.300265 11.049693 0.269019
7.554103 -21.300265 11.163535 0.290151
11.516951 -21.300265 10.675122 0.754917
15.479799 -21.300265 11.087522 0.066711
19.442647 -21.300265 11.063115 0.207916
23.405495 -21.300265 10.699692 0.514330
27.368343 -21.300265 10.939672 0.407131
31.331191 -21.300265 11.271916 0.116422
35.294039 -21.300265 10.513301 0.502187
39.256887 -21.300265 10.763964 -0.207570
43.219735 -21.300265 10.985754 0.387207
47.182583 -21.300265 11.460322 0.147871
51.145431 -21.300265 10.630856 -0.471948
55.108279 -21.300265 11.141971 -0.380114
59.071127 -21.300265 11.244293 0.443508
63.033975 -21.300265 10.335924 0.349969
66.996822 -21.300265 10.924321 0.372732
-131.145575 -25.263113 3.558377 -3.380675
-127.182727 -25.263113 -0.008024 -8.450904
-123.219879 -25.263113 11.576651 -5.927404
-119.257031 -25.263113 17.756311 7.419499
-115.294183 -25.263113 11.042609 1.200196
-111.331335 -25.263113 10.614762 0.538951
-107.368487 -25.263113 10.669200 0.495949
-103.405639 -25.263113 11.759704 -0.252925
-99.442791 -25.263113 11.217747 0.335179
-95.479943 -25.263113 10.108477 0.689547
-91.517095 -25.263113 11.723523 0.496131
-87.554247 -25.263113 11.544865 0.438678
-83.591400 -25.263113 11.496149 0.380068
-79.628552 -25.263113 11.018919 -0.418626
-75.665704 -25.263113 11.344964 -0.159507
-71.702856 -25.263113 11.273510 0.892500
-67.740008 -25.263113 11.336986 0.468327
-63.777160 -25.263113 11.265397 -0.204029
-59.814312 -25.263113 11.034945 0.344040
-55.851464 -25.263113 10.869691 0.234575
-51.888616 -25.263113 11.138575 0.524334
-47.925768 -25.263113 11.093269 -0.048621
-43.962920 -25.263113 11.015209 0.647815
-40.000072 -25.263113 10.907214 0.489599
-36.037224 -25.263113 11.346557 0.593028
-32.074376 -25.263113 11.609418 0.000237
-28.111528 -25.263113 11.101308 0.035962
-24.148680 -25.263113 10.726202 0.449219
-20.185832 -25.263113 11.667018 0.025815
-16.222984 -25.263113 11.037979 0.363461
-12.260136 -25.263113 11.086630 0.083955
-8.297289 -25.263113 10.976628 0.571608
-4.334441 -25.263113 11.117256 0.086974
-0.371593 -25.263113 10.774474 0.697321
3.591255 -25.263113 11.386133 0.327420
7.554103 -25.263113 11.336540 -0.401328
11.516951 -25.263113 11.356760 -0.476744
15.479799 -25.263113 10.882376 0.425471
19.442647 -25.263113 11.027950 -0.231807
23.405495 -25.263113 10.791047 0.250068
27.368343 -25.263113 10.614878 0.325520
31.331191 -25.263113 11.018299 0.239459
35.294039 -25.263113 11.247268 0.347020
39.256887 -25.263113 10.515226 0.254497
43.219735 -25.263113 10.902521 -0.426704
47.182583 -25.263113 10.955838 0.094050
51.145431 -25.263113 11.251005 0.040481
55.108279 -25.263113 10.871897 -0.159035
59.071127 -25.263113 10.684946 1.340907
63.033975 -25.263113 10.431714 0.358927
66.996822 -25.263113 -2.597163 -9.666603
-131.145575 -29.225961 0.429473 -9.418893
-127.182727 -29.225961 1.671386 2.465656
-123.219879 -29.225961 11.968686 -1.071706
-119.257031 -29.225961 5.594734 -5.491076
-115.294183 -29.225961 8.027685 1.590120
-111.331335 -29.225961 7.691874 3.607110
-107.368487 -29.225961 10.123252 -0.484181
-103.405639 -29.225961 10.926515 2.181400
-99.442791 -29.225961 10.679181 0.531331
-95.479943 -29.225961 10.726154 -0.151368
-91.517095 -29.225961 0.289159 0.329827
-87.554247 -29.225961 10.941085 0.260091
-83.591400 -29.225961 11.129052 -0.654992
-79.628552 -29.225961 11.307636 -0.376467
-75.665704 -29.225961 11.314621 0.430883
-71.702856 -29.225961 10.819037 0.060649
-67.740008 -29.225961 11.074212 0.357741
-63.777160 -29.225961 11.581753 0.206691
-59.814312 -29.225961 11.791056 0.379448
-55.851464 -29.225961 10.964849 0.031477
-51.888616 -29.225961 11.959785 0.317102
-47.925768 -29.225961 10.448396 0.438540
-43.962920 -29.225961 11.325849 0.558961
-40.000072 -29.225961 11.039005 0.426339
-36.037224 -29.225961 11.021597 0.485544
-32.074376 -29.225961 10.763012 0.399573
-28.111528 -29.225961 11.300798 0.179711
-24.148680 -29.225961 10.989374 0.489507
-20.185832 -29.225961 11.203437 0.496682
-16.222984 -29.225961 10.763554 0.402916
-12.260136 -29.225961 10.787261 0.239632
-8.297289 -29.225961 10.788218 0.159582
-4.334441 -29.225961 11.034855 0.453329
-0.371593 -29.225961 11.013888 0.532555
3.591255 -29.225961 10.987392 0.357784
7.554103 -29.225961 10.990029 -0.210328
11.516951 -29.225961 10.869850 0.004338
15.479799 -29.225961 11.285776 0.333968
19.442647 -29.225961 11.188846 -0.158414
23.405495 -29.225961 10.738791 -0.021138
27.368343 -29.225961 11.113008 0.480646
31.331191 -29.225961 10.466501 0.263979
35.294039 -29.225961 10.876360 -0.050302
39.256887 -29.225961 11.163716 -0.062578
43.219735 -29.225961 12.306609 1.014534
47.182583 -29.225961 12.889874 0.363645
51.145431 -29.225961 10.916800 0.597361
55.108279 -29.225961 11.128621 -0.140869
59.071127 -29.225961 11.473550 -0.304207
63.033975 -29.225961 10.645208 0.637242
66.996822 -29.225961 9.158924 -0.359410
-131.145575 -33.188809 -12.942249 -4.538906
-127.182727 -33.188809 -2.035232 0.014083
-123.219879 -33.188809 4.803519 3.787733
-119.257031 -33.188809 14.217643 -17.223686
-115.294183 -33.188809 11.435061 1.487853
-111.331335 -33.188809 10.747991 -0.167273
-107.368487 -33.188809 9.345472 2.202957
-103.405639 -33.188809 -3.367060 -10.742789
-99.442791 -33.188809 8.447694 2.783795
-95.479943 -33.188809 10.480370 0.409084
-91.517095 -33.188809 11.665989 -0.244396
-87.554247 -33.188809 11.485640 -0.131450
-83.591400 -33.188809 11.795259 -0.280776
-79.628552 -33.188809 10.977318 -0.597795
-75.665704 -33.188809 10.529963 0.565522
-71.702856 -33.188809 11.564043 0.322394
-67.740008 -33.188809 10.954988 -0.053640
-63.777160 -33.188809 10.988812 -0.207583
-59.814312 -33.188809 11.574501 -0.150685
-55.851464 -33.188809 11.593096 -0.084845
-51.888616 -33.188809 10.781553 0.357308
-47.925768 -33.188809 11.320225 -0.014340
-43.962920 -33.188809 10.983816 -0.029598
-40.000072 -33.188809 10.836167 0.474291
-36.037224 -33.188809 11.104422 0.264039
-32.074376 -33.188809 10.865102 0.615777
-28.111528 -33.188809 11.297019 0.710560
-24.148680 -33.188809 10.990485 0.418448
-20.185832 -33.188809 10.740042 0.044583
-16.222984 -33.188809 11.357868 -0.354469
-12.260136 -33.188809 10.511257 0.011496
-8.297289 -33.188809 10.643897 0.142272
-4.334441 -33.188809 10.891019 0.756071
-0.371593 -33.188809 11.099052 0.073351
3.591255 -33.188809 11.447797 0.289231
7.554103 -33.188809 11.535190 0.543064
11.516951 -33.188809 10.147296 0.200949
15.479799 -33.188809 10.715826 0.116619
19.442647 -33.188809 11.276622 -0.207306
23.405495 -33.188809 11.029099 0.651840
27.368343 -33.188809 11.183133 -0.258597
31.331191 -33.188809 10.961449 0.491286
35.294039 -33.188809 10.928869 0.254226
39.256887 -33.188809 10.432033 0.004037
43.219735 -33.188809 10.162332 1.084896
47.182583 -33.188809 11.368237 -0.139029
51.145431 -33.188809 11.158114 0.393445
55.108279 -33.188809 10.872137 0.224484
59.071127 -33.188809 10.257601 -0.222832
63.033975 -33.188809 10.243092 0.308493
66.996822 -33.188809 -0.282742 9.070346
-131.145575 -37.151657 -2.438589 7.946329
-127.182727 -37.151657 9.993401 -12.519717
-123.219879 -37.151657 -9.539487 -12.761727
-119.257031 -37.151657 13.644521 -2.612389
-115.294183 -37.151657 11.939153 -1.877126
-111.331335 -37.151657 7.124347 -1.390718
-107.368487 -37.151657 10.807837 9.350844
-103.405639 -37.151657 11.423217 0.177803
-99.442791 -37.151657 12.335503 -0.072116
-95.479943 -37.151657 11.103045 -0.387042
-91.517095 -37.151657 12.298578 1.980356
-87.554247 -37.151657 11.663829 0.300650
-83.591400 -37.151657 10.879183 -0.221187
-79.628552 -37.151657 11.475288 -0.277525
-75.665704 -37.151657 10.185896 0.585861
-71.702856 -37.151657 10.968863 -0.246129
-67.740008 -37.151657 10.684862 0.094436
-63.777160 -37.151657 11.195013 0.945936
-59.814312 -37.151657 10.811879 -0.375703
-55.851464 -37.151657 11.050669 0.382639
-51.888616 -37.151657 10.845003 -0.363364
-47.925768 -37.151657 10.405197 0.252559
-43.962920 -37.151657 10.839554 0.000189
-40.000072 -37.151657 11.170014 0.283626
-36.037224 -37.151657 11.256653 0.151588
-32.074376 -37.151657 10.561205 0.603824
-28.111528 -37.151657 11.154068 0.379237
-24.148680 -37.151657 11.055171 0.133955
-20.185832 -37.151657 11.270461 -0.002930
-16.222984 -37.151657 10.289479 0.331337
-12.260136 -37.151657 11.020912 0.417150
-8.297289 -37.151657 10.740256 0.228963
-4.334441 -37.151657 11.040724 0.339669
-0.371593 -37.151657 11.254060 0.292016
3.591255 -37.151657 11.178792 0.649581
7.554103 -37.151657 10.875608 0.391618
11.516951 -37.151657 10.636035 0.364824
15.479799 -37.151657 11.375565 -0.120073
19.442647 -37.151657 10.180587 0.261377
23.405495 -37.151657 10.784458 0.122585
27.368343 -37.151657 11.243242 0.003120
31.331191 -37.151657 10.340299 0.820586
35.294039 -37.151657 10.976458 -0.870469
39.256887 -37.151657 10.602267 -0.003889
43.219735 -37.151657 10.829956 -0.458082
47.182583 -37.151657 10.937672 0.462549
51.145431 -37.151657 11.496908 -0.026697
55.108279 -37.151657 10.079720 -0.368033
59.071127 -37.151657 9.707561 1.809558
63.033975 -37.151657 10.773315 -0.142372
66.996822 -37.151657 11.420057 -0.395900
-131.145575 -41.114505 -0.157168 12.124541
-127.182727 -41.114505 10.260200 -8.688371
-123.219879 -41.114505 10.441796 0.968232
-119.257031 -41.114505 -7.918702 -9.465505
-115.294183 -41.114505 10.141768 -3.618829
-111.331335 -41.114505 -7.120646 -9.202856
-107.368487 -41.114505 10.062480 0.323959
-103.405639 -41.114505 12.001354 0.940132
-99.442791 -41.114505 9.620143 -0.129372
-95.479943 -41.114505 9.884563 -0.133432
-91.517095 -41.114505 11.076530 -0.202328
-87.554247 -41.114505 12.044625 0.457832
-83.591400 -41.114505 9.973419 -0.437813
-79.628552 -41.114505 10.036170 -0.182191
-75.665704 -41.114505 11.318864 0.068595
-71.702856 -41.114505 10.798016 0.218917
-67.740008 -41.114505 11.250710 0.175638
-63.777160 -41.114505 10.877435 0.345440
-59.814312 -41.114505 10.861120 0.032000
-55.851464 -41.114505 11.359240 -0.261687
-51.888616 -41.114505 11.187370 0.420558
-47.925768 -41.114505 11.056618 0.042254
-43.962920 -41.114505 11.392841 -0.208439
-40.000072 -41.114505 11.212051 0.231757
-36.037224 -41.114505 11.725230 -0.136832
-32.074376 -41.114505 10.586201 0.389700
-28.111528 -41.114505 10.718966 0.472217
-24.148680 -41.114505 10.929195 0.304881
-20.185832 -41.114505 10.959015 0.393392
-16.222984 -41.114505 11.043530 0.161726
-12.260136 -41.114505 10.274737 0.372442
-8.297289 -41.114505 11.153061 0.347143
-4.334441 -41.114505 11.022225 0.848488
-0.371593 -41.114505 11.100315 -0.383008
3.591255 -41.114505 11.341951 -0.630549
7.554103 -41.114505 11.049707 -0.250054
11.516951 -41.114505 10.994139 0.428794
15.479799 -41.114505 10.861898 -0.072135
19.442647 -41.114505 11.189214 -0.090655
23.405495 -41.114505 10.758346 0.190211
27.368343 -41.114505 10.160403 0.956593
31.331191 -41.114505 10.549115 0.265651
35.294039 -41.114505 11.012512 0.748353
39.256887 -41.114505 10.745477 -0.087389
43.219735 -41.114505 11.192463 -0.068277
47.182583 -41.114505 10.495478 0.511184
51.145431 -41.114505 10.291537 1.135855
55.108279 -41.114505 10.429162 -0.182776
59.071127 -41.114505 11.268542 -0.743470
63.033975 -41.114505 10.637303 -0.205076
66.996822 -41.114505 11.165299 0.144901
-131.145575 -45.077353 -14.639400 -10.572289
-127.182727 -45.077353 -8.370394 -0.819301
-123.219879 -45.077353 2.079835 9.477178
-119.257031 -45.077353 -11.620823 -10.651229
-115.294183 -45.077353 7.399461 -2.477748
-111.331335 -45.077353 6.715428 -4.802247
-107.368487 -45.077353 15.718610 -15.814901
-103.405639 -45.077353 6.771475 0.294575
-99.442791 -45.077353 9.784695 1.555374
-95.479943 -45.077353 7.025025 0.956680
-91.517095 -45.077353 11.689416 -0.778805
-87.554247 -45.077353 10.429897 -0.173291
-83.591400 -45.077353 10.464872 -1.867167
-79.628552 -45.077353 10.718516 0.829515
-75.665704 -45.077353 11.188636 0.561966
-71.702856 -45.077353 11.269999 0.171856
-67.740008 -45.077353 10.774759 -0.372354
-63.777160 -45.077353 11.701715 0.355198
-59.814312 -45.077353 10.647192 0.454099
-55.851464 -45.077353 10.431657 0.511353
-51.888616 -45.077353 10.787714 0.091953
-47.925768 -45.077353 10.631403 -0.102569
-43.962920 -45.077353 11.358946 0.600631
-40.000072 -45.077353 10.693534 0.620891
-36.037224 -45.077353 11.053385 -0.653435
-32.074376 -45.077353 10.928484 0.342217
-28.111528 -45.077353 11.045139 0.217104
-24.148680 -45.077353 11.001324 -0.155064
-20.185832 -45.077353 10.927098 -0.255020
-16.222984 -45.077353 11.046851 -0.255425
-12.260136 -45.077353 10.619839 0.416745
-8.297289 -45.077353 10.318732 0.413879
-4.334441 -45.077353 10.660757 0.195426
-0.371593 -45.077353 10.569310 0.445825
3.591255 -45.077353 10.351109 0.527945
7.554103 -45.077353 11.467534 0.327473
11.516951 -45.077353 10.740476 1.169069
15.479799 -45.077353 10.587158 0.308024
19.442647 -45.077353 11.356490 0.187147
23.405495 -45.077353 11.134998 -0.571761
27.368343 -45.077353 10.297064 0.731933
31.331191 -45.077353 10.961868 0.430829
35.294039 -45.077353 11.237730 -0.479775
39.256887 -45.077353 11.207775 0.095701
43.219735 -45.077353 10.374806 0.390572
47.182583 -45.077353 10.954156 -0.591866
51.145431 -45.077353 -13.585967 11.045933
55.108279 -45.077353 10.594610 0.108422
59.071127 -45.077353 7.357521 0.738649
63.033975 -45.077353 10.792431 0.200199
66.996822 -45.077353 10.200570 1.418300
-131.145575 -49.040201 -11.385386 -16.395296
-127.182727 -49.040201 -5.705893 3.347126
-123.219879 -49.040201 -0.325308 2.455756
-119.257031 -49.040201 17.418180 6.262357
-115.294183 -49.040201 -0.587461 13.273739
-111.331335 -49.040201 12.129767 -3.490997
-107.368487 -49.040201 16.439184 2.311194
-103.405639 -49.040201 12.041745 -1.505634
-99.442791 -49.040201 10.290294 1.187621
-95.479943 -49.040201 11.809827 0.067288
-91.517095 -49.040201 11.523982 -0.360189
-87.554247 -49.040201 11.785360 0.362074
-83.591400 -49.040201 9.867350 -0.122265
-79.628552 -49.040201 10.678484 -0.128921
-75.665704 -49.040201 10.765494 0.291764
-71.702856 -49.040201 11.507359 0.235878
-67.740008 -49.040201 10.330338 0.252336
-63.777160 -49.040201 10.943739 0.386364
-59.814312 -49.040201 11.441923 0.445334
-55.851464 -49.040201 11.556233 0.262876
-51.888616 -49.040201 11.686179 -0.529016
-47.925768 -49.040201 10.577584 0.589198
-43.962920 -49.040201 10.687621 0.020474
-40.000072 -49.040201 11.037724 0.798708
-36.037224 -49.040201 11.148843 0.066912
-32.074376 -49.040201 10.906100 0.409144
-28.111528 -49.040201 10.504962 0.070886
-24.148680 -49.040201 10.996427 -0.305580
-20.185832 -49.040201 10.962107 -0.707571
-16.222984 -49.040201 9.869400 0.275676
-12.260136 -49.040201 10.857905 0.405624
-8.297289 -49.040201 11.149701 0.927319
-4.334441 -49.040201 10.730784 0.242332
-0.371593 -49.040201 10.769962 -0.129213
3.591255 -49.040201 9.976179 0.357130
7.554103 -49.040201 10.844367 0.482923
11.516951 -49.040201 11.441670 -0.164233
15.479799 -49.040201 10.765357 0.403665
19.442647 -49.040201 10.802103 0.327691
23.405495 -49.040201 11.430530 0.661410
27.368343 -49.040201 11.067603 -0.434706
31.331191 -49.040201 10.122504 0.347220
35.294039 -49.040201 10.346560 -0.114784
39.256887 -49.040201 10.775372 0.207735
43.219735 -49.040201 10.635961 0.283178
47.182583 -49.040201 10.672208 1.126975
51.145431 -49.040201 11.781020 0.096211
55.108279 -49.040201 10.065953 -0.100142
59.071127 -49.040201 10.648115 0.656733
63.033975 -49.040201 10.640429 -0.631294
66.996822 -49.040201 16.846804 6.081801
-131.145575 -53.003049 0.000000 0.000000
-127.182727 -53.003049 0.000000 0.000000
-123.219879 -53.003049 0.000000 0.000000
-119.257031 -53.003049 0.000000 0.000000
-115.294183 -53.003049 0.000000 0.000000
-111.331335 -53.003049 0.000000 0.000000
-107.368487 -53.003049 0.000000 0.000000
-103.405639 -53.003049 0.000000 0.000000
-99.442791 -53.003049 0.000000 0.000000
-95.479943 -53.003049 0.000000 0.000000
-91.517095 -53.003049 0.000000 0.000000
-87.554247 -53.003049 0.000000 0.000000
-83.591400 -53.003049 0.000000 0.000000
-79.628552 -53.003049 0.000000 0.000000
-75.665704 -53.003049 0.000000 0.000000
-71.702856 -53.003049 0.000000 0.000000
-67.740008 -53.003049 0.000000 0.000000
-63.777160 -53.003049 0.000000 0.000000
-59.814312 -53.003049 0.000000 0.000000
-55.851464 -53.003049 0.000000 0.000000
-51.888616 -53.003049 0.000000 0.000000
-47.925768 -53.003049 0.000000 0.000000
-43.962920 -53.003049 0.000000 0.000000
-40.000072 -53.003049 0.000000 0.000000
-36.037224 -53.003049 0.000000 0.000000
-32.074376 -53.003049 0.000000 0.000000
-28.111528 -53.003049 0.000000 0.000000
-24.148680 -53.003049 0.000000 0.000000
-20.185832 -53.003049 0.000000 0.000000
-16.222984 -53.003049 0.000000 0.000000
-12.260136 -53.003049 0.000000 0.000000
-8.297289 -53.003049 0.000000 0.000000
-4.334441 -53.003049 0.000000 0.000000
-0.371593 -53.003049 0.000000 0.000000
3.591255 -53.003049 0.000000 0.000000
7.554103 -53.003049 0.000000 0.000000
11.516951 -53.003049 0.000000 0.000000
15.479799 -53.003049 0.000000 0.000000
19.442647 -53.003049 0.000000 0.000000
23.405495 -53.003049 0.000000 0.000000
27.368343 -53.003049 0.000000 0.000000
31.331191 -53.003049 0.000000 0.000000
35.294039 -53.003049 0.000000 0.000000
39.256887 -53.003049 0.000000 0.000000
43.219735 -53.003049 0.000000 0.000000
47.182583 -53.003049 0.000000 0.000000
51.145431 -53.003049 0.000000 0.000000
55.108279 -53.003049 0.000000 0.000000
59.071127 -53.003049 0.000000 0.000000
63.033975 -53.003049 0.000000 0.000000
66.996822 -53.003049 0.000000 0.000000
