TITLE = "B00012"
VARIABLES = "position", "position(2)", "Vx", "Vy"
ZONE T="Frame 0", I=51, J=39
-131.145575 97.585173 -15.080948 -15.463132
-127.182727 97.585173 10.834807 0.687387
-123.219879 97.585173 11.401238 0.410095
-119.257031 97.585173 10.938718 0.670681
-115.294183 97.585173 11.263486 0.433529
-111.331335 97.585173 0.000000 0.000000
-107.368487 97.585173 0.000000 0.000000
-103.405639 97.585173 0.000000 0.000000
-99.442791 97.585173 0.000000 0.000000
-95.479943 97.585173 0.000000 0.000000
-91.517095 97.585173 0.000000 0.000000
-87.554247 97.585173 11.463283 0.254338
-83.591400 97.585173 11.361706 0.375977
-79.628552 97.585173 11.497532 0.437788
-75.665704 97.585173 11.477766 0.176076
-71.702856 97.585173 11.556110 0.142942
-67.740008 97.585173 11.196271 0.101495
-63.777160 97.585173 11.523782 0.252671
-59.814312 97.585173 11.468665 0.141058
-55.851464 97.585173 11.670094 -0.125778
-51.888616 97.585173 11.427587 -0.146804
-47.925768 97.585173 11.339201 0.134993
-43.962920 97.585173 11.371387 0.069457
-40.000072 97.585173 11.291794 0.094055
-36.037224 97.585173 11.339912 -0.093838
-32.074376 97.585173 11.460417 -0.162704
-28.111528 97.585173 11.265985 -0.203565
-24.148680 97.585173 11.162053 0.059904
-20.185832 97.585173 11.057740 0.205151
-16.222984 97.585173 11.065928 0.496767
-12.260136 97.585173 0.000000 0.000000
-8.297289 97.585173 0.000000 0.000000
-4.334441 97.585173 0.000000 0.000000
-0.371593 97.585173 11.232076 0.084199
3.591255 97.585173 11.283267 -0.077760
7.554103 97.585173 10.934406 0.282086
11.516951 97.585173 11.135447 -0.190614
15.479799 97.585173 11.166678 0.219026
19.442647 97.585173 11.120106 0.179574
23.405495 97.585173 11.049861 -0.027689
27.368343 97.585173 11.095677 -0.060836
31.331191 97.585173 10.951046 -0.151861
35.294039 97.585173 10.904114 -0.060957
39.256887 97.585173 11.049454 0.139162
43.219735 97.585173 10.998314 0.115346
47.182583 97.585173 10.969369 0.054162
51.145431 97.585173 11.011722 0.137041
55.108279 97.585173 11.065121 0.384162
59.071127 97.585173 11.118876 -0.067575
63.033975 97.585173 10.911548 -0.146831
66.996822 97.585173 10.903285 0.242304
-131.145575 93.622325 10.966248 0.304885
-127.182727 93.622325 11.240627 0.420934
-123.219879 93.622325 11.182885 0.744246
-119.257031 93.622325 11.677179 0.415377
-115.294183 93.622325 10.824930 0.484124
-111.331335 93.622325 0.000000 0.000000
-107.368487 93.622325 0.000000 0.000000
-103.405639 93.622325 0.000000 0.000000
-99.442791 93.622325 0.000000 0.000000
-95.479943 93.622325 0.000000 0.000000
-91.517095 93.622325 0.000000 0.000000
-87.554247 93.622325 11.233621 0.241831
-83.591400 93.622325 11.563890 0.435841
-79.628552 93.622325 11.436209 0.419476
-75.665704 93.622325 11.442670 0.273279
-71.702856 93.622325 11.509950 0.345595
-67.740008 93.622325 11.453697 0.137352
-63.777160 93.622325 11.413301 0.185087
-59.814312 93.622325 11.426685 0.047800
-55.851464 93.622325 11.582221 -0.059675
-51.888616 93.622325 11.345778 -0.038529
-47.925768 93.622325 11.446746 0.128373
-43.962920 93.622325 11.350661 0.008333
-40.000072 93.622325 11.340626 0.199502
-36.037224 93.622325 11.481827 -0.066154
-32.074376 93.622325 11.300328 0.170712
-28.111528 93.622325 11.316800 -0.053022
-24.148680 93.622325 11.316039 -0.051838
-20.185832 93.622325 11.163832 -0.052936
-16.222984 93.622325 11.372563 0.133747
-12.260136 93.622325 0.000000 0.000000
-8.297289 93.622325 0.000000 0.000000
-4.334441 93.622325 0.000000 0.000000
-0.371593 93.622325 11.261591 0.014213
3.591255 93.622325 11.083805 -0.240493
7.554103 93.622325 11.102491 -0.149653
11.516951 93.622325 11.148982 0.061654
15.479799 93.622325 11.056413 0.142833
19.442647 93.622325 11.062727 -0.105603
23.405495 93.622325 10.990651 -0.031045
27.368343 93.622325 11.001842 -0.080308
31.331191 93.622325 10.928722 0.147982
35.294039 93.622325 10.982866 0.110867
39.256887 93.622325 10.904273 -0.070747
43.219735 93.622325 11.019309 -0.030427
47.182583 93.622325 10.945319 -0.156247
51.145431 93.622325 11.101060 0.031878
55.108279 93.622325 10.915859 0.243903
59.071127 93.622325 11.066933 -0.298746
63.033975 93.622325 10.932336 0.216543
66.996822 93.622325 10.930887 -0.061893
-131.145575 89.659477 10.959888 0.656076
-127.182727 89.659477 11.996686 0.428690
-123.219879 89.659477 10.978424 0.282480
-119.257031 89.659477 11.138088 0.509645
-115.294183 89.659477 11.042166 0.455428
-111.331335 89.659477 0.000000 0.000000
-107.368487 89.659477 0.000000 0.000000
-103.405639 89.659477 0.000000 0.000000
-99.442791 89.659477 0.000000 0.000000
-95.479943 89.659477 0.000000 0.000000
-91.517095 89.659477 0.000000 0.000000
-87.554247 89.659477 11.434442 0.334727
-83.591400 89.659477 11.514954 0.331527
-79.628552 89.659477 11.553893 0.268449
-75.665704 89.659477 11.285903 0.218651
-71.702856 89.659477 11.457874 0.287830
-67.740008 89.659477 11.438843 0.242722
-63.777160 89.659477 11.556315 -0.088581
-59.814312 89.659477 11.639209 0.387735
-55.851464 89.659477 11.580608 -0.162443
-51.888616 89.659477 11.475926 -0.115303
-47.925768 89.659477 11.488139 0.141879
-43.962920 89.659477 11.233647 -0.113410
-40.000072 89.659477 11.452637 -0.056808
-36.037224 89.659477 11.173121 -0.010010
-32.074376 89.659477 11.271770 0.090310
-28.111528 89.659477 11.395837 -0.171362
-24.148680 89.659477 11.563076 0.084486
-20.185832 89.659477 11.216802 -0.110149
-16.222984 89.659477 11.427888 -0.083850
-12.260136 89.659477 0.000000 0.000000
-8.297289 89.659477 0.000000 0.000000
-4.334441 89.659477 0.000000 0.000000
-0.371593 89.659477 11.026010 0.027437
3.591255 89.659477 11.108103 -0.126652
7.554103 89.659477 11.007080 -0.184804
11.516951 89.659477 11.129691 -0.011996
15.479799 89.659477 10.882051 0.156590
19.442647 89.659477 11.023891 -0.065753
23.405495 89.659477 10.989306 -0.036586
27.368343 89.659477 11.022775 0.067193
31.331191 89.659477 10.953121 0.100996
35.294039 89.659477 10.824450 0.104359
39.256887 89.659477 11.060903 0.209204
43.219735 89.659477 10.957352 -0.056909
47.182583 89.659477 11.026014 -0.034485
51.145431 89.659477 10.876481 0.012921
55.108279 89.659477 11.047528 0.084816
59.071127 89.659477 11.062050 -0.083591
63.033975 89.659477 11.076295 0.161379
66.996822 89.659477 10.936524 -0.107324
-131.145575 85.696629 11.208214 -0.197512
-127.182727 85.696629 10.860915 0.354443
-123.219879 85.696629 11.031372 0.519355
-119.257031 85.696629 11.161491 0.541009
-115.294183 85.696629 11.162504 0.566784
-111.331335 85.696629 0.000000 0.000000
-107.368487 85.696629 0.000000 0.000000
-103.405639 85.696629 0.000000 0.000000
-99.442791 85.696629 0.000000 0.000000
-95.479943 85.696629 0.000000 0.000000
-91.517095 85.696629 0.000000 0.000000
-87.554247 85.696629 11.586403 0.347167
-83.591400 85.696629 11.427587 0.448886
-79.628552 85.696629 11.465105 0.359983
-75.665704 85.696629 11.573859 0.235697
-71.702856 85.696629 11.438366 0.325516
-67.740008 85.696629 11.364805 -0.009552
-63.777160 85.696629 11.575745 0.031848
-59.814312 85.696629 11.480798 -0.048715
-55.851464 85.696629 11.623547 0.124394
-51.888616 85.696629 11.370300 0.012527
-47.925768 85.696629 11.593023 -0.080161
-43.962920 85.696629 11.341840 -0.121762
-40.000072 85.696629 11.405692 -0.193933
-36.037224 85.696629 11.333424 -0.041926
-32.074376 85.696629 11.320905 -0.043465
-28.111528 85.696629 11.167155 -0.166644
-24.148680 85.696629 11.381023 -0.187748
-20.185832 85.696629 11.368748 0.048929
-16.222984 85.696629 11.203293 -0.014527
-12.260136 85.696629 0.000000 0.000000
-8.297289 85.696629 0.000000 0.000000
-4.334441 85.696629 0.000000 0.000000
-0.371593 85.696629 11.192390 -0.147485
3.591255 85.696629 11.090052 -0.128318
7.554103 85.696629 10.924215 0.063170
11.516951 85.696629 11.029729 -0.079211
15.479799 85.696629 11.046272 -0.023249
19.442647 85.696629 10.866227 -0.277348
23.405495 85.696629 10.984471 -0.143990
27.368343 85.696629 11.030158 0.016820
31.331191 85.696629 11.026323 -0.121011
35.294039 85.696629 11.051901 0.040481
39.256887 85.696629 10.966934 0.011940
43.219735 85.696629 10.976368 -0.092967
47.182583 85.696629 10.990681 -0.006952
51.145431 85.696629 11.103282 -0.118040
55.108279 85.696629 10.909945 -0.048242
59.071127 85.696629 10.853347 -0.133626
63.033975 85.696629 10.890417 -0.025321
66.996822 85.696629 10.872441 -0.274026
-131.145575 81.733781 11.364424 0.584433
-127.182727 81.733781 11.526272 0.693075
-123.219879 81.733781 11.006337 0.754173
-119.257031 81.733781 11.167701 0.516367
-115.294183 81.733781 11.260825 0.726425
-111.331335 81.733781 0.000000 0.000000
-107.368487 81.733781 0.000000 0.000000
-103.405639 81.733781 0.000000 0.000000
-99.442791 81.733781 0.000000 0.000000
-95.479943 81.733781 0.000000 0.000000
-91.517095 81.733781 0.000000 0.000000
-87.554247 81.733781 11.300921 0.487749
-83.591400 81.733781 11.604291 0.352758
-79.628552 81.733781 11.343498 0.417983
-75.665704 81.733781 11.573040 0.326585
-71.702856 81.733781 11.663737 0.204267
-67.740008 81.733781 11.669289 0.129485
-63.777160 81.733781 11.825173 0.018158
-59.814312 81.733781 11.690238 0.089924
-55.851464 81.733781 11.522589 0.173388
-51.888616 81.733781 11.649763 0.131945
-47.925768 81.733781 11.402993 -0.033387
-43.962920 81.733781 11.526621 -0.102961
-40.000072 81.733781 11.325434 -0.086510
-36.037224 81.733781 11.491590 -0.165570
-32.074376 81.733781 11.322751 -0.194844
-28.111528 81.733781 11.266289 -0.052217
-24.148680 81.733781 11.238082 -0.330580
-20.185832 81.733781 11.160320 -0.181920
-16.222984 81.733781 11.157440 -0.099202
-12.260136 81.733781 0.000000 0.000000
-8.297289 81.733781 0.000000 0.000000
-4.334441 81.733781 0.000000 0.000000
-0.371593 81.733781 11.168520 -0.091319
3.591255 81.733781 11.018603 -0.283713
7.554103 81.733781 11.173297 -0.069925
11.516951 81.733781 11.131151 -0.194005
15.479799 81.733781 11.149178 -0.043884
19.442647 81.733781 10.925616 -0.143688
23.405495 81.733781 11.080059 -0.114000
27.368343 81.733781 10.959417 0.057085
31.331191 81.733781 11.004315 -0.134103
35.294039 81.733781 10.938344 0.016157
39.256887 81.733781 10.966621 -0.179476
43.219735 81.733781 10.838661 0.074954
47.182583 81.733781 11.039071 -0.218387
51.145431 81.733781 10.880185 -0.077558
55.108279 81.733781 11.103299 0.121486
59.071127 81.733781 10.914521 0.109949
63.033975 81.733781 11.128799 0.011349
66.996822 81.733781 10.875919 0.226622
-131.145575 77.770933 2.843151 -10.168687
-127.182727 77.770933 11.251960 0.617067
-123.219879 77.770933 11.104499 0.396289
-119.257031 77.770933 10.867843 0.650715
-115.294183 77.770933 11.167715 0.632872
-111.331335 77.770933 0.000000 0.000000
-107.368487 77.770933 0.000000 0.000000
-103.405639 77.770933 0.000000 0.000000
-99.442791 77.770933 0.000000 0.000000
-95.479943 77.770933 0.000000 0.000000
-91.517095 77.770933 11.599880 0.526381
-87.554247 77.770933 11.555038 0.380343
-83.591400 77.770933 11.484871 0.615327
-79.628552 77.770933 11.711754 0.354390
-75.665704 77.770933 11.511085 0.345920
-71.702856 77.770933 11.587034 0.055625
-67.740008 77.770933 11.673610 0.220756
-63.777160 77.770933 11.609591 0.200134
-59.814312 77.770933 11.458605 0.042867
-55.851464 77.770933 11.606017 0.101318
-51.888616 77.770933 11.510077 -0.031537
-47.925768 77.770933 11.605004 -0.079213
-43.962920 77.770933 11.503399 -0.066791
-40.000072 77.770933 11.572664 -0.307915
-36.037224 77.770933 11.446244 -0.262065
-32.074376 77.770933 11.291676 -0.105846
-28.111528 77.770933 11.534773 -0.177391
-24.148680 77.770933 11.383285 -0.309873
-20.185832 77.770933 11.337422 -0.057638
-16.222984 77.770933 11.055422 -0.111666
-12.260136 77.770933 0.000000 0.000000
-8.297289 77.770933 0.000000 0.000000
-4.334441 77.770933 0.000000 0.000000
-0.371593 77.770933 11.103113 -0.171225
3.591255 77.770933 11.121146 -0.089955
7.554103 77.770933 11.010917 -0.153267
11.516951 77.770933 11.078271 -0.182564
15.479799 77.770933 11.110151 -0.079478
19.442647 77.770933 10.925782 -0.083706
23.405495 77.770933 11.095639 -0.198089
27.368343 77.770933 10.827353 0.088767
31.331191 77.770933 11.039936 0.002015
35.294039 77.770933 10.890706 -0.054947
39.256887 77.770933 11.102515 0.025112
43.219735 77.770933 10.928981 -0.083361
47.182583 77.770933 10.959796 -0.161971
51.145431 77.770933 10.911933 0.057241
55.108279 77.770933 10.867447 -0.070528
59.071127 77.770933 10.997479 0.090582
63.033975 77.770933 10.876165 0.211753
66.996822 77.770933 10.829407 0.028554
-131.145575 73.808085 12.097363 1.583711
-127.182727 73.808085 6.961313 -17.818253
-123.219879 73.808085 11.019711 0.612025
-119.257031 73.808085 11.446809 0.516037
-115.294183 73.808085 11.319536 0.738124
-111.331335 73.808085 0.000000 0.000000
-107.368487 73.808085 0.000000 0.000000
-103.405639 73.808085 0.000000 0.000000
-99.442791 73.808085 0.000000 0.000000
-95.479943 73.808085 0.000000 0.000000
-91.517095 73.808085 11.569642 0.546612
-87.554247 73.808085 11.509733 0.538644
-83.591400 73.808085 11.787093 0.454027
-79.628552 73.808085 11.742687 0.354093
-75.665704 73.808085 11.575248 0.392344
-71.702856 73.808085 11.668061 0.181514
-67.740008 73.808085 11.793623 0.103538
-63.777160 73.808085 11.842013 0.239460
-59.814312 73.808085 11.767580 0.045327
-55.851464 73.808085 11.482341 -0.315945
-51.888616 73.808085 11.625284 -0.118209
-47.925768 73.808085 11.533833 -0.023743
-43.962920 73.808085 11.566038 -0.122334
-40.000072 73.808085 11.517330 -0.129387
-36.037224 73.808085 11.514490 -0.181387
-32.074376 73.808085 11.459069 -0.254124
-28.111528 73.808085 11.579056 -0.303390
-24.148680 73.808085 11.232475 -0.215230
-20.185832 73.808085 11.378230 -0.216446
-16.222984 73.808085 11.133386 -0.238904
-12.260136 73.808085 0.000000 0.000000
-8.297289 73.808085 0.000000 0.000000
-4.334441 73.808085 0.000000 0.000000
-0.371593 73.808085 11.128645 -0.201327
3.591255 73.808085 11.042691 -0.166087
7.554103 73.808085 10.990851 -0.223961
11.516951 73.808085 10.990941 -0.234250
15.479799 73.808085 10.860079 -0.168029
19.442647 73.808085 11.036971 0.231416
23.405495 73.808085 10.938000 0.007146
27.368343 73.808085 11.059194 -0.236590
31.331191 73.808085 10.868192 -0.010304
35.294039 73.808085 10.965496 0.066507
39.256887 73.808085 10.971288 0.094302
43.219735 73.808085 10.905139 0.074117
47.182583 73.808085 11.124791 -0.180439
51.145431 73.808085 10.955624 -0.018636
55.108279 73.808085 10.805685 -0.011582
59.071127 73.808085 10.969402 0.045263
63.033975 73.808085 10.921586 -0.155352
66.996822 73.808085 10.992582 0.158520
-131.145575 69.845237 10.385088 0.232711
-127.182727 69.845237 10.594965 -0.269105
-123.219879 69.845237 11.122656 0.820113
-119.257031 69.845237 11.019628 0.715728
-115.294183 69.845237 11.429669 0.767980
-111.331335 69.845237 0.000000 0.000000
-107.368487 69.845237 0.000000 0.000000
-103.405639 69.845237 0.000000 0.000000
-99.442791 69.845237 0.000000 0.000000
-95.479943 69.845237 0.000000 0.000000
-91.517095 69.845237 11.696505 0.514574
-87.554247 69.845237 11.543782 0.414168
-83.591400 69.845237 11.829471 0.440596
-79.628552 69.845237 11.790897 0.302772
-75.665704 69.845237 11.892703 0.351830
-71.702856 69.845237 11.755842 -0.097861
-67.740008 69.845237 11.640473 0.215409
-63.777160 69.845237 11.757079 0.040099
-59.814312 69.845237 11.865969 -0.126773
-55.851464 69.845237 11.609623 0.079649
-51.888616 69.845237 11.624998 -0.108194
-47.925768 69.845237 11.614701 -0.175615
-43.962920 69.845237 11.552097 -0.250376
-40.000072 69.845237 11.634839 -0.176045
-36.037224 69.845237 11.490574 -0.250341
-32.074376 69.845237 11.636615 -0.322587
-28.111528 69.845237 11.450783 -0.279273
-24.148680 69.845237 11.458267 -0.408168
-20.185832 69.845237 11.254086 -0.230236
-16.222984 69.845237 11.317073 -0.272552
-12.260136 69.845237 0.000000 0.000000
-8.297289 69.845237 0.000000 0.000000
-4.334441 69.845237 0.000000 0.000000
-0.371593 69.845237 11.087343 -0.119670
3.591255 69.845237 11.035603 -0.105562
7.554103 69.845237 10.990092 -0.229398
11.516951 69.845237 10.982883 -0.054150
15.479799 69.845237 10.929130 -0.016732
19.442647 69.845237 10.957294 -0.061641
23.405495 69.845237 10.878924 -0.175190
27.368343 69.845237 10.914368 -0.141933
31.331191 69.845237 10.957853 -0.226089
35.294039 69.845237 10.869588 -0.042789
39.256887 69.845237 10.899728 -0.079874
43.219735 69.845237 10.962975 0.058804
47.182583 69.845237 10.957306 -0.205825
51.145431 69.845237 10.990808 0.019118
55.108279 69.845237 10.912704 -0.186509
59.071127 69.845237 10.970723 0.191545
63.033975 69.845237 10.984009 0.133888
66.996822 69.845237 10.901376 0.281265
-131.145575 65.882389 15.470511 -4.512589
-127.182727 65.882389 11.263243 0.368151
-123.219879 65.882389 11.542878 1.001445
-119.257031 65.882389 10.931478 0.689246
-115.294183 65.882389 11.113696 0.843748
-111.331335 65.882389 0.000000 0.000000
-107.368487 65.882389 0.000000 0.000000
-103.405639 65.882389 0.000000 0.000000
-99.442791 65.882389 0.000000 0.000000
-95.479943 65.882389 0.000000 0.000000
-91.517095 65.882389 11.808123 0.627892
-87.554247 65.882389 11.789309 0.633811
-83.591400 65.882389 11.908375 0.478995
-79.628552 65.882389 11.831527 0.557892
-75.665704 65.882389 12.058793 0.548215
-71.702856 65.882389 11.810914 0.165972
-67.740008 65.882389 11.838278 -0.160380
-63.777160 65.882389 11.871085 -0.064588
-59.814312 65.882389 11.769260 -0.012001
-55.851464 65.882389 11.711626 0.004852
-51.888616 65.882389 11.882818 0.016887
-47.925768 65.882389 11.744095 -0.183319
-43.962920 65.882389 11.612727 -0.257149
-40.000072 65.882389 11.669081 -0.290034
-36.037224 65.882389 11.530970 -0.270546
-32.074376 65.882389 11.446705 -0.366578
-28.111528 65.882389 11.327277 -0.236122
-24.148680 65.882389 11.203721 -0.124938
-20.185832 65.882389 11.113385 -0.190816
-16.222984 65.882389 11.404750 -0.327618
-12.260136 65.882389 0.000000 0.000000
-8.297289 65.882389 0.000000 0.000000
-4.334441 65.882389 11.011295 -0.347842
-0.371593 65.882389 11.009665 -0.281862
3.591255 65.882389 10.989116 -0.354284
7.554103 65.882389 11.017747 -0.352336
11.516951 65.882389 10.890291 -0.236983
15.479799 65.882389 10.976679 -0.111666
19.442647 65.882389 10.814824 -0.188194
23.405495 65.882389 10.908920 0.148546
27.368343 65.882389 10.882844 -0.205114
31.331191 65.882389 10.978806 -0.209122
35.294039 65.882389 11.031348 -0.018017
39.256887 65.882389 10.991823 0.182981
43.219735 65.882389 10.903940 -0.064032
47.182583 65.882389 10.907462 0.166186
51.145431 65.882389 10.829257 0.009923
55.108279 65.882389 10.858447 0.168767
59.071127 65.882389 11.165488 0.019974
63.033975 65.882389 10.885150 -0.066558
66.996822 65.882389 10.903070 -0.116282
-131.145575 61.919541 16.756107 11.848486
-127.182727 61.919541 11.259601 0.608286
-123.219879 61.919541 10.780440 0.417516
-119.257031 61.919541 11.128127 0.932594
-115.294183 61.919541 11.257036 0.912301
-111.331335 61.919541 0.000000 0.000000
-107.368487 61.919541 0.000000 0.000000
-103.405639 61.919541 0.000000 0.000000
-99.442791 61.919541 0.000000 0.000000
-95.479943 61.919541 0.000000 0.000000
-91.517095 61.919541 11.830468 0.727750
-87.554247 61.919541 11.888032 0.707011
-83.591400 61.919541 11.815101 0.335288
-79.628552 61.919541 12.088463 0.508318
-75.665704 61.919541 11.977276 0.273384
-71.702856 61.919541 11.909994 0.331618
-67.740008 61.919541 11.908678 0.100479
-63.777160 61.919541 11.902761 0.029953
-59.814312 61.919541 11.917478 -0.060363
-55.851464 61.919541 11.939561 -0.152880
-51.888616 61.919541 11.685398 -0.235097
-47.925768 61.919541 11.682684 -0.188471
-43.962920 61.919541 11.601635 -0.135493
-40.000072 61.919541 11.679011 -0.298139
-36.037224 61.919541 11.413824 -0.283178
-32.074376 61.919541 11.534385 -0.476918
-28.111528 61.919541 11.387039 -0.321898
-24.148680 61.919541 11.186996 -0.390651
-20.185832 61.919541 11.201718 -0.486423
-16.222984 61.919541 11.040517 -0.551694
-12.260136 61.919541 0.000000 0.000000
-8.297289 61.919541 0.000000 0.000000
-4.334441 61.919541 11.114676 -0.238620
-0.371593 61.919541 10.990938 -0.247370
3.591255 61.919541 10.989589 -0.156625
7.554103 61.919541 10.862102 -0.279232
11.516951 61.919541 10.873630 0.069327
15.479799 61.919541 10.748055 -0.246486
19.442647 61.919541 10.942960 -0.036199
23.405495 61.919541 10.880841 -0.296046
27.368343 61.919541 10.999864 -0.122705
31.331191 61.919541 10.909657 -0.013174
35.294039 61.919541 10.921010 -0.106522
39.256887 61.919541 10.875748 -0.111322
43.219735 61.919541 11.032640 -0.105362
47.182583 61.919541 10.857958 0.079244
51.145431 61.919541 10.952401 -0.075506
55.108279 61.919541 10.891279 0.105067
59.071127 61.919541 10.887954 -0.155374
63.033975 61.919541 10.897187 0.312572
66.996822 61.919541 10.845179 0.245027
-131.145575 57.956694 -7.897330 -13.015060
-127.182727 57.956694 11.059524 0.658895
-123.219879 57.956694 10.942671 0.659763
-119.257031 57.956694 10.880775 1.019605
-115.294183 57.956694 10.988846 1.087462
-111.331335 57.956694 0.000000 0.000000
-107.368487 57.956694 0.000000 0.000000
-103.405639 57.956694 0.000000 0.000000
-99.442791 57.956694 0.000000 0.000000
-95.479943 57.956694 11.838736 0.771940
-91.517095 57.956694 12.086154 0.833181
-87.554247 57.956694 12.319321 0.645570
-83.591400 57.956694 12.135101 0.844661
-79.628552 57.956694 12.198539 0.464976
-75.665704 57.956694 12.171396 0.504396
-71.702856 57.956694 12.005416 0.112747
-67.740008 57.956694 12.192940 -0.063045
-63.777160 57.956694 12.033413 -0.067724
-59.814312 57.956694 11.839334 -0.154575
-55.851464 57.956694 11.863775 -0.161416
-51.888616 57.956694 11.981118 -0.210419
-47.925768 57.956694 11.759726 -0.449633
-43.962920 57.956694 11.697474 -0.432063
-40.000072 57.956694 11.690221 -0.308400
-36.037224 57.956694 11.558258 -0.252306
-32.074376 57.956694 11.340462 -0.519715
-28.111528 57.956694 11.460287 -0.442231
-24.148680 57.956694 11.364212 -0.442903
-20.185832 57.956694 11.044397 -0.448146
-16.222984 57.956694 10.967710 -0.597876
-12.260136 57.956694 0.000000 0.000000
-8.297289 57.956694 0.000000 0.000000
-4.334441 57.956694 10.937241 -0.290636
-0.371593 57.956694 10.909528 -0.313216
3.591255 57.956694 10.947807 -0.392490
7.554103 57.956694 10.963284 -0.324540
11.516951 57.956694 10.831930 0.024234
15.479799 57.956694 10.947522 -0.216450
19.442647 57.956694 10.891462 -0.202175
23.405495 57.956694 10.971536 -0.135724
27.368343 57.956694 10.930865 0.199614
31.331191 57.956694 10.937031 -0.105059
35.294039 57.956694 10.878467 -0.058538
39.256887 57.956694 11.027578 0.147138
43.219735 57.956694 10.996443 -0.042039
47.182583 57.956694 10.837977 -0.100329
51.145431 57.956694 10.921969 0.033469
55.108279 57.956694 11.068563 0.142101
59.071127 57.956694 10.869308 0.003545
63.033975 57.956694 11.089707 -0.199032
66.996822 57.956694 10.882569 -0.131256
-131.145575 53.993846 -4.832698 -0.569863
-127.182727 53.993846 10.580163 1.146389
-123.219879 53.993846 11.434625 0.657044
-119.257031 53.993846 10.869366 1.240210
-115.294183 53.993846 10.897443 1.167665
-111.331335 53.993846 0.000000 0.000000
-107.368487 53.993846 0.000000 0.000000
-103.405639 53.993846 0.000000 0.000000
-99.442791 53.993846 0.000000 0.000000
-95.479943 53.993846 11.978939 0.673422
-91.517095 53.993846 12.194313 0.931279
-87.554247 53.993846 12.280104 0.715522
-83.591400 53.993846 12.335163 0.803951
-79.628552 53.993846 12.400001 0.543690
-75.665704 53.993846 12.231725 0.244387
-71.702856 53.993846 12.222084 0.128190
-67.740008 53.993846 12.181125 0.092634
-63.777160 53.993846 12.050019 0.056925
-59.814312 53.993846 12.032248 -0.001289
-55.851464 53.993846 11.721998 -0.319183
-51.888616 53.993846 11.925998 0.068700
-47.925768 53.993846 11.775245 -0.402556
-43.962920 53.993846 11.779542 -0.365835
-40.000072 53.993846 11.782641 -0.474070
-36.037224 53.993846 11.599386 -0.327530
-32.074376 53.993846 11.552529 -0.488963
-28.111528 53.993846 11.640898 -0.463305
-24.148680 53.993846 11.384181 -0.369857
-20.185832 53.993846 11.387018 -0.704984
-16.222984 53.993846 11.140571 -0.475895
-12.260136 53.993846 10.948906 -0.505409
-8.297289 53.993846 0.000000 0.000000
-4.334441 53.993846 10.951273 -0.420863
-0.371593 53.993846 10.883082 -0.410257
3.591255 53.993846 10.780269 -0.368157
7.554103 53.993846 10.956558 -0.299026
11.516951 53.993846 10.617188 0.036912
15.479799 53.993846 10.735672 -0.078899
19.442647 53.993846 10.697212 -0.106851
23.405495 53.993846 10.897023 -0.145560
27.368343 53.993846 10.894673 -0.111932
31.331191 53.993846 10.820180 0.063292
35.294039 53.993846 10.838510 -0.094792
39.256887 53.993846 10.901270 0.307960
43.219735 53.993846 10.889605 -0.037338
47.182583 53.993846 11.061395 0.298279
51.145431 53.993846 10.947609 0.145498
55.108279 53.993846 10.905876 -0.311962
59.071127 53.993846 11.067524 -0.241011
63.033975 53.993846 10.915833 -0.134025
66.996822 53.993846 10.830136 -0.174284
-131.145575 50.030998 10.393924 -15.751936
-127.182727 50.030998 10.887616 0.756692
-123.219879 50.030998 10.638410 0.781983
-119.257031 50.030998 10.719143 1.532601
-115.294183 50.030998 10.863953 1.446072
-111.331335 50.030998 0.000000 0.000000
-107.368487 50.030998 0.000000 0.000000
-103.405639 50.030998 0.000000 0.000000
-99.442791 50.030998 0.000000 0.000000
-95.479943 50.030998 11.839357 1.016334
-91.517095 50.030998 12.213723 0.971859
-87.554247 50.030998 12.358094 0.790953
-83.591400 50.030998 12.215892 0.716245
-79.628552 50.030998 12.312224 0.449635
-75.665704 50.030998 12.251482 0.121556
-71.702856 50.030998 12.292179 0.159762
-67.740008 50.030998 12.263321 -0.234183
-63.777160 50.030998 12.239758 -0.211778
-59.814312 50.030998 12.113076 0.031699
-55.851464 50.030998 12.157393 -0.308652
-51.888616 50.030998 12.008101 -0.541983
-47.925768 50.030998 11.898345 -0.381987
-43.962920 50.030998 11.771094 -0.448335
-40.000072 50.030998 11.835258 -0.544082
-36.037224 50.030998 11.636292 -0.468140
-32.074376 50.030998 11.519588 -0.524873
-28.111528 50.030998 11.471909 -0.416668
-24.148680 50.030998 11.499564 -0.531692
-20.185832 50.030998 11.129816 -0.593898
-16.222984 50.030998 11.321883 -0.574300
-12.260136 50.030998 11.034725 -0.681239
-8.297289 50.030998 0.000000 0.000000
-4.334441 50.030998 10.789078 -0.625054
-0.371593 50.030998 10.736325 -0.323454
3.591255 50.030998 10.621996 -0.139035
7.554103 50.030998 10.719025 -0.153573
11.516951 50.030998 10.883524 0.029456
15.479799 50.030998 10.818714 0.028087
19.442647 50.030998 10.937074 -0.472039
23.405495 50.030998 10.831202 -0.249553
27.368343 50.030998 10.623136 0.127043
31.331191 50.030998 10.841385 0.181668
35.294039 50.030998 10.950266 0.103402
39.256887 50.030998 11.006762 -0.099896
43.219735 50.030998 10.851833 -0.102580
47.182583 50.030998 10.773781 0.231842
51.145431 50.030998 10.783076 0.400711
55.108279 50.030998 11.005566 -0.498959
59.071127 50.030998 10.857652 -0.138786
63.033975 50.030998 10.788160 0.085078
66.996822 50.030998 10.670485 0.203046
-131.145575 46.068150 -13.892730 -7.436384
-127.182727 46.068150 -4.823098 -1.180882
-123.219879 46.068150 10.782107 0.699804
-119.257031 46.068150 10.631061 0.935831
-115.294183 46.068150 10.533333 1.420136
-111.331335 46.068150 10.672377 1.593557
-107.368487 46.068150 0.000000 0.000000
-103.405639 46.068150 0.000000 0.000000
-99.442791 46.068150 0.000000 0.000000
-95.479943 46.068150 12.378012 1.272178
-91.517095 46.068150 12.498980 1.094566
-87.554247 46.068150 12.927393 0.764006
-83.591400 46.068150 12.573459 0.452060
-79.628552 46.068150 12.343996 0.529952
-75.665704 46.068150 12.508698 0.161368
-71.702856 46.068150 12.390579 -0.165963
-67.740008 46.068150 12.313329 0.015371
-63.777160 46.068150 12.295375 -0.355004
-59.814312 46.068150 12.095922 -0.421662
-55.851464 46.068150 11.994919 -0.431622
-51.888616 46.068150 11.884009 -0.618206
-47.925768 46.068150 12.004056 -0.543433
-43.962920 46.068150 11.778735 -0.284455
-40.000072 46.068150 11.765626 -0.554501
-36.037224 46.068150 11.693460 -0.725627
-32.074376 46.068150 11.671655 -0.563401
-28.111528 46.068150 11.621204 -0.669594
-24.148680 46.068150 11.451928 -0.862650
-20.185832 46.068150 11.223693 -0.656459
-16.222984 46.068150 11.138129 -0.806129
-12.260136 46.068150 11.057748 -0.700678
-8.297289 46.068150 0.000000 0.000000
-4.334441 46.068150 10.961430 -0.784128
-0.371593 46.068150 10.705062 -0.446344
3.591255 46.068150 10.624515 -0.487940
7.554103 46.068150 10.554186 -0.400934
11.516951 46.068150 10.882393 0.245407
15.479799 46.068150 11.027868 -0.325273
19.442647 46.068150 10.758731 0.083333
23.405495 46.068150 10.586114 -0.122344
27.368343 46.068150 10.521906 0.072984
31.331191 46.068150 10.777164 0.285212
35.294039 46.068150 11.030823 -0.135382
39.256887 46.068150 11.019552 -0.243340
43.219735 46.068150 10.773470 -0.238681
47.182583 46.068150 10.305963 -0.166875
51.145431 46.068150 10.087527 1.218938
55.108279 46.068150 10.051118 -0.251988
59.071127 46.068150 10.818520 -0.200154
63.033975 46.068150 10.995855 0.272775
66.996822 46.068150 10.562446 0.295432
-131.145575 42.105302 14.186261 -5.763067
-127.182727 42.105302 -13.902077 12.243357
-123.219879 42.105302 10.199799 0.839825
-119.257031 42.105302 10.459360 0.960514
-115.294183 42.105302 10.094917 1.675751
-111.331335 42.105302 10.332943 2.379035
-107.368487 42.105302 0.000000 0.000000
-103.405639 42.105302 0.000000 0.000000
-99.442791 42.105302 12.319848 2.484334
-95.479943 42.105302 12.886961 1.761481
-91.517095 42.105302 12.956089 1.451279
-87.554247 42.105302 13.051494 0.820308
-83.591400 42.105302 12.995320 0.631693
-79.628552 42.105302 12.939366 0.274249
-75.665704 42.105302 12.651844 0.242699
-71.702856 42.105302 12.499187 -0.198474
-67.740008 42.105302 12.333179 -0.304823
-63.777160 42.105302 12.389907 -0.378374
-59.814312 42.105302 12.071866 -0.383774
-55.851464 42.105302 11.995449 -0.526306
-51.888616 42.105302 12.107988 -0.530981
-47.925768 42.105302 11.782845 -0.837889
-43.962920 42.105302 11.898777 -0.587353
-40.000072 42.105302 11.879856 -0.627036
-36.037224 42.105302 11.633407 -0.741389
-32.074376 42.105302 11.584159 -0.801151
-28.111528 42.105302 11.691754 -0.680852
-24.148680 42.105302 11.572194 -0.845193
-20.185832 42.105302 11.398438 -0.828240
-16.222984 42.105302 11.347661 -0.835543
-12.260136 42.105302 11.082361 -0.970910
-8.297289 42.105302 0.000000 0.000000
-4.334441 42.105302 10.991550 -0.848485
-0.371593 42.105302 10.723775 -0.846644
3.591255 42.105302 10.305271 -0.756673
7.554103 42.105302 10.100037 0.034536
11.516951 42.105302 11.019323 0.340593
15.479799 42.105302 11.328186 -0.271116
19.442647 42.105302 11.132776 -0.856986
23.405495 42.105302 10.430188 -0.480603
27.368343 42.105302 10.382770 -0.481670
31.331191 42.105302 10.823955 -0.662803
35.294039 42.105302 10.666705 -0.383144
39.256887 42.105302 10.953874 0.162133
43.219735 42.105302 11.044814 -0.306775
47.182583 42.105302 10.391599 -0.590192
51.145431 42.105302 8.831363 -0.338224
55.108279 42.105302 8.337211 -0.210514
59.071127 42.105302 10.026642 0.698131
63.033975 42.105302 10.724597 -0.320475
66.996822 42.105302 10.694695 -0.418603
-131.145575 38.142454 -11.735524 3.954835
-127.182727 38.142454 10.069212 -0.397880
-123.219879 38.142454 10.646605 0.804959
-119.257031 38.142454 10.047158 0.978473
-115.294183 38.142454 9.596257 1.833700
-111.331335 38.142454 9.352879 2.148900
-107.368487 38.142454 0.000000 0.000000
-103.405639 38.142454 0.000000 0.000000
-99.442791 38.142454 0.000000 0.000000
-95.479943 38.142454 0.000000 0.000000
-91.517095 38.142454 0.000000 0.000000
-87.554247 38.142454 0.000000 0.000000
-83.591400 38.142454 0.000000 0.000000
-79.628552 38.142454 0.000000 0.000000
-75.665704 38.142454 0.000000 0.000000
-71.702856 38.142454 0.000000 0.000000
-67.740008 38.142454 0.000000 0.000000
-63.777160 38.142454 0.000000 0.000000
-59.814312 38.142454 0.000000 0.000000
-55.851464 38.142454 0.000000 0.000000
-51.888616 38.142454 0.000000 0.000000
-47.925768 38.142454 0.000000 0.000000
-43.962920 38.142454 0.000000 0.000000
-40.000072 38.142454 0.000000 0.000000
-36.037224 38.142454 0.000000 0.000000
-32.074376 38.142454 0.000000 0.000000
-28.111528 38.142454 0.000000 0.000000
-24.148680 38.142454 11.693162 -1.076996
-20.185832 38.142454 11.054812 -0.758930
-16.222984 38.142454 11.586494 -0.524627
-12.260136 38.142454 10.871930 -1.811035
-8.297289 38.142454 0.000000 0.000000
-4.334441 38.142454 11.617774 -1.302636
-0.371593 38.142454 10.711507 -1.857307
3.591255 38.142454 9.510610 -1.349701
7.554103 38.142454 9.262516 -0.037470
11.516951 38.142454 6.524103 2.203023
15.479799 38.142454 8.521690 2.620658
19.442647 38.142454 10.766137 -1.150186
23.405495 38.142454 10.569471 -1.164802
27.368343 38.142454 10.599335 -1.678501
31.331191 38.142454 10.522706 -0.975812
35.294039 38.142454 9.378695 1.248346
39.256887 38.142454 10.632598 2.545915
43.219735 38.142454 11.254428 -0.513429
47.182583 38.142454 10.205494 -0.811025
51.145431 38.142454 10.136205 -1.154066
55.108279 38.142454 9.023751 0.148342
59.071127 38.142454 9.871999 1.549433
63.033975 38.142454 -10.600337 4.119104
66.996822 38.142454 -5.072156 -16.424929
-131.145575 34.179606 -13.183908 -17.396887
-127.182727 34.179606 -0.328111 -5.254179
-123.219879 34.179606 -10.564712 11.865175
-119.257031 34.179606 9.678095 0.655285
-115.294183 34.179606 0.000000 0.000000
-111.331335 34.179606 0.000000 0.000000
-107.368487 34.179606 0.000000 0.000000
-103.405639 34.179606 0.000000 0.000000
-99.442791 34.179606 0.000000 0.000000
-95.479943 34.179606 0.000000 0.000000
-91.517095 34.179606 0.000000 0.000000
-87.554247 34.179606 0.000000 0.000000
-83.591400 34.179606 0.000000 0.000000
-79.628552 34.179606 0.000000 0.000000
-75.665704 34.179606 0.000000 0.000000
-71.702856 34.179606 0.000000 0.000000
-67.740008 34.179606 0.000000 0.000000
-63.777160 34.179606 0.000000 0.000000
-59.814312 34.179606 0.000000 0.000000
-55.851464 34.179606 0.000000 0.000000
-51.888616 34.179606 0.000000 0.000000
-47.925768 34.179606 0.000000 0.000000
-43.962920 34.179606 0.000000 0.000000
-40.000072 34.179606 0.000000 0.000000
-36.037224 34.179606 0.000000 0.000000
-32.074376 34.179606 0.000000 0.000000
-28.111528 34.179606 0.000000 0.000000
-24.148680 34.179606 0.000000 0.000000
-20.185832 34.179606 0.000000 0.000000
-16.222984 34.179606 0.000000 0.000000
-12.260136 34.179606 0.000000 0.000000
-8.297289 34.179606 0.000000 0.000000
-4.334441 34.179606 0.000000 0.000000
-0.371593 34.179606 4.939322 -0.351359
3.591255 34.179606 9.279289 -2.322992
7.554103 34.179606 6.821433 -0.435363
11.516951 34.179606 8.394192 2.949297
15.479799 34.179606 8.587473 2.306321
19.442647 34.179606 9.663096 -0.369279
23.405495 34.179606 10.488003 -1.779027
27.368343 34.179606 10.754484 -1.656351
31.331191 34.179606 9.791253 -1.389728
35.294039 34.179606 9.620875 2.847914
39.256887 34.179606 9.717148 2.137834
43.219735 34.179606 9.839851 -0.554437
47.182583 34.179606 10.311200 -1.804156
51.145431 34.179606 10.420355 -0.060001
55.108279 34.179606 9.209012 0.286913
59.071127 34.179606 10.466990 2.002019
63.033975 34.179606 10.364492 2.151075
66.996822 34.179606 9.959638 -1.047705
-131.145575 30.216758 9.728303 -6.352210
-127.182727 30.216758 13.836263 1.505190
-123.219879 30.216758 0.000000 0.000000
-119.257031 30.216758 0.000000 0.000000
-115.294183 30.216758 0.000000 0.000000
-111.331335 30.216758 0.000000 0.000000
-107.368487 30.216758 0.000000 0.000000
-103.405639 30.216758 0.000000 0.000000
-99.442791 30.216758 0.000000 0.000000
-95.479943 30.216758 0.000000 0.000000
-91.517095 30.216758 0.000000 0.000000
-87.554247 30.216758 0.000000 0.000000
-83.591400 30.216758 0.000000 0.000000
-79.628552 30.216758 0.000000 0.000000
-75.665704 30.216758 0.000000 0.000000
-71.702856 30.216758 0.000000 0.000000
-67.740008 30.216758 0.000000 0.000000
-63.777160 30.216758 0.000000 0.000000
-59.814312 30.216758 0.000000 0.000000
-55.851464 30.216758 0.000000 0.000000
-51.888616 30.216758 0.000000 0.000000
-47.925768 30.216758 0.000000 0.000000
-43.962920 30.216758 0.000000 0.000000
-40.000072 30.216758 0.000000 0.000000
-36.037224 30.216758 0.000000 0.000000
-32.074376 30.216758 0.000000 0.000000
-28.111528 30.216758 0.000000 0.000000
-24.148680 30.216758 0.000000 0.000000
-20.185832 30.216758 0.000000 0.000000
-16.222984 30.216758 0.000000 0.000000
-12.260136 30.216758 0.000000 0.000000
-8.297289 30.216758 0.000000 0.000000
-4.334441 30.216758 0.000000 0.000000
-0.371593 30.216758 0.000000 0.000000
3.591255 30.216758 0.000000 0.000000
7.554103 30.216758 12.159328 0.407398
11.516951 30.216758 11.143391 1.713728
15.479799 30.216758 9.906388 1.356988
19.442647 30.216758 9.302970 0.110672
23.405495 30.216758 9.695702 -0.951907
27.368343 30.216758 10.732126 -1.192924
31.331191 30.216758 11.581645 0.439334
35.294039 30.216758 11.249586 1.282206
39.256887 30.216758 10.282957 1.414486
43.219735 30.216758 9.704844 -0.189461
47.182583 30.216758 10.468726 -1.147096
51.145431 30.216758 11.170537 0.048739
55.108279 30.216758 11.708312 0.139132
59.071127 30.216758 10.925119 1.690838
63.033975 30.216758 10.329154 1.342214
66.996822 30.216758 10.267533 1.006075
-131.145575 26.253910 13.133718 -1.626189
-127.182727 26.253910 10.300556 0.132373
-123.219879 26.253910 0.000000 0.000000
-119.257031 26.253910 0.000000 0.000000
-115.294183 26.253910 0.000000 0.000000
-111.331335 26.253910 0.000000 0.000000
-107.368487 26.253910 0.000000 0.000000
-103.405639 26.253910 0.000000 0.000000
-99.442791 26.253910 0.000000 0.000000
-95.479943 26.253910 0.000000 0.000000
-91.517095 26.253910 0.000000 0.000000
-87.554247 26.253910 0.000000 0.000000
-83.591400 26.253910 0.000000 0.000000
-79.628552 26.253910 0.000000 0.000000
-75.665704 26.253910 0.000000 0.000000
-71.702856 26.253910 0.000000 0.000000
-67.740008 26.253910 0.000000 0.000000
-63.777160 26.253910 0.000000 0.000000
-59.814312 26.253910 0.000000 0.000000
-55.851464 26.253910 0.000000 0.000000
-51.888616 26.253910 0.000000 0.000000
-47.925768 26.253910 0.000000 0.000000
-43.962920 26.253910 0.000000 0.000000
-40.000072 26.253910 0.000000 0.000000
-36.037224 26.253910 0.000000 0.000000
-32.074376 26.253910 0.000000 0.000000
-28.111528 26.253910 0.000000 0.000000
-24.148680 26.253910 0.000000 0.000000
-20.185832 26.253910 0.000000 0.000000
-16.222984 26.253910 0.000000 0.000000
-12.260136 26.253910 0.000000 0.000000
-8.297289 26.253910 0.000000 0.000000
-4.334441 26.253910 0.000000 0.000000
-0.371593 26.253910 0.000000 0.000000
3.591255 26.253910 0.000000 0.000000
7.554103 26.253910 0.000000 0.000000
11.516951 26.253910 10.727150 1.442832
15.479799 26.253910 10.056584 1.002542
19.442647 26.253910 10.306780 0.259538
23.405495 26.253910 10.041714 -0.628650
27.368343 26.253910 11.025976 -0.281071
31.331191 26.253910 11.127059 0.000733
35.294039 26.253910 10.698224 0.540042
39.256887 26.253910 10.532537 0.477387
43.219735 26.253910 10.094934 -0.083040
47.182583 26.253910 10.141577 -0.958591
51.145431 26.253910 10.868211 -0.075281
55.108279 26.253910 11.246113 0.471656
59.071127 26.253910 10.996696 0.775516
63.033975 26.253910 10.916404 0.055644
66.996822 26.253910 10.646257 0.458190
-131.145575 22.291062 14.777758 13.343241
-127.182727 22.291062 3.211997 8.078918
-123.219879 22.291062 0.000000 0.000000
-119.257031 22.291062 0.000000 0.000000
-115.294183 22.291062 0.000000 0.000000
-111.331335 22.291062 0.000000 0.000000
-107.368487 22.291062 0.000000 0.000000
-103.405639 22.291062 0.000000 0.000000
-99.442791 22.291062 0.000000 0.000000
-95.479943 22.291062 0.000000 0.000000
-91.517095 22.291062 0.000000 0.000000
-87.554247 22.291062 0.000000 0.000000
-83.591400 22.291062 0.000000 0.000000
-79.628552 22.291062 0.000000 0.000000
-75.665704 22.291062 0.000000 0.000000
-71.702856 22.291062 0.000000 0.000000
-67.740008 22.291062 0.000000 0.000000
-63.777160 22.291062 0.000000 0.000000
-59.814312 22.291062 0.000000 0.000000
-55.851464 22.291062 0.000000 0.000000
-51.888616 22.291062 0.000000 0.000000
-47.925768 22.291062 0.000000 0.000000
-43.962920 22.291062 0.000000 0.000000
-40.000072 22.291062 0.000000 0.000000
-36.037224 22.291062 0.000000 0.000000
-32.074376 22.291062 0.000000 0.000000
-28.111528 22.291062 0.000000 0.000000
-24.148680 22.291062 0.000000 0.000000
-20.185832 22.291062 0.000000 0.000000
-16.222984 22.291062 0.000000 0.000000
-12.260136 22.291062 0.000000 0.000000
-8.297289 22.291062 0.000000 0.000000
-4.334441 22.291062 10.541074 0.695777
-0.371593 22.291062 10.687701 0.653162
3.591255 22.291062 10.720283 0.678699
7.554103 22.291062 10.730821 0.270606
11.516951 22.291062 10.805388 0.319409
15.479799 22.291062 10.739791 0.464057
19.442647 22.291062 10.715551 0.579065
23.405495 22.291062 10.634133 0.790562
27.368343 22.291062 10.655426 -0.096100
31.331191 22.291062 10.929140 0.068782
35.294039 22.291062 10.919626 0.188480
39.256887 22.291062 10.411926 0.064259
43.219735 22.291062 10.584702 0.034439
47.182583 22.291062 10.813183 -0.255792
51.145431 22.291062 10.719832 0.210754
55.108279 22.291062 10.856799 -0.092923
59.071127 22.291062 11.229759 -0.179458
63.033975 22.291062 10.847105 0.151223
66.996822 22.291062 10.725848 -0.143372
-131.145575 18.328214 7.320982 1.527851
-127.182727 18.328214 -6.542234 -1.748251
-123.219879 18.328214 -12.742811 11.184021
-119.257031 18.328214 9.587503 -0.721023
-115.294183 18.328214 -4.985456 -2.335378
-111.331335 18.328214 10.656460 -1.413295
-107.368487 18.328214 0.000000 0.000000
-103.405639 18.328214 0.000000 0.000000
-99.442791 18.328214 0.000000 0.000000
-95.479943 18.328214 0.000000 0.000000
-91.517095 18.328214 0.000000 0.000000
-87.554247 18.328214 0.000000 0.000000
-83.591400 18.328214 0.000000 0.000000
-79.628552 18.328214 0.000000 0.000000
-75.665704 18.328214 0.000000 0.000000
-71.702856 18.328214 0.000000 0.000000
-67.740008 18.328214 0.000000 0.000000
-63.777160 18.328214 0.000000 0.000000
-59.814312 18.328214 0.000000 0.000000
-55.851464 18.328214 0.000000 0.000000
-51.888616 18.328214 12.057730 0.690430
-47.925768 18.328214 11.859434 0.650705
-43.962920 18.328214 11.452227 0.694208
-40.000072 18.328214 11.318733 0.704636
-36.037224 18.328214 11.477450 0.576964
-32.074376 18.328214 11.267646 0.610921
-28.111528 18.328214 11.314805 0.763370
-24.148680 18.328214 11.110122 0.891309
-20.185832 18.328214 11.344991 0.740597
-16.222984 18.328214 10.888151 0.837070
-12.260136 18.328214 10.997025 0.797785
-8.297289 18.328214 10.918349 0.666217
-4.334441 18.328214 10.761382 0.516563
-0.371593 18.328214 10.751975 0.614657
3.591255 18.328214 10.487415 0.537992
7.554103 18.328214 10.773175 0.604093
11.516951 18.328214 10.897317 0.531448
15.479799 18.328214 10.694826 0.484134
19.442647 18.328214 10.704418 0.209251
23.405495 18.328214 10.807336 0.411763
27.368343 18.328214 8.313400 10.092501
31.331191 18.328214 10.929260 -0.323223
35.294039 18.328214 10.681772 0.407987
39.256887 18.328214 10.886245 0.214762
43.219735 18.328214 10.749678 0.108689
47.182583 18.328214 11.089314 0.430715
51.145431 18.328214 10.844893 -0.272850
55.108279 18.328214 10.500015 0.480960
59.071127 18.328214 10.963599 0.250608
63.033975 18.328214 10.840009 0.274677
66.996822 18.328214 10.778069 0.183919
-131.145575 14.365366 0.683067 -11.621402
-127.182727 14.365366 -12.051358 -5.325293
-123.219879 14.365366 0.538916 15.044965
-119.257031 14.365366 9.468306 -0.114091
-115.294183 14.365366 10.726412 -0.932487
-111.331335 14.365366 11.084785 -0.742702
-107.368487 14.365366 10.699540 -0.768761
-103.405639 14.365366 11.027330 -0.884451
-99.442791 14.365366 11.665591 -1.022541
-95.479943 14.365366 11.409776 -0.827707
-91.517095 14.365366 11.971354 -0.436749
-87.554247 14.365366 11.707681 -0.125939
-83.591400 14.365366 11.990123 0.024582
-79.628552 14.365366 12.020638 -0.386169
-75.665704 14.365366 12.132570 0.104571
-71.702856 14.365366 12.140772 -0.012028
-67.740008 14.365366 11.912537 -0.059322
-63.777160 14.365366 12.018773 0.272645
-59.814312 14.365366 11.964485 0.269465
-55.851464 14.365366 11.705420 0.541728
-51.888616 14.365366 11.323792 0.720401
-47.925768 14.365366 11.510311 0.650870
-43.962920 14.365366 11.866144 0.621242
-40.000072 14.365366 11.368257 0.696482
-36.037224 14.365366 11.505823 0.692948
-32.074376 14.365366 11.288571 0.604194
-28.111528 14.365366 11.549328 0.628951
-24.148680 14.365366 11.161856 0.587571
-20.185832 14.365366 10.889826 0.978157
-16.222984 14.365366 11.027622 0.777995
-12.260136 14.365366 10.958873 0.697031
-8.297289 14.365366 10.809059 0.657656
-4.334441 14.365366 10.798145 0.732711
-0.371593 14.365366 10.769975 0.305371
3.591255 14.365366 10.736231 0.702778
7.554103 14.365366 10.767779 0.268581
11.516951 14.365366 10.761905 0.598828
15.479799 14.365366 10.704144 -0.141518
19.442647 14.365366 10.938590 0.392176
23.405495 14.365366 10.242185 -0.087444
27.368343 14.365366 10.730638 -0.147573
31.331191 14.365366 10.908922 -0.145468
35.294039 14.365366 10.942750 -0.262385
39.256887 14.365366 -2.540117 -1.934119
43.219735 14.365366 10.721191 0.257473
47.182583 14.365366 10.819055 -0.226212
51.145431 14.365366 11.267185 0.363504
55.108279 14.365366 10.647127 0.561506
59.071127 14.365366 10.989164 0.238443
63.033975 14.365366 10.965395 0.133883
66.996822 14.365366 10.192370 0.435680
-131.145575 10.402518 2.703884 -7.951917
-127.182727 10.402518 9.783796 -1.660906
-123.219879 10.402518 -3.992014 -17.241337
-119.257031 10.402518 10.652745 -0.843095
-115.294183 10.402518 10.479157 -0.013634
-111.331335 10.402518 10.706861 -0.501206
-107.368487 10.402518 10.977221 0.325774
-103.405639 10.402518 11.064944 -0.359961
-99.442791 10.402518 11.367745 -1.123927
-95.479943 10.402518 11.353639 -0.828867
-91.517095 10.402518 11.717705 -0.604223
-87.554247 10.402518 11.822903 -0.511559
-83.591400 10.402518 11.734191 -0.342777
-79.628552 10.402518 11.866150 -0.499417
-75.665704 10.402518 11.881038 -0.080686
-71.702856 10.402518 11.877080 0.225410
-67.740008 10.402518 12.075110 0.311942
-63.777160 10.402518 11.929006 0.114589
-59.814312 10.402518 12.023613 0.416242
-55.851464 10.402518 11.664709 0.414953
-51.888616 10.402518 11.520791 0.306704
-47.925768 10.402518 11.903605 0.634616
-43.962920 10.402518 11.609112 0.570527
-40.000072 10.402518 11.841519 0.540561
-36.037224 10.402518 11.557426 0.395634
-32.074376 10.402518 11.117635 0.701100
-28.111528 10.402518 11.374537 0.726244
-24.148680 10.402518 11.225645 0.535011
-20.185832 10.402518 11.062176 0.572426
-16.222984 10.402518 11.267771 0.743331
-12.260136 10.402518 10.912646 0.678714
-8.297289 10.402518 11.173562 0.565184
-4.334441 10.402518 10.722018 0.632756
-0.371593 10.402518 10.867455 0.502572
3.591255 10.402518 10.802084 0.275313
7.554103 10.402518 10.836013 0.380816
11.516951 10.402518 10.859474 0.521728
15.479799 10.402518 11.188375 0.039473
19.442647 10.402518 10.567406 0.416273
23.405495 10.402518 10.588814 0.790979
27.368343 10.402518 11.001840 0.324644
31.331191 10.402518 10.675476 0.533031
35.294039 10.402518 10.700476 0.190705
39.256887 10.402518 11.008738 -0.174256
43.219735 10.402518 10.957339 -0.032978
47.182583 10.402518 10.519785 0.249756
51.145431 10.402518 10.847628 0.217989
55.108279 10.402518 10.696769 0.341952
59.071127 10.402518 14.631008 -17.916044
63.033975 10.402518 10.912661 0.141193
66.996822 10.402518 11.225098 -0.098901
-131.145575 6.439670 -13.884620 -14.520082
-127.182727 6.439670 10.624119 0.618575
-123.219879 6.439670 -10.012084 0.613306
-119.257031 6.439670 9.826373 16.684483
-115.294183 6.439670 9.981718 -0.036385
-111.331335 6.439670 10.703910 -0.887089
-107.368487 6.439670 11.743719 -0.321894
-103.405639 6.439670 11.124678 -1.241646
-99.442791 6.439670 11.498993 -0.219334
-95.479943 6.439670 11.345258 -0.276605
-91.517095 6.439670 11.628861 -0.525496
-87.554247 6.439670 11.798036 -0.434959
-83.591400 6.439670 11.820702 -0.810416
-79.628552 6.439670 11.552785 -0.167866
-75.665704 6.439670 11.713567 -0.294988
-71.702856 6.439670 11.836116 -0.082206
-67.740008 6.439670 11.968096 -0.009567
-63.777160 6.439670 11.788778 0.279348
-59.814312 6.439670 11.732458 0.515016
-55.851464 6.439670 11.698626 0.174503
-51.888616 6.439670 11.611095 0.350402
-47.925768 6.439670 11.548914 0.306250
-43.962920 6.439670 11.638454 0.652503
-40.000072 6.439670 11.619141 0.530724
-36.037224 6.439670 11.732822 0.589812
-32.074376 6.439670 11.231755 0.773914
-28.111528 6.439670 10.971372 0.334770
-24.148680 6.439670 11.246763 0.639499
-20.185832 6.439670 11.238161 0.565551
-16.222984 6.439670 11.093470 0.662900
-12.260136 6.439670 11.220573 0.478858
-8.297289 6.439670 11.010445 0.466237
-4.334441 6.439670 11.173581 0.427481
-0.371593 6.439670 10.723001 0.652738
3.591255 6.439670 10.802474 0.504574
7.554103 6.439670 10.749379 0.554932
11.516951 6.439670 10.826526 0.348716
15.479799 6.439670 10.726294 0.390523
19.442647 6.439670 10.619351 0.379028
23.405495 6.439670 10.861357 0.105796
27.368343 6.439670 10.926619 0.144818
31.331191 6.439670 9.617362 0.210614
35.294039 6.439670 10.837763 0.244275
39.256887 6.439670 10.972864 0.201476
43.219735 6.439670 10.348554 0.345473
47.182583 6.439670 11.055243 0.189941
51.145431 6.439670 11.438963 0.246625
55.108279 6.439670 11.014669 0.183417
59.071127 6.439670 10.498929 0.528969
63.033975 6.439670 10.746670 -0.009707
66.996822 6.439670 10.744419 0.223139
-131.145575 2.476822 -5.519533 15.461350
-127.182727 2.476822 16.973875 7.837038
-123.219879 2.476822 11.579755 -1.501283
-119.257031 2.476822 2.962797 8.800935
-115.294183 2.476822 0.147377 -9.030712
-111.331335 2.476822 -16.717150 -2.543823
-107.368487 2.476822 11.960711 -0.030764
-103.405639 2.476822 11.227561 -0.170968
-99.442791 2.476822 11.209017 0.119956
-95.479943 2.476822 11.743735 0.516490
-91.517095 2.476822 11.554624 -0.185398
-87.554247 2.476822 11.152935 -0.140122
-83.591400 2.476822 11.713938 -0.392065
-79.628552 2.476822 11.615841 -0.053334
-75.665704 2.476822 11.911124 -0.000358
-71.702856 2.476822 11.325333 0.211544
-67.740008 2.476822 11.283201 0.317844
-63.777160 2.476822 11.868459 0.046034
-59.814312 2.476822 11.863011 0.318912
-55.851464 2.476822 11.500858 0.160362
-51.888616 2.476822 11.896858 0.426226
-47.925768 2.476822 11.622693 0.595347
-43.962920 2.476822 11.877007 0.297896
-40.000072 2.476822 11.143468 0.683455
-36.037224 2.476822 10.739186 0.598341
-32.074376 2.476822 11.081694 0.692497
-28.111528 2.476822 11.587656 0.647717
-24.148680 2.476822 11.244428 0.667864
-20.185832 2.476822 11.085702 0.533544
-16.222984 2.476822 11.237918 0.590743
-12.260136 2.476822 11.419756 0.845454
-8.297289 2.476822 10.904820 0.598842
-4.334441 2.476822 10.901234 0.729221
-0.371593 2.476822 10.832118 0.243617
3.591255 2.476822 11.073455 0.307127
7.554103 2.476822 10.820508 0.485228
11.516951 2.476822 10.928291 0.405731
15.479799 2.476822 10.924351 0.484446
19.442647 2.476822 10.628409 0.603225
23.405495 2.476822 10.700721 0.356855
27.368343 2.476822 11.097449 0.178179
31.331191 2.476822 10.265265 0.600197
35.294039 2.476822 11.253218 0.428964
39.256887 2.476822 10.803135 0.330217
43.219735 2.476822 10.896266 0.104367
47.182583 2.476822 10.847692 0.211578
51.145431 2.476822 10.932656 0.215809
55.108279 2.476822 10.691102 0.106653
59.071127 2.476822 10.455390 0.147555
63.033975 2.476822 11.258559 -0.013444
66.996822 2.476822 10.840508 -0.157590
-131.145575 -1.486026 8.793787 -3.420724
-127.182727 -1.486026 13.526335 14.770316
-123.219879 -1.486026 -0.196012 -8.400678
-119.257031 -1.486026 11.602768 -0.035498
-115.294183 -1.486026 9.764637 0.646167
-111.331335 -1.486026 10.959622 -0.378238
-107.368487 -1.486026 11.184579 -0.822898
-103.405639 -1.486026 11.889028 -0.859427
-99.442791 -1.486026 11.696446 0.285178
-95.479943 -1.486026 11.511446 -0.570259
-91.517095 -1.486026 11.402332 -0.411239
-87.554247 -1.486026 11.953701 -0.605290
-83.591400 -1.486026 11.825783 -0.244637
-79.628552 -1.486026 11.480103 -0.119385
-75.665704 -1.486026 11.731123 0.151703
-71.702856 -1.486026 11.715405 0.048733
-67.740008 -1.486026 11.651484 0.154382
-63.777160 -1.486026 11.379245 0.524941
-59.814312 -1.486026 11.782818 0.417285
-55.851464 -1.486026 11.608523 -0.167151
-51.888616 -1.486026 11.179626 0.300381
-47.925768 -1.486026 11.591426 0.479670
-43.962920 -1.486026 11.552179 0.433312
-40.000072 -1.486026 11.429134 0.255975
-36.037224 -1.486026 11.335467 0.746373
-32.074376 -1.486026 11.508075 0.395263
-28.111528 -1.486026 11.739036 0.459100
-24.148680 -1.486026 11.257636 0.965747
-20.185832 -1.486026 11.191152 0.620914
-16.222984 -1.486026 10.796504 0.738089
-12.260136 -1.486026 11.345325 0.524620
-8.297289 -1.486026 10.896274 0.564544
-4.334441 -1.486026 10.849999 0.399694
-0.371593 -1.486026 10.929212 0.514136
3.591255 -1.486026 10.807486 0.528455
7.554103 -1.486026 10.897305 0.560371
11.516951 -1.486026 10.967275 0.390326
15.479799 -1.486026 11.454056 0.106196
19.442647 -1.486026 11.087705 0.425421
23.405495 -1.486026 11.036759 0.158470
27.368343 -1.486026 10.727588 0.256989
31.331191 -1.486026 11.142774 0.353639
35.294039 -1.486026 10.712493 0.322455
39.256887 -1.486026 10.948728 0.104192
43.219735 -1.486026 10.709848 0.085941
47.182583 -1.486026 10.800310 0.220993
51.145431 -1.486026 10.423879 0.325595
55.108279 -1.486026 10.131234 0.222895
59.071127 -1.486026 10.692789 0.547879
63.033975 -1.486026 10.972263 -0.162159
66.996822 -1.486026 11.180433 -0.026451
-131.145575 -5.448874 -15.450838 -16.152786
-127.182727 -5.448874 7.801033 -12.659207
-123.219879 -5.448874 -15.458676 -16.724249
-119.257031 -5.448874 11.085243 -1.442278
-115.294183 -5.448874 1.276538 -1.284477
-111.331335 -5.448874 11.004173 -0.603507
-107.368487 -5.448874 11.158570 -0.361465
-103.405639 -5.448874 11.194372 -0.482476
-99.442791 -5.448874 11.219511 0.081602
-95.479943 -5.448874 11.591824 -0.215784
-91.517095 -5.448874 11.377295 0.178469
-87.554247 -5.448874 11.428571 -0.462119
-83.591400 -5.448874 11.508484 -0.171015
-79.628552 -5.448874 11.306494 0.046155
-75.665704 -5.448874 11.466806 0.472278
-71.702856 -5.448874 11.546026 -0.234322
-67.740008 -5.448874 11.774631 0.270092
-63.777160 -5.448874 11.377627 0.232391
-59.814312 -5.448874 11.566007 0.331410
-55.851464 -5.448874 11.289659 0.147842
-51.888616 -5.448874 11.392496 0.345849
-47.925768 -5.448874 11.603185 0.488398
-43.962920 -5.448874 11.277236 0.346470
-40.000072 -5.448874 11.799803 0.592424
-36.037224 -5.448874 11.295831 0.558506
-32.074376 -5.448874 11.647184 0.625043
-28.111528 -5.448874 11.429701 0.229029
-24.148680 -5.448874 11.183661 0.673334
-20.185832 -5.448874 11.336335 0.335135
-16.222984 -5.448874 11.293337 0.597050
-12.260136 -5.448874 11.205997 0.520051
-8.297289 -5.448874 10.849004 0.397605
-4.334441 -5.448874 11.118165 0.499579
-0.371593 -5.448874 10.945556 0.377204
3.591255 -5.448874 11.317319 0.151167
7.554103 -5.448874 10.823829 0.221182
11.516951 -5.448874 10.983283 0.445129
15.479799 -5.448874 11.102267 0.428713
19.442647 -5.448874 10.979260 0.299452
23.405495 -5.448874 10.729049 0.250343
27.368343 -5.448874 10.798842 0.432615
31.331191 -5.448874 10.723824 0.502192
35.294039 -5.448874 11.157852 0.048892
39.256887 -5.448874 11.090250 0.309422
43.219735 -5.448874 11.291445 -0.266146
47.182583 -5.448874 10.976077 0.324909
51.145431 -5.448874 10.691369 0.096925
55.108279 -5.448874 10.520361 -0.050411
59.071127 -5.448874 10.766075 0.448865
63.033975 -5.448874 11.282267 0.517009
66.996822 -5.448874 11.012811 -0.305941
-131.145575 -9.411722 3.195774 -10.671379
-127.182727 -9.411722 -4.444881 16.113640
-123.219879 -9.411722 -2.297164 5.313581
-119.257031 -9.411722 9.961489 1.216770
-115.294183 -9.411722 9.853524 -3.396732
-111.331335 -9.411722 12.631504 -14.343570
-107.368487 -9.411722 9.489645 0.844173
-103.405639 -9.411722 -14.549279 2.753059
-99.442791 -9.411722 11.360006 -0.692825
-95.479943 -9.411722 12.045326 -1.049412
-91.517095 -9.411722 11.763721 0.354172
-87.554247 -9.411722 10.757800 -0.089847
-83.591400 -9.411722 10.814516 -0.423732
-79.628552 -9.411722 11.063951 -0.073757
-75.665704 -9.411722 11.439411 -0.121283
-71.702856 -9.411722 11.742700 0.113579
-67.740008 -9.411722 11.193211 0.354014
-63.777160 -9.411722 11.623631 0.577441
-59.814312 -9.411722 11.483088 0.490512
-55.851464 -9.411722 11.677341 0.313558
-51.888616 -9.411722 10.616305 0.840859
-47.925768 -9.411722 11.431229 0.389219
-43.962920 -9.411722 11.284404 0.536648
-40.000072 -9.411722 11.336094 0.383826
-36.037224 -9.411722 11.220171 0.439718
-32.074376 -9.411722 11.063369 0.256199
-28.111528 -9.411722 10.996597 0.250558
-24.148680 -9.411722 11.406753 0.517095
-20.185832 -9.411722 11.132134 0.564581
-16.222984 -9.411722 11.174801 0.568114
-12.260136 -9.411722 10.859604 0.459082
-8.297289 -9.411722 10.828438 0.451477
-4.334441 -9.411722 11.240531 0.117844
-0.371593 -9.411722 10.926453 0.473676
3.591255 -9.411722 11.072414 0.328874
7.554103 -9.411722 10.787702 -0.015797
11.516951 -9.411722 10.702281 0.430564
15.479799 -9.411722 10.862291 -0.028618
19.442647 -9.411722 11.198316 0.014016
23.405495 -9.411722 10.844465 0.494919
27.368343 -9.411722 10.877052 0.164694
31.331191 -9.411722 10.549327 0.323142
35.294039 -9.411722 10.872234 0.202948
39.256887 -9.411722 10.967174 0.202177
43.219735 -9.411722 10.836661 0.405799
47.182583 -9.411722 10.797894 -0.274250
51.145431 -9.411722 11.458212 -0.032374
55.108279 -9.411722 11.100036 -0.546121
59.071127 -9.411722 11.074668 0.405725
63.033975 -9.411722 10.922569 -0.061513
66.996822 -9.411722 10.647670 0.419309
-131.145575 -13.374570 2.964981 -16.194952
-127.182727 -13.374570 -15.360836 -15.525744
-123.219879 -13.374570 10.664560 -0.923886
-119.257031 -13.374570 10.512239 1.280699
-115.294183 -13.374570 11.027020 -0.111284
-111.331335 -13.374570 10.970196 -0.463966
-107.368487 -13.374570 11.210046 -0.252939
-103.405639 -13.374570 11.600724 -0.184475
-99.442791 -13.374570 11.551408 -0.305015
-95.479943 -13.374570 11.055087 -0.320333
-91.517095 -13.374570 12.040393 -0.341382
-87.554247 -13.374570 10.924143 -0.050093
-83.591400 -13.374570 10.711404 -0.506490
-79.628552 -13.374570 11.791758 -0.262722
-75.665704 -13.374570 11.600464 0.296134
-71.702856 -13.374570 11.452516 -0.035557
-67.740008 -13.374570 11.411002 0.339556
-63.777160 -13.374570 11.472516 0.295362
-59.814312 -13.374570 11.469893 0.325146
-55.851464 -13.374570 11.029712 0.238504
-51.888616 -13.374570 11.245954 0.552754
-47.925768 -13.374570 11.578571 0.170444
-43.962920 -13.374570 11.530066 0.663479
-40.000072 -13.374570 10.904620 0.842140
-36.037224 -13.374570 11.250875 0.310872
-32.074376 -13.374570 11.269620 0.707217
-28.111528 -13.374570 11.204633 0.590600
-24.148680 -13.374570 11.233073 0.529077
-20.185832 -13.374570 11.003221 0.588300
-16.222984 -13.374570 10.926925 0.602625
-12.260136 -13.374570 10.963770 0.124790
-8.297289 -13.374570 11.157671 0.457723
-4.334441 -13.374570 11.058739 0.248490
-0.371593 -13.374570 10.909489 0.480415
3.591255 -13.374570 10.363504 0.680501
7.554103 -13.374570 10.925301 0.527017
11.516951 -13.374570 10.706839 0.683220
15.479799 -13.374570 10.639991 0.764252
19.442647 -13.374570 10.862820 0.431928
23.405495 -13.374570 11.038268 0.417143
27.368343 -13.374570 10.526827 0.209292
31.331191 -13.374570 10.950299 0.015826
35.294039 -13.374570 10.614587 0.505112
39.256887 -13.374570 11.079495 -0.319977
43.219735 -13.374570 10.779833 0.243321
47.182583 -13.374570 10.828406 0.243692
51.145431 -13.374570 10.661371 -0.269857
55.108279 -13.374570 10.806476 -0.252910
59.071127 -13.374570 11.534057 0.465539
63.033975 -13.374570 10.812643 0.797222
66.996822 -13.374570 11.240610 0.072537
-131.145575 -17.337417 -15.433855 3.805452
-127.182727 -17.337417 12.132686 5.429602
-123.219879 -17.337417 -12.251886 -17.130384
-119.257031 -17.337417 8.111304 0.440336
-115.294183 -17.337417 11.056236 -1.628001
-111.331335 -17.337417 10.325596 0.598285
-107.368487 -17.337417 11.985808 0.336390
-103.405639 -17.337417 11.241849 -1.323660
-99.442791 -17.337417 11.283575 0.065707
-95.479943 -17.337417 11.716242 -0.372102
-91.517095 -17.337417 11.336760 -0.245565
-87.554247 -17.337417 11.043400 -0.149084
-83.591400 -17.337417 10.727757 0.563585
-79.628552 -17.337417 11.496609 0.151551
-75.665704 -17.337417 11.604041 -0.093229
-71.702856 -17.337417 11.411499 0.481084
-67.740008 -17.337417 11.363832 -0.025920
-63.777160 -17.337417 11.605470 0.326525
-59.814312 -17.337417 11.502135 0.560034
-55.851464 -17.337417 11.161960 0.257891
-51.888616 -17.337417 11.192818 0.155175
-47.925768 -17.337417 11.070232 0.668287
-43.962920 -17.337417 10.957940 0.368297
-40.000072 -17.337417 11.420805 0.582921
-36.037224 -17.337417 11.323641 0.303417
-32.074376 -17.337417 11.437877 0.422702
-28.111528 -17.337417 11.541136 0.653306
-24.148680 -17.337417 11.526672 0.563218
-20.185832 -17.337417 11.218809 -0.006358
-16.222984 -17.337417 10.952168 0.527130
-12.260136 -17.337417 11.392903 0.312551
-8.297289 -17.337417 11.228773 0.397235
-4.334441 -17.337417 11.143536 0.371767
-0.371593 -17.337417 10.596377 -0.055509
3.591255 -17.337417 10.416064 0.550304
7.554103 -17.337417 10.875847 0.427804
11.516951 -17.337417 10.938749 0.644248
15.479799 -17.337417 10.410989 0.598727
19.442647 -17.337417 10.971895 0.010994
23.405495 -17.337417 10.748762 0.337958
27.368343 -17.337417 10.710707 0.512048
31.331191 -17.337417 10.822263 0.717686
35.294039 -17.337417 10.717060 -0.182244
39.256887 -17.337417 11.000654 -0.275253
43.219735 -17.337417 11.065121 0.372336
47.182583 -17.337417 10.531397 0.982813
51.145431 -17.337417 10.624201 -0.038130
55.108279 -17.337417 10.938200 0.702240
59.071127 -17.337417 10.778801 -0.200916
63.033975 -17.337417 11.157816 0.147673
66.996822 -17.337417 10.757707 0.799618
-131.145575 -21.300265 10.186503 -7.690811
-127.182727 -21.300265 -10.750875 -4.180532
-123.219879 -21.300265 8.696465 -4.042522
-119.257031 -21.300265 9.337396 -0.459253
-115.294183 -21.300265 9.687861 -1.227612
-111.331335 -21.300265 10.672051 0.508685
-107.368487 -21.300265 11.098685 -0.175326
-103.405639 -21.300265 10.459968 0.483057
-99.442791 -21.300265 10.357435 0.206656
-95.479943 -21.300265 10.629026 0.821335
-91.517095 -21.300265 10.078238 -0.559437
-87.554247 -21.300265 11.442658 0.179379
-83.591400 -21.300265 11.271066 -0.386020
-79.628552 -21.300265 11.364593 -0.165528
-75.665704 -21.300265 11.049584 0.383375
-71.702856 -21.300265 11.272401 0.382593
-67.740008 -21.300265 11.428606 -0.074581
-63.777160 -21.300265 10.829669 -0.053153
-59.814312 -21.300265 11.516284 0.007691
-55.851464 -21.300265 12.023119 0.271347
-51.888616 -21.300265 11.245657 0.262175
-47.925768 -21.300265 11.180072 0.314846
-43.962920 -21.300265 11.147096 0.262290
-40.000072 -21.300265 10.955575 0.350636
-36.037224 -21.300265 11.459393 0.323142
-32.074376 -21.300265 11.331178 0.465820
-28.111528 -21.300265 10.911436 0.307368
-24.148680 -21.300265 11.405558 0.366200
-20.185832 -21.300265 11.177315 0.334239
-16.222984 -21.300265 11.145003 0.467641
-12.260136 -21.300265 11.270974 0.512657
-8.297289 -21.300265 11.391274 0.497881
-4.334441 -21.300265 10.617780 0.916958
-0.371593 -21.300265 11.012763 0.361906
3.591255 -21.300265 11.060189 0.164934
7.554103 -21.300265 11.174886 0.966051
11.516951 -21.300265 10.781566 -0.102262
15.479799 -21.300265 10.425007 -0.104736
19.442647 -21.300265 11.019697 0.324023
23.405495 -21.300265 10.346204 -0.175305
27.368343 -21.300265 10.868529 0.405191
31.331191 -21.300265 10.532137 0.972214
35.294039 -21.300265 11.273587 0.167639
39.256887 -21.300265 11.233334 0.527529
43.219735 -21.300265 10.746660 0.517109
47.182583 -21.300265 9.892211 0.013221
51.145431 -21.300265 10.760476 -0.559031
55.108279 -21.300265 11.026590 0.174439
59.071127 -21.300265 11.046624 0.298970
63.033975 -21.300265 11.403296 0.134083
66.996822 -21.300265 11.333737 0.463870
-131.145575 -25.263113 -10.776388 4.848790
-127.182727 -25.263113 10.451285 0.009846
-123.219879 -25.263113 4.135791 2.774995
-119.257031 -25.263113 8.253345 2.222376
-115.294183 -25.263113 11.564987 -2.622033
-111.331335 -25.263113 12.264446 -0.628064
-107.368487 -25.263113 10.980728 0.559437
-103.405639 -25.263113 11.236214 -0.243157
-99.442791 -25.263113 11.642952 -0.195845
-95.479943 -25.263113 11.729337 -0.087665
-91.517095 -25.263113 10.805909 -0.089615
-87.554247 -25.263113 11.317884 0.396218
-83.591400 -25.263113 11.344986 0.338237
-79.628552 -25.263113 10.506002 0.179098
-75.665704 -25.263113 11.512093 -0.378047
-71.702856 -25.263113 11.526426 -0.058098
-67.740008 -25.263113 11.350702 0.266738
-63.777160 -25.263113 11.316248 0.509148
-59.814312 -25.263113 11.241090 0.483059
-55.851464 -25.263113 11.798665 0.765285
-51.888616 -25.263113 11.069618 -0.172506
-47.925768 -25.263113 11.544874 0.300673
-43.962920 -25.263113 11.139908 0.422264
-40.000072 -25.263113 11.090375 0.336677
-36.037224 -25.263113 10.859850 -0.291960
-32.074376 -25.263113 10.734160 0.117787
-28.111528 -25.263113 11.012722 0.105026
-24.148680 -25.263113 11.141497 0.404073
-20.185832 -25.263113 10.925322 -0.078903
-16.222984 -25.263113 11.264698 0.255711
-12.260136 -25.263113 10.787550 0.341850
-8.297289 -25.263113 10.782026 0.291745
-4.334441 -25.263113 10.707446 0.554540
-0.371593 -25.263113 11.517973 -0.180361
3.591255 -25.263113 10.761426 0.832442
7.554103 -25.263113 10.620986 0.212731
11.516951 -25.263113 11.070633 0.297566
15.479799 -25.263113 11.140446 0.484878
19.442647 -25.263113 10.581692 -0.227706
23.405495 -25.263113 11.094487 -0.070704
27.368343 -25.263113 10.655474 -0.090133
31.331191 -25.263113 11.033335 0.672579
35.294039 -25.263113 11.133328 0.066976
39.256887 -25.263113 11.176633 0.444645
43.219735 -25.263113 11.281558 -0.169659
47.182583 -25.263113 11.104549 0.435758
51.145431 -25.263113 11.457259 -0.055328
55.108279 -25.263113 11.097037 -0.129801
59.071127 -25.263113 10.574138 -0.260911
63.033975 -25.263113 10.721483 0.475486
66.996822 -25.263113 10.478545 0.519985
-131.145575 -29.225961 12.155402 -1.478048
-127.182727 -29.225961 -12.724048 -3.842506
-123.219879 -29.225961 -6.162745 6.465133
-119.257031 -29.225961 12.356382 1.905948
-115.294183 -29.225961 12.797724 -15.008428
-111.331335 -29.225961 2.437319 -10.686439
-107.368487 -29.225961 10.834745 0.489538
-103.405639 -29.225961 0.665334 6.758189
-99.442791 -29.225961 11.000442 -0.091954
-95.479943 -29.225961 10.476482 -0.043341
-91.517095 -29.225961 11.116839 0.669525
-87.554247 -29.225961 11.039729 -0.163027
-83.591400 -29.225961 11.296441 0.890345
-79.628552 -29.225961 11.223037 0.011755
-75.665704 -29.225961 12.533776 0.556879
-71.702856 -29.225961 11.355764 -0.512822
-67.740008 -29.225961 10.959837 0.415005
-63.777160 -29.225961 11.231383 -0.081744
-59.814312 -29.225961 10.928556 0.585634
-55.851464 -29.225961 10.643555 0.626676
-51.888616 -29.225961 11.426818 0.042715
-47.925768 -29.225961 10.827862 0.377863
-43.962920 -29.225961 11.196929 0.349102
-40.000072 -29.225961 11.315798 0.267576
-36.037224 -29.225961 10.324003 0.234069
-32.074376 -29.225961 10.816994 0.316366
-28.111528 -29.225961 10.930128 0.431627
-24.148680 -29.225961 11.042216 0.139161
-20.185832 -29.225961 10.940378 0.447590
-16.222984 -29.225961 11.047760 0.426244
-12.260136 -29.225961 11.355771 0.226081
-8.297289 -29.225961 11.500254 0.306011
-4.334441 -29.225961 10.704845 0.516700
-0.371593 -29.225961 10.715804 0.216958
3.591255 -29.225961 10.980748 0.454511
7.554103 -29.225961 11.157650 -0.345002
11.516951 -29.225961 10.977532 0.567189
15.479799 -29.225961 10.820891 0.091079
19.442647 -29.225961 10.762370 0.587554
23.405495 -29.225961 10.932996 1.512721
27.368343 -29.225961 11.556328 -0.116381
31.331191 -29.225961 11.643829 0.318265
35.294039 -29.225961 11.119539 0.359451
39.256887 -29.225961 11.405039 -0.016748
43.219735 -29.225961 10.951439 -0.103893
47.182583 -29.225961 10.697019 0.284159
51.145431 -29.225961 7.416398 -11.630397
55.108279 -29.225961 10.529970 0.053929
59.071127 -29.225961 10.395257 0.126577
63.033975 -29.225961 10.589862 0.199040
66.996822 -29.225961 10.784670 1.225930
-131.145575 -33.188809 15.946703 -15.383822
-127.182727 -33.188809 -2.281480 -10.880633
-123.219879 -33.188809 -16.309628 -13.038548
-119.257031 -33.188809 0.178565 1.830730
-115.294183 -33.188809 7.084084 -12.750649
-111.331335 -33.188809 12.744509 0.046542
-107.368487 -33.188809 10.724607 -1.834928
-103.405639 -33.188809 9.518101 -0.054520
-99.442791 -33.188809 11.662718 0.027721
-95.479943 -33.188809 11.520646 0.241582
-91.517095 -33.188809 9.998124 0.192958
-87.554247 -33.188809 11.124196 -0.154153
-83.591400 -33.188809 11.043185 0.059586
-79.628552 -33.188809 10.595552 0.058236
-75.665704 -33.188809 11.249875 0.176203
-71.702856 -33.188809 10.904429 0.734968
-67.740008 -33.188809 11.711995 -0.661166
-63.777160 -33.188809 11.228238 0.312896
-59.814312 -33.188809 11.044723 0.325285
-55.851464 -33.188809 11.334366 -0.000309
-51.888616 -33.188809 11.194847 0.172367
-47.925768 -33.188809 9.926663 -0.051339
-43.962920 -33.188809 10.905662 -0.200693
-40.000072 -33.188809 11.215799 0.109151
-36.037224 -33.188809 10.785872 0.579202
-32.074376 -33.188809 11.101183 0.535222
-28.111528 -33.188809 11.373381 0.387058
-24.148680 -33.188809 11.450328 0.388157
-20.185832 -33.188809 11.300478 0.589302
-16.222984 -33.188809 11.006766 0.216761
-12.260136 -33.188809 11.571705 0.256216
-8.297289 -33.188809 10.929819 0.259884
-4.334441 -33.188809 11.035986 0.146714
-0.371593 -33.188809 11.054380 0.496252
3.591255 -33.188809 11.045027 -0.016911
7.554103 -33.188809 11.216450 -0.018161
11.516951 -33.188809 9.412267 0.545859
15.479799 -33.188809 11.007010 0.491002
19.442647 -33.188809 10.861475 0.287865
23.405495 -33.188809 10.617865 0.653956
27.368343 -33.188809 10.739859 -0.185774
31.331191 -33.188809 10.488215 0.585991
35.294039 -33.188809 11.579545 0.376390
39.256887 -33.188809 10.572086 0.072857
43.219735 -33.188809 9.619760 -0.356967
47.182583 -33.188809 10.720022 -0.160677
51.145431 -33.188809 10.152254 -0.332567
55.108279 -33.188809 11.515484 -0.290689
59.071127 -33.188809 10.535364 -0.092635
63.033975 -33.188809 8.246155 1.635282
66.996822 -33.188809 11.888485 1.151233
-131.145575 -37.151657 -14.528419 -1.580320
-127.182727 -37.151657 8.133404 7.455849
-123.219879 -37.151657 -0.260030 -15.154370
-119.257031 -37.151657 4.060657 -10.123881
-115.294183 -37.151657 9.973981 0.082278
-111.331335 -37.151657 11.640016 -0.137604
-107.368487 -37.151657 9.185805 2.955598
-103.405639 -37.151657 -9.506380 -13.825079
-99.442791 -37.151657 11.864409 -0.017101
-95.479943 -37.151657 11.639215 -0.315518
-91.517095 -37.151657 10.889691 0.141772
-87.554247 -37.151657 11.057953 0.086796
-83.591400 -37.151657 11.591515 0.359699
-79.628552 -37.151657 10.468302 -0.077536
-75.665704 -37.151657 11.021305 -0.392517
-71.702856 -37.151657 11.112185 -0.183301
-67.740008 -37.151657 10.576977 -0.121528
-63.777160 -37.151657 10.757868 0.459861
-59.814312 -37.151657 10.885712 0.057076
-55.851464 -37.151657 11.075704 0.796306
-51.888616 -37.151657 11.847655 -0.510683
-47.925768 -37.151657 10.257498 -0.079184
-43.962920 -37.151657 11.277572 0.489012
-40.000072 -37.151657 11.207211 -0.205203
-36.037224 -37.151657 11.676646 0.305963
-32.074376 -37.151657 10.877278 0.823647
-28.111528 -37.151657 11.519172 0.164868
-24.148680 -37.151657 11.045593 -0.068839
-20.185832 -37.151657 10.857225 0.466222
-16.222984 -37.151657 11.187108 0.454092
-12.260136 -37.151657 11.331317 0.636387
-8.297289 -37.151657 10.830641 0.972705
-4.334441 -37.151657 11.433249 1.265634
-0.371593 -37.151657 10.486740 0.381287
3.591255 -37.151657 11.372129 0.574199
7.554103 -37.151657 10.666886 0.274765
11.516951 -37.151657 10.881506 0.608775
15.479799 -37.151657 11.119566 0.106070
19.442647 -37.151657 11.136673 0.177356
23.405495 -37.151657 11.318707 0.253084
27.368343 -37.151657 11.769735 0.075412
31.331191 -37.151657 10.182529 -0.485755
35.294039 -37.151657 11.493201 -0.313038
39.256887 -37.151657 11.515730 0.558648
43.219735 -37.151657 11.291350 0.502864
47.182583 -37.151657 10.621757 0.291937
51.145431 -37.151657 10.906741 -0.076000
55.108279 -37.151657 10.700109 -0.068266
59.071127 -37.151657 12.030976 0.235963
63.033975 -37.151657 15.845841 17.081734
66.996822 -37.151657 1.947710 4.387273
-131.145575 -41.114505 -1.619791 9.060212
-127.182727 -41.114505 0.441141 -2.475481
-123.219879 -41.114505 1.283964 9.878917
-119.257031 -41.114505 2.872498 -15.098689
-115.294183 -41.114505 9.346080 -0.589613
-111.331335 -41.114505 10.803615 -1.477518
-107.368487 -41.114505 10.590125 -0.019778
-103.405639 -41.114505 11.518086 0.443884
-99.442791 -41.114505 10.841763 0.777942
-95.479943 -41.114505 10.697774 0.326802
-91.517095 -41.114505 10.911636 0.393385
-87.554247 -41.114505 11.531109 0.061072
-83.591400 -41.114505 11.033267 -0.162619
-79.628552 -41.114505 11.524411 -0.371290
-75.665704 -41.114505 11.830236 0.704923
-71.702856 -41.114505 10.891757 0.020232
-67.740008 -41.114505 11.336487 0.464398
-63.777160 -41.114505 10.462054 0.328662
-59.814312 -41.114505 11.407331 0.176402
-55.851464 -41.114505 11.408853 0.799832
-51.888616 -41.114505 11.586802 0.712003
-47.925768 -41.114505 11.128715 0.039674
-43.962920 -41.114505 9.882577 0.130325
-40.000072 -41.114505 10.742990 -0.443444
-36.037224 -41.114505 11.100069 0.816636
-32.074376 -41.114505 11.605902 0.464205
-28.111528 -41.114505 11.088604 0.278701
-24.148680 -41.114505 10.524220 0.545425
-20.185832 -41.114505 11.242666 0.376048
-16.222984 -41.114505 10.695322 0.285157
-12.260136 -41.114505 10.679383 -0.206312
-8.297289 -41.114505 11.125907 0.529279
-4.334441 -41.114505 11.600514 0.664102
-0.371593 -41.114505 10.599212 -0.104403
3.591255 -41.114505 11.080780 0.708749
7.554103 -41.114505 10.153520 1.866973
11.516951 -41.114505 11.185702 0.462742
15.479799 -41.114505 10.505186 0.194124
19.442647 -41.114505 10.789119 0.530366
23.405495 -41.114505 10.959929 0.351705
27.368343 -41.114505 10.607057 0.340038
31.331191 -41.114505 10.894707 -0.166329
35.294039 -41.114505 10.933199 0.321007
39.256887 -41.114505 10.097819 0.408745
43.219735 -41.114505 11.825286 -0.375413
47.182583 -41.114505 10.931839 -0.058651
51.145431 -41.114505 11.068774 0.743428
55.108279 -41.114505 10.949188 -0.265545
59.071127 -41.114505 11.360314 -0.583508
63.033975 -41.114505 10.775856 0.438166
66.996822 -41.114505 11.001022 0.157832
-131.145575 -45.077353 5.208305 -1.253050
-127.182727 -45.077353 3.981676 17.029989
-123.219879 -45.077353 -14.641938 -12.623572
-119.257031 -45.077353 1.504281 -15.985453
-115.294183 -45.077353 6.548591 -5.905652
-111.331335 -45.077353 8.619990 10.306488
-107.368487 -45.077353 12.042741 0.657605
-103.405639 -45.077353 -9.639562 16.027594
-99.442791 -45.077353 8.381892 -0.505497
-95.479943 -45.077353 10.269375 0.248295
-91.517095 -45.077353 11.101600 0.368717
-87.554247 -45.077353 9.652724 1.552695
-83.591400 -45.077353 11.254081 -0.276203
-79.628552 -45.077353 11.338027 -0.504801
-75.665704 -45.077353 11.312467 0.067038
-71.702856 -45.077353 11.431462 -0.671707
-67.740008 -45.077353 10.627365 0.197790
-63.777160 -45.077353 10.959419 0.333716
-59.814312 -45.077353 11.084557 -0.052307
-55.851464 -45.077353 11.742343 0.573954
-51.888616 -45.077353 10.993211 0.268271
-47.925768 -45.077353 11.211186 0.045631
-43.962920 -45.077353 10.999538 0.309544
-40.000072 -45.077353 11.452309 0.227500
-36.037224 -45.077353 10.970289 0.181780
-32.074376 -45.077353 11.381781 -0.193651
-28.111528 -45.077353 11.339163 0.307498
-24.148680 -45.077353 10.579388 0.300746
-20.185832 -45.077353 11.061428 0.811768
-16.222984 -45.077353 11.143383 -0.220085
-12.260136 -45.077353 9.879562 0.084886
-8.297289 -45.077353 10.705667 -0.833790
-4.334441 -45.077353 10.789970 0.042399
-0.371593 -45.077353 10.935245 -0.178181
3.591255 -45.077353 10.813313 0.600175
7.554103 -45.077353 11.423769 -0.185146
11.516951 -45.077353 10.853277 0.164848
15.479799 -45.077353 10.555410 0.474320
19.442647 -45.077353 10.987026 -0.452583
23.405495 -45.077353 11.563621 -15.748265
27.368343 -45.077353 9.953532 -0.759228
31.331191 -45.077353 10.808420 1.027467
35.294039 -45.077353 10.251599 0.423799
39.256887 -45.077353 10.536000 1.341802
43.219735 -45.077353 11.649443 0.350032
47.182583 -45.077353 10.991789 -0.093341
51.145431 -45.077353 9.444347 1.170781
55.108279 -45.077353 10.979034 0.281041
59.071127 -45.077353 9.815495 0.708215
63.033975 -45.077353 12.188632 0.500819
66.996822 -45.077353 10.634509 0.621761
-131.145575 -49.040201 16.680027 -16.731958
-127.182727 -49.040201 15.241331 14.221375
-123.219879 -49.040201 17.842936 -6.865255
-119.257031 -49.040201 12.786384 -16.714817
-115.294183 -49.040201 10.359465 4.958752
-111.331335 -49.040201 7.746476 -16.962677
-107.368487 -49.040201 11.653981 1.230036
-103.405639 -49.040201 10.848001 -0.602548
-99.442791 -49.040201 11.643156 0.723578
-95.479943 -49.040201 11.225871 0.577339
-91.517095 -49.040201 10.844774 0.551503
-87.554247 -49.040201 10.758488 0.959615
-83.591400 -49.040201 11.101723 0.218369
-79.628552 -49.040201 8.267365 -2.029133
-75.665704 -49.040201 11.082082 0.711015
-71.702856 -49.040201 10.959205 -0.158270
-67.740008 -49.040201 10.642892 0.547111
-63.777160 -49.040201 9.608025 0.165092
-59.814312 -49.040201 10.936163 0.531247
-55.851464 -49.040201 11.034219 0.377742
-51.888616 -49.040201 10.797528 0.517657
-47.925768 -49.040201 10.439350 0.434788
-43.962920 -49.040201 11.106312 0.328466
-40.000072 -49.040201 10.753089 0.098039
-36.037224 -49.040201 10.410787 0.757118
-32.074376 -49.040201 11.117269 -0.077195
-28.111528 -49.040201 11.530449 -0.406554
-24.148680 -49.040201 10.725951 0.511014
-20.185832 -49.040201 10.930798 0.315130
-16.222984 -49.040201 10.678596 0.609091
-12.260136 -49.040201 10.369143 1.014145
-8.297289 -49.040201 10.937954 0.058377
-4.334441 -49.040201 10.237748 0.435340
-0.371593 -49.040201 10.737111 -0.115779
3.591255 -49.040201 11.557964 0.340503
7.554103 -49.040201 10.899520 0.428260
11.516951 -49.040201 10.970945 0.799919
15.479799 -49.040201 11.994943 -0.081096
19.442647 -49.040201 10.819510 -0.028438
23.405495 -49.040201 11.140845 0.126053
27.368343 -49.040201 10.941774 0.761746
31.331191 -49.040201 10.987967 0.446444
35.294039 -49.040201 11.107502 -0.791273
39.256887 -49.040201 10.996012 0.088311
43.219735 -49.040201 11.000875 -0.910710
47.182583 -49.040201 10.858146 0.214105
51.145431 -49.040201 11.881881 0.770621
55.108279 -49.040201 12.074637 1.042976
59.071127 -49.040201 11.135895 1.058387
63.033975 -49.040201 9.378134 -0.232251
66.996822 -49.040201 -13.482693 -3.636768
-131.145575 -53.003049 0.000000 0.000000
-127.182727 -53.003049 0.000000 0.000000
-123.219879 -53.003049 0.000000 0.000000
-119.257031 -53.003049 0.000000 0.000000
-115.294183 -53.003049 0.000000 0.000000
-111.331335 -53.003049 0.000000 0.000000
-107.368487 -53.003049 0.000000 0.000000
-103.405639 -53.003049 0.000000 0.000000
-99.442791 -53.003049 0.000000 0.000000
-95.479943 -53.003049 0.000000 0.000000
-91.517095 -53.003049 0.000000 0.000000
-87.554247 -53.003049 0.000000 0.000000
-83.591400 -53.003049 0.000000 0.000000
-79.628552 -53.003049 0.000000 0.000000
-75.665704 -53.003049 0.000000 0.000000
-71.702856 -53.003049 0.000000 0.000000
-67.740008 -53.003049 0.000000 0.000000
-63.777160 -53.003049 0.000000 0.000000
-59.814312 -53.003049 0.000000 0.000000
-55.851464 -53.003049 0.000000 0.000000
-51.888616 -53.003049 0.000000 0.000000
-47.925768 -53.003049 0.000000 0.000000
-43.962920 -53.003049 0.000000 0.000000
-40.000072 -53.003049 0.000000 0.000000
-36.037224 -53.003049 0.000000 0.000000
-32.074376 -53.003049 0.000000 0.000000
-28.111528 -53.003049 0.000000 0.000000
-24.148680 -53.003049 0.000000 0.000000
-20.185832 -53.003049 0.000000 0.000000
-16.222984 -53.003049 0.000000 0.000000
-12.260136 -53.003049 0.000000 0.000000
-8.297289 -53.003049 0.000000 0.000000
-4.334441 -53.003049 0.000000 0.000000
-0.371593 -53.003049 0.000000 0.000000
3.591255 -53.003049 0.000000 0.000000
7.554103 -53.003049 0.000000 0.000000
11.516951 -53.003049 0.000000 0.000000
15.479799 -53.003049 0.000000 0.000000
19.442647 -53.003049 0.000000 0.000000
23.405495 -53.003049 0.000000 0.000000
27.368343 -53.003049 0.000000 0.000000
31.331191 -53.003049 0.000000 0.000000
35.294039 -53.003049 0.000000 0.000000
39.256887 -53.003049 0.000000 0.000000
43.219735 -53.003049 0.000000 0.000000
47.182583 -53.003049 0.000000 0.000000
51.145431 -53.003049 0.000000 0.000000
55.108279 -53.003049 0.000000 0.000000
59.071127 -53.003049 0.000000 0.000000
63.033975 -53.003049 0.000000 0.000000
66.996822 -53.003049 0.000000 0.000000
