TITLE = "B00015"
VARIABLES = "position", "position(2)", "Vx", "Vy"
ZONE T="Frame 0", I=51, J=39
-131.145575 97.585173 -0.413498 -4.131207
-127.182727 97.585173 11.357336 0.423648
-123.219879 97.585173 11.261411 0.207841
-119.257031 97.585173 11.141352 0.513240
-115.294183 97.585173 11.713032 0.522999
-111.331335 97.585173 0.000000 0.000000
-107.368487 97.585173 0.000000 0.000000
-103.405639 97.585173 0.000000 0.000000
-99.442791 97.585173 0.000000 0.000000
-95.479943 97.585173 0.000000 0.000000
-91.517095 97.585173 0.000000 0.000000
-87.554247 97.585173 11.419175 0.349876
-83.591400 97.585173 11.371768 0.315046
-79.628552 97.585173 11.388163 0.306458
-75.665704 97.585173 11.437729 -0.056032
-71.702856 97.585173 11.707792 0.376190
-67.740008 97.585173 11.512360 0.187611
-63.777160 97.585173 11.497322 0.184282
-59.814312 97.585173 11.118708 0.312717
-55.851464 97.585173 11.306205 -0.034000
-51.888616 97.585173 11.524449 0.036266
-47.925768 97.585173 11.270969 0.022760
-43.962920 97.585173 11.388191 -0.012954
-40.000072 97.585173 11.244592 -0.028567
-36.037224 97.585173 11.414042 0.013799
-32.074376 97.585173 11.404897 0.050656
-28.111528 97.585173 11.124362 -0.036532
-24.148680 97.585173 11.193885 0.187820
-20.185832 97.585173 11.474626 -0.103589
-16.222984 97.585173 11.233360 -0.090021
-12.260136 97.585173 0.000000 0.000000
-8.297289 97.585173 0.000000 0.000000
-4.334441 97.585173 0.000000 0.000000
-0.371593 97.585173 10.959620 0.097403
3.591255 97.585173 11.148493 -0.029552
7.554103 97.585173 11.094213 0.038855
11.516951 97.585173 11.110142 -0.186107
15.479799 97.585173 10.910858 -0.114715
19.442647 97.585173 11.018618 0.106341
23.405495 97.585173 10.956455 0.042472
27.368343 97.585173 11.103574 0.118973
31.331191 97.585173 10.887440 -0.114625
35.294039 97.585173 10.989499 0.041716
39.256887 97.585173 11.075672 -0.031398
43.219735 97.585173 11.002474 0.019118
47.182583 97.585173 11.034373 0.051519
51.145431 97.585173 11.032167 0.268449
55.108279 97.585173 11.045212 0.210730
59.071127 97.585173 10.956665 0.192556
63.033975 97.585173 10.904736 0.362094
66.996822 97.585173 10.897074 0.076725
-131.145575 93.622325 -12.523157 15.669230
-127.182727 93.622325 11.127869 0.593659
-123.219879 93.622325 11.528650 0.466750
-119.257031 93.622325 11.249803 0.696066
-115.294183 93.622325 11.409045 0.501091
-111.331335 93.622325 0.000000 0.000000
-107.368487 93.622325 0.000000 0.000000
-103.405639 93.622325 0.000000 0.000000
-99.442791 93.622325 0.000000 0.000000
-95.479943 93.622325 0.000000 0.000000
-91.517095 93.622325 0.000000 0.000000
-87.554247 93.622325 11.566342 0.504950
-83.591400 93.622325 11.444317 0.330725
-79.628552 93.622325 11.533216 0.223186
-75.665704 93.622325 11.703265 0.467682
-71.702856 93.622325 11.464642 0.283395
-67.740008 93.622325 11.314019 0.047064
-63.777160 93.622325 11.544455 0.152054
-59.814312 93.622325 11.548029 0.048136
-55.851464 93.622325 11.400132 0.254650
-51.888616 93.622325 11.566709 0.158343
-47.925768 93.622325 11.427529 0.137631
-43.962920 93.622325 11.340746 0.112218
-40.000072 93.622325 11.275262 -0.003077
-36.037224 93.622325 11.187093 0.027868
-32.074376 93.622325 11.452825 0.154549
-28.111528 93.622325 11.200333 -0.152659
-24.148680 93.622325 11.058825 0.011786
-20.185832 93.622325 11.230330 0.137902
-16.222984 93.622325 11.162372 0.069897
-12.260136 93.622325 0.000000 0.000000
-8.297289 93.622325 0.000000 0.000000
-4.334441 93.622325 0.000000 0.000000
-0.371593 93.622325 10.982473 -0.062134
3.591255 93.622325 11.049163 0.041481
7.554103 93.622325 11.064523 -0.381358
11.516951 93.622325 11.286673 -0.217195
15.479799 93.622325 11.020825 0.156058
19.442647 93.622325 10.975662 -0.046144
23.405495 93.622325 10.944992 0.159771
27.368343 93.622325 10.976409 -0.132097
31.331191 93.622325 10.948093 0.087357
35.294039 93.622325 10.955905 0.030282
39.256887 93.622325 10.825500 0.277220
43.219735 93.622325 10.942054 0.039721
47.182583 93.622325 10.925782 0.121834
51.145431 93.622325 10.965257 0.184387
55.108279 93.622325 10.886693 0.058094
59.071127 93.622325 11.019410 -0.061572
63.033975 93.622325 11.118083 0.036650
66.996822 93.622325 11.061212 0.182029
-131.145575 89.659477 11.453036 0.801688
-127.182727 89.659477 11.137403 0.613684
-123.219879 89.659477 11.210314 0.542143
-119.257031 89.659477 11.300177 0.601539
-115.294183 89.659477 11.547234 0.395772
-111.331335 89.659477 0.000000 0.000000
-107.368487 89.659477 0.000000 0.000000
-103.405639 89.659477 0.000000 0.000000
-99.442791 89.659477 0.000000 0.000000
-95.479943 89.659477 0.000000 0.000000
-91.517095 89.659477 0.000000 0.000000
-87.554247 89.659477 11.434593 0.406988
-83.591400 89.659477 11.475524 0.510820
-79.628552 89.659477 11.250326 0.426167
-75.665704 89.659477 11.649249 0.247111
-71.702856 89.659477 11.400358 0.243216
-67.740008 89.659477 11.667086 0.166223
-63.777160 89.659477 11.253175 0.088727
-59.814312 89.659477 11.276653 0.086453
-55.851464 89.659477 11.406710 0.062859
-51.888616 89.659477 11.292534 0.007301
-47.925768 89.659477 11.479957 0.085489
-43.962920 89.659477 11.422750 -0.076553
-40.000072 89.659477 11.409776 0.121225
-36.037224 89.659477 11.395572 0.008544
-32.074376 89.659477 11.511181 0.022051
-28.111528 89.659477 11.182658 0.043505
-24.148680 89.659477 11.453087 -0.127361
-20.185832 89.659477 11.137997 0.002757
-16.222984 89.659477 11.242314 -0.101012
-12.260136 89.659477 0.000000 0.000000
-8.297289 89.659477 0.000000 0.000000
-4.334441 89.659477 0.000000 0.000000
-0.371593 89.659477 11.039557 -0.153025
3.591255 89.659477 10.928752 -0.042487
7.554103 89.659477 11.091557 -0.086630
11.516951 89.659477 10.936549 -0.127890
15.479799 89.659477 10.963864 -0.148266
19.442647 89.659477 11.090187 0.035197
23.405495 89.659477 10.977564 -0.099537
27.368343 89.659477 11.007374 0.018778
31.331191 89.659477 10.912642 0.088712
35.294039 89.659477 10.969463 -0.100253
39.256887 89.659477 11.029259 0.059603
43.219735 89.659477 10.905302 0.127726
47.182583 89.659477 11.042065 0.076030
51.145431 89.659477 10.982203 0.080703
55.108279 89.659477 10.919566 -0.150687
59.071127 89.659477 10.845516 0.111202
63.033975 89.659477 11.135574 0.056198
66.996822 89.659477 10.766132 0.225988
-131.145575 85.696629 10.930217 0.176996
-127.182727 85.696629 11.026128 0.513558
-123.219879 85.696629 11.289447 0.568625
-119.257031 85.696629 11.154656 0.547452
-115.294183 85.696629 11.196281 0.514372
-111.331335 85.696629 0.000000 0.000000
-107.368487 85.696629 0.000000 0.000000
-103.405639 85.696629 0.000000 0.000000
-99.442791 85.696629 0.000000 0.000000
-95.479943 85.696629 0.000000 0.000000
-91.517095 85.696629 0.000000 0.000000
-87.554247 85.696629 11.452762 0.393468
-83.591400 85.696629 11.472061 0.297554
-79.628552 85.696629 11.678327 0.265768
-75.665704 85.696629 11.563028 0.489891
-71.702856 85.696629 11.565828 0.313410
-67.740008 85.696629 11.485551 0.223068
-63.777160 85.696629 11.406939 -0.003811
-59.814312 85.696629 11.757368 0.073407
-55.851464 85.696629 11.559265 0.047994
-51.888616 85.696629 11.551558 0.096077
-47.925768 85.696629 11.492927 0.067696
-43.962920 85.696629 11.330984 0.072360
-40.000072 85.696629 11.215505 -0.055601
-36.037224 85.696629 11.302414 -0.089040
-32.074376 85.696629 11.377160 -0.146116
-28.111528 85.696629 11.385666 -0.184734
-24.148680 85.696629 11.488248 -0.171425
-20.185832 85.696629 11.230309 -0.060579
-16.222984 85.696629 11.087702 -0.206076
-12.260136 85.696629 0.000000 0.000000
-8.297289 85.696629 0.000000 0.000000
-4.334441 85.696629 0.000000 0.000000
-0.371593 85.696629 11.127652 -0.160856
3.591255 85.696629 11.043739 -0.007428
7.554103 85.696629 10.996376 -0.305502
11.516951 85.696629 10.895963 -0.032877
15.479799 85.696629 10.877727 -0.307897
19.442647 85.696629 10.823896 0.057820
23.405495 85.696629 11.148580 -0.161168
27.368343 85.696629 10.851022 -0.007439
31.331191 85.696629 10.885104 -0.050490
35.294039 85.696629 10.923246 -0.198715
39.256887 85.696629 10.914883 -0.168618
43.219735 85.696629 11.029447 -0.166425
47.182583 85.696629 11.067702 0.139684
51.145431 85.696629 10.957026 0.063316
55.108279 85.696629 10.901668 -0.102028
59.071127 85.696629 11.024356 0.119527
63.033975 85.696629 10.950694 -0.187772
66.996822 85.696629 10.821332 -0.132666
-131.145575 81.733781 11.055174 0.519616
-127.182727 81.733781 11.044077 0.739451
-123.219879 81.733781 11.120778 0.614453
-119.257031 81.733781 10.904953 0.537228
-115.294183 81.733781 11.286831 0.440691
-111.331335 81.733781 0.000000 0.000000
-107.368487 81.733781 0.000000 0.000000
-103.405639 81.733781 0.000000 0.000000
-99.442791 81.733781 0.000000 0.000000
-95.479943 81.733781 0.000000 0.000000
-91.517095 81.733781 0.000000 0.000000
-87.554247 81.733781 11.474705 0.507301
-83.591400 81.733781 11.503716 0.433543
-79.628552 81.733781 11.422685 0.360037
-75.665704 81.733781 11.681684 0.327002
-71.702856 81.733781 11.763452 0.159501
-67.740008 81.733781 11.572131 0.230806
-63.777160 81.733781 11.551649 0.143153
-59.814312 81.733781 11.541866 0.094898
-55.851464 81.733781 11.656439 -0.124819
-51.888616 81.733781 11.430692 -0.207617
-47.925768 81.733781 11.430993 0.067658
-43.962920 81.733781 11.534953 -0.048119
-40.000072 81.733781 11.302252 -0.092552
-36.037224 81.733781 11.372211 -0.265620
-32.074376 81.733781 11.495676 -0.140797
-28.111528 81.733781 11.328401 -0.062319
-24.148680 81.733781 11.329883 -0.141963
-20.185832 81.733781 11.386902 -0.172682
-16.222984 81.733781 11.168780 -0.288719
-12.260136 81.733781 0.000000 0.000000
-8.297289 81.733781 0.000000 0.000000
-4.334441 81.733781 0.000000 0.000000
-0.371593 81.733781 11.204288 -0.389386
3.591255 81.733781 11.028292 -0.146556
7.554103 81.733781 10.997805 -0.120774
11.516951 81.733781 10.961842 -0.256140
15.479799 81.733781 11.026752 0.040616
19.442647 81.733781 10.965414 -0.038361
23.405495 81.733781 10.970876 -0.194552
27.368343 81.733781 10.934220 -0.003712
31.331191 81.733781 10.947634 -0.163953
35.294039 81.733781 10.943657 0.106173
39.256887 81.733781 11.043908 -0.070513
43.219735 81.733781 10.847596 0.212477
47.182583 81.733781 11.087155 0.155438
51.145431 81.733781 11.019372 0.210988
55.108279 81.733781 10.917616 0.209844
59.071127 81.733781 10.970682 -0.034582
63.033975 81.733781 11.051645 -0.039975
66.996822 81.733781 10.884247 0.060943
-131.145575 77.770933 11.194820 0.922312
-127.182727 77.770933 10.872885 0.699811
-123.219879 77.770933 11.313691 0.774669
-119.257031 77.770933 11.128219 0.569964
-115.294183 77.770933 11.491743 0.683579
-111.331335 77.770933 0.000000 0.000000
-107.368487 77.770933 0.000000 0.000000
-103.405639 77.770933 0.000000 0.000000
-99.442791 77.770933 0.000000 0.000000
-95.479943 77.770933 0.000000 0.000000
-91.517095 77.770933 11.647611 0.367841
-87.554247 77.770933 11.648854 0.398358
-83.591400 77.770933 11.646516 0.430706
-79.628552 77.770933 11.205435 0.190695
-75.665704 77.770933 11.520965 0.497012
-71.702856 77.770933 11.559123 0.256242
-67.740008 77.770933 11.526870 0.130978
-63.777160 77.770933 11.738775 -0.061520
-59.814312 77.770933 11.664856 0.068689
-55.851464 77.770933 11.649025 0.080973
-51.888616 77.770933 11.599476 -0.017025
-47.925768 77.770933 11.635673 -0.056306
-43.962920 77.770933 11.455900 -0.078669
-40.000072 77.770933 11.291203 -0.077063
-36.037224 77.770933 11.489663 -0.221787
-32.074376 77.770933 11.298636 -0.065269
-28.111528 77.770933 11.444996 0.002409
-24.148680 77.770933 11.428558 -0.290210
-20.185832 77.770933 11.207409 -0.041402
-16.222984 77.770933 11.239818 -0.032567
-12.260136 77.770933 0.000000 0.000000
-8.297289 77.770933 0.000000 0.000000
-4.334441 77.770933 0.000000 0.000000
-0.371593 77.770933 11.102310 -0.192779
3.591255 77.770933 11.051344 -0.138202
7.554103 77.770933 11.056012 -0.136007
11.516951 77.770933 10.960784 0.091554
15.479799 77.770933 10.999883 -0.102968
19.442647 77.770933 10.999222 -0.134036
23.405495 77.770933 11.082248 0.040955
27.368343 77.770933 10.923336 -0.075667
31.331191 77.770933 10.965033 0.082000
35.294039 77.770933 10.863377 0.020273
39.256887 77.770933 10.957219 -0.028611
43.219735 77.770933 10.862154 -0.062472
47.182583 77.770933 10.925905 0.115147
51.145431 77.770933 11.044752 0.020150
55.108279 77.770933 11.028088 -0.056332
59.071127 77.770933 10.896334 -0.077960
63.033975 77.770933 11.014019 0.092465
66.996822 77.770933 10.979063 0.100813
-131.145575 73.808085 9.829017 -16.349567
-127.182727 73.808085 11.775146 0.666464
-123.219879 73.808085 11.167987 0.599756
-119.257031 73.808085 11.577692 0.621368
-115.294183 73.808085 11.060279 0.771589
-111.331335 73.808085 0.000000 0.000000
-107.368487 73.808085 0.000000 0.000000
-103.405639 73.808085 0.000000 0.000000
-99.442791 73.808085 0.000000 0.000000
-95.479943 73.808085 0.000000 0.000000
-91.517095 73.808085 11.551319 0.687285
-87.554247 73.808085 11.600368 0.577741
-83.591400 73.808085 11.655359 0.232538
-79.628552 73.808085 11.606174 0.227583
-75.665704 73.808085 11.741205 0.269747
-71.702856 73.808085 11.642214 0.212386
-67.740008 73.808085 11.677544 0.147031
-63.777160 73.808085 11.792324 0.053887
-59.814312 73.808085 11.783430 -0.124573
-55.851464 73.808085 11.634928 0.042179
-51.888616 73.808085 11.572522 0.124486
-47.925768 73.808085 11.533332 -0.170386
-43.962920 73.808085 11.519711 -0.100031
-40.000072 73.808085 11.534050 -0.099983
-36.037224 73.808085 11.459844 -0.042385
-32.074376 73.808085 11.436739 -0.195450
-28.111528 73.808085 11.317171 -0.306680
-24.148680 73.808085 11.228214 -0.061973
-20.185832 73.808085 11.172263 -0.209061
-16.222984 73.808085 11.223847 -0.280570
-12.260136 73.808085 0.000000 0.000000
-8.297289 73.808085 0.000000 0.000000
-4.334441 73.808085 0.000000 0.000000
-0.371593 73.808085 10.937785 -0.303401
3.591255 73.808085 10.958475 -0.202707
7.554103 73.808085 10.966552 -0.181725
11.516951 73.808085 10.967802 -0.055031
15.479799 73.808085 10.960795 -0.263244
19.442647 73.808085 11.010382 -0.164983
23.405495 73.808085 10.916486 -0.188668
27.368343 73.808085 10.979540 -0.129952
31.331191 73.808085 11.052761 -0.003279
35.294039 73.808085 10.912078 -0.188517
39.256887 73.808085 11.011396 -0.163772
43.219735 73.808085 11.026451 0.052900
47.182583 73.808085 11.118179 -0.110839
51.145431 73.808085 10.846335 -0.145801
55.108279 73.808085 10.898792 0.155540
59.071127 73.808085 11.042146 0.067547
63.033975 73.808085 11.045463 0.218734
66.996822 73.808085 10.843786 -0.139234
-131.145575 69.845237 10.162886 -1.865372
-127.182727 69.845237 11.490282 0.112168
-123.219879 69.845237 11.310996 0.522905
-119.257031 69.845237 11.005797 0.848386
-115.294183 69.845237 11.363193 0.674829
-111.331335 69.845237 0.000000 0.000000
-107.368487 69.845237 0.000000 0.000000
-103.405639 69.845237 0.000000 0.000000
-99.442791 69.845237 0.000000 0.000000
-95.479943 69.845237 0.000000 0.000000
-91.517095 69.845237 11.556579 0.599404
-87.554247 69.845237 11.808762 0.499114
-83.591400 69.845237 11.781584 0.389228
-79.628552 69.845237 11.912893 0.395276
-75.665704 69.845237 11.444871 0.117700
-71.702856 69.845237 11.751675 0.215155
-67.740008 69.845237 11.805776 0.311525
-63.777160 69.845237 11.859485 0.252256
-59.814312 69.845237 11.804524 -0.013844
-55.851464 69.845237 11.564853 -0.108645
-51.888616 69.845237 11.645103 -0.232204
-47.925768 69.845237 11.671079 -0.229480
-43.962920 69.845237 11.600765 -0.169504
-40.000072 69.845237 11.536489 -0.002757
-36.037224 69.845237 11.500278 -0.217217
-32.074376 69.845237 11.392578 -0.235479
-28.111528 69.845237 11.400806 -0.156360
-24.148680 69.845237 11.290358 -0.282221
-20.185832 69.845237 11.615860 -0.342129
-16.222984 69.845237 11.295720 -0.281053
-12.260136 69.845237 0.000000 0.000000
-8.297289 69.845237 0.000000 0.000000
-4.334441 69.845237 0.000000 0.000000
-0.371593 69.845237 10.994636 -0.252521
3.591255 69.845237 10.984178 -0.229539
7.554103 69.845237 11.031295 -0.221506
11.516951 69.845237 11.013729 -0.041459
15.479799 69.845237 10.997347 -0.296070
19.442647 69.845237 10.960196 -0.270164
23.405495 69.845237 11.025274 -0.094150
27.368343 69.845237 10.994110 -0.204775
31.331191 69.845237 10.987788 0.118089
35.294039 69.845237 10.841048 -0.122077
39.256887 69.845237 10.892087 0.073127
43.219735 69.845237 10.780519 -0.123156
47.182583 69.845237 10.855611 -0.223215
51.145431 69.845237 10.930138 -0.191383
55.108279 69.845237 10.790526 -0.152901
59.071127 69.845237 10.857139 -0.088177
63.033975 69.845237 10.881851 0.075193
66.996822 69.845237 10.982430 -0.180128
-131.145575 65.882389 -3.911668 -3.498543
-127.182727 65.882389 0.093265 -14.742140
-123.219879 65.882389 11.185098 0.774531
-119.257031 65.882389 10.941904 0.774548
-115.294183 65.882389 11.092431 0.752664
-111.331335 65.882389 0.000000 0.000000
-107.368487 65.882389 0.000000 0.000000
-103.405639 65.882389 0.000000 0.000000
-99.442791 65.882389 0.000000 0.000000
-95.479943 65.882389 0.000000 0.000000
-91.517095 65.882389 11.772642 0.808998
-87.554247 65.882389 11.819477 0.625903
-83.591400 65.882389 11.907485 0.509678
-79.628552 65.882389 11.693719 0.282928
-75.665704 65.882389 11.802692 0.395000
-71.702856 65.882389 11.828603 0.176115
-67.740008 65.882389 11.888073 0.161396
-63.777160 65.882389 11.886933 -0.090265
-59.814312 65.882389 11.963041 -0.090308
-55.851464 65.882389 11.797120 0.027071
-51.888616 65.882389 11.785756 -0.192121
-47.925768 65.882389 11.655001 -0.182819
-43.962920 65.882389 11.563286 -0.086348
-40.000072 65.882389 11.548179 -0.113886
-36.037224 65.882389 11.535650 -0.344426
-32.074376 65.882389 11.464046 -0.155899
-28.111528 65.882389 11.620546 -0.320259
-24.148680 65.882389 11.257087 -0.475460
-20.185832 65.882389 11.427522 -0.371617
-16.222984 65.882389 11.186823 -0.324276
-12.260136 65.882389 0.000000 0.000000
-8.297289 65.882389 0.000000 0.000000
-4.334441 65.882389 11.058851 -0.334744
-0.371593 65.882389 11.036412 -0.188851
3.591255 65.882389 11.002317 -0.265453
7.554103 65.882389 10.950159 -0.105089
11.516951 65.882389 10.773226 -0.188224
15.479799 65.882389 10.982240 0.014641
19.442647 65.882389 10.962782 0.002519
23.405495 65.882389 10.943179 -0.336215
27.368343 65.882389 10.887623 0.062678
31.331191 65.882389 10.946941 -0.013508
35.294039 65.882389 10.922924 -0.012292
39.256887 65.882389 10.947544 -0.016827
43.219735 65.882389 10.922131 -0.064598
47.182583 65.882389 10.994016 -0.177760
51.145431 65.882389 10.960393 -0.045226
55.108279 65.882389 11.015978 -0.011950
59.071127 65.882389 11.023785 -0.015899
63.033975 65.882389 10.957024 0.268769
66.996822 65.882389 10.856647 0.251906
-131.145575 61.919541 10.111475 6.446646
-127.182727 61.919541 10.653001 1.560247
-123.219879 61.919541 11.035778 1.092987
-119.257031 61.919541 11.103757 0.787083
-115.294183 61.919541 10.888515 0.986056
-111.331335 61.919541 0.000000 0.000000
-107.368487 61.919541 0.000000 0.000000
-103.405639 61.919541 0.000000 0.000000
-99.442791 61.919541 0.000000 0.000000
-95.479943 61.919541 0.000000 0.000000
-91.517095 61.919541 11.890618 0.649748
-87.554247 61.919541 11.912224 0.559741
-83.591400 61.919541 12.118131 0.487263
-79.628552 61.919541 12.094455 0.841766
-75.665704 61.919541 11.965063 0.354709
-71.702856 61.919541 11.924025 0.346888
-67.740008 61.919541 12.066122 0.188158
-63.777160 61.919541 11.819164 0.183796
-59.814312 61.919541 11.852189 -0.028651
-55.851464 61.919541 11.681311 0.034529
-51.888616 61.919541 11.620869 -0.182744
-47.925768 61.919541 11.632947 -0.377670
-43.962920 61.919541 11.711017 -0.195607
-40.000072 61.919541 11.691769 -0.298493
-36.037224 61.919541 11.468940 -0.334479
-32.074376 61.919541 11.368447 -0.116840
-28.111528 61.919541 11.404078 -0.374788
-24.148680 61.919541 11.212572 -0.422248
-20.185832 61.919541 11.159487 -0.483814
-16.222984 61.919541 11.321228 -0.455334
-12.260136 61.919541 0.000000 0.000000
-8.297289 61.919541 0.000000 0.000000
-4.334441 61.919541 10.902084 -0.491230
-0.371593 61.919541 10.918932 -0.393761
3.591255 61.919541 10.890412 -0.394639
7.554103 61.919541 11.001040 -0.370620
11.516951 61.919541 10.823590 -0.239447
15.479799 61.919541 10.903252 -0.309740
19.442647 61.919541 10.902335 0.144593
23.405495 61.919541 10.875601 -0.092311
27.368343 61.919541 10.814099 -0.273318
31.331191 61.919541 10.844422 -0.128379
35.294039 61.919541 10.843102 -0.150271
39.256887 61.919541 11.218771 -0.090803
43.219735 61.919541 10.902947 0.228533
47.182583 61.919541 10.909289 0.380936
51.145431 61.919541 10.839170 0.292097
55.108279 61.919541 10.957680 0.075830
59.071127 61.919541 10.895991 -0.075710
63.033975 61.919541 11.096046 -0.288488
66.996822 61.919541 10.764330 -0.051985
-131.145575 57.956694 10.278076 0.737571
-127.182727 57.956694 -2.141651 -11.351763
-123.219879 57.956694 10.835934 0.892570
-119.257031 57.956694 11.173526 1.082005
-115.294183 57.956694 10.980396 1.174700
-111.331335 57.956694 0.000000 0.000000
-107.368487 57.956694 0.000000 0.000000
-103.405639 57.956694 0.000000 0.000000
-99.442791 57.956694 0.000000 0.000000
-95.479943 57.956694 11.957483 1.042252
-91.517095 57.956694 11.822114 0.865242
-87.554247 57.956694 12.184033 0.822281
-83.591400 57.956694 12.129171 0.411157
-79.628552 57.956694 12.109249 0.427597
-75.665704 57.956694 12.081138 0.231257
-71.702856 57.956694 12.038580 0.320209
-67.740008 57.956694 12.192800 0.301684
-63.777160 57.956694 11.961055 0.155693
-59.814312 57.956694 11.948444 -0.243372
-55.851464 57.956694 11.911799 -0.212675
-51.888616 57.956694 11.751162 -0.237338
-47.925768 57.956694 11.689190 -0.082029
-43.962920 57.956694 11.701113 -0.285908
-40.000072 57.956694 11.469986 -0.338093
-36.037224 57.956694 11.530899 -0.445770
-32.074376 57.956694 11.430790 -0.491129
-28.111528 57.956694 11.430901 -0.552279
-24.148680 57.956694 11.389686 -0.492078
-20.185832 57.956694 11.055409 -0.507376
-16.222984 57.956694 11.131104 -0.481977
-12.260136 57.956694 0.000000 0.000000
-8.297289 57.956694 0.000000 0.000000
-4.334441 57.956694 11.038707 -0.432203
-0.371593 57.956694 10.824588 -0.392747
3.591255 57.956694 10.731168 -0.483654
7.554103 57.956694 10.917207 -0.327285
11.516951 57.956694 10.817862 -0.229443
15.479799 57.956694 10.818042 -0.273737
19.442647 57.956694 10.794978 0.207757
23.405495 57.956694 10.798221 -0.008166
27.368343 57.956694 10.921523 -0.008215
31.331191 57.956694 10.798655 -0.310919
35.294039 57.956694 10.889838 0.187669
39.256887 57.956694 10.620339 0.074284
43.219735 57.956694 10.901118 0.040284
47.182583 57.956694 10.864991 0.284482
51.145431 57.956694 11.101112 -0.069320
55.108279 57.956694 10.966393 -0.024159
59.071127 57.956694 10.971987 -0.140217
63.033975 57.956694 10.923268 -0.093297
66.996822 57.956694 10.803718 -0.105167
-131.145575 53.993846 5.329959 13.400766
-127.182727 53.993846 10.663850 -0.173541
-123.219879 53.993846 11.057229 0.864057
-119.257031 53.993846 10.846184 1.109487
-115.294183 53.993846 10.933960 1.353413
-111.331335 53.993846 0.000000 0.000000
-107.368487 53.993846 0.000000 0.000000
-103.405639 53.993846 0.000000 0.000000
-99.442791 53.993846 0.000000 0.000000
-95.479943 53.993846 11.866325 1.066247
-91.517095 53.993846 12.044172 0.955138
-87.554247 53.993846 12.320219 0.698040
-83.591400 53.993846 12.342432 0.566664
-79.628552 53.993846 12.032709 0.558401
-75.665704 53.993846 12.098357 0.436128
-71.702856 53.993846 12.205955 0.244168
-67.740008 53.993846 12.094016 0.112591
-63.777160 53.993846 12.061791 0.073444
-59.814312 53.993846 12.044724 0.064931
-55.851464 53.993846 11.918541 -0.365784
-51.888616 53.993846 11.818147 -0.325644
-47.925768 53.993846 11.777233 -0.373970
-43.962920 53.993846 11.613626 -0.527955
-40.000072 53.993846 11.788412 -0.499837
-36.037224 53.993846 11.487127 -0.518543
-32.074376 53.993846 11.617659 -0.380929
-28.111528 53.993846 11.582423 -0.457773
-24.148680 53.993846 11.392957 -0.554772
-20.185832 53.993846 11.051486 -0.525546
-16.222984 53.993846 11.364940 -0.642086
-12.260136 53.993846 10.882694 -0.629382
-8.297289 53.993846 0.000000 0.000000
-4.334441 53.993846 11.039037 -0.450058
-0.371593 53.993846 10.993812 -0.365471
3.591255 53.993846 10.787495 -0.262626
7.554103 53.993846 10.830669 -0.270882
11.516951 53.993846 10.784125 -0.351964
15.479799 53.993846 10.693324 -0.256040
19.442647 53.993846 10.751620 0.179573
23.405495 53.993846 10.878163 -0.017259
27.368343 53.993846 11.029256 0.153372
31.331191 53.993846 10.889554 0.035368
35.294039 53.993846 10.689608 -0.171761
39.256887 53.993846 11.001740 -0.084657
43.219735 53.993846 10.765053 -0.122991
47.182583 53.993846 10.936221 -0.068019
51.145431 53.993846 10.960866 -0.000396
55.108279 53.993846 11.143485 -0.117352
59.071127 53.993846 10.877608 0.152869
63.033975 53.993846 10.700252 0.252167
66.996822 53.993846 10.844984 -0.064314
-131.145575 50.030998 0.596745 14.798704
-127.182727 50.030998 10.971119 1.159109
-123.219879 50.030998 10.680114 0.881931
-119.257031 50.030998 10.852521 1.311776
-115.294183 50.030998 10.763476 0.965935
-111.331335 50.030998 0.000000 0.000000
-107.368487 50.030998 0.000000 0.000000
-103.405639 50.030998 0.000000 0.000000
-99.442791 50.030998 0.000000 0.000000
-95.479943 50.030998 11.997377 1.344644
-91.517095 50.030998 12.358904 0.949142
-87.554247 50.030998 12.444118 0.817956
-83.591400 50.030998 12.353105 0.565635
-79.628552 50.030998 12.396547 0.443483
-75.665704 50.030998 12.430883 0.063193
-71.702856 50.030998 12.236517 0.115463
-67.740008 50.030998 12.213400 -0.022296
-63.777160 50.030998 12.213243 -0.272323
-59.814312 50.030998 11.977823 0.217086
-55.851464 50.030998 11.941089 -0.374980
-51.888616 50.030998 11.848786 -0.279331
-47.925768 50.030998 11.977775 -0.371357
-43.962920 50.030998 11.678620 -0.504725
-40.000072 50.030998 11.805970 -0.412918
-36.037224 50.030998 11.471437 -0.568560
-32.074376 50.030998 11.759077 -0.622242
-28.111528 50.030998 11.310555 -0.574778
-24.148680 50.030998 11.588794 -0.617748
-20.185832 50.030998 11.213271 -0.708277
-16.222984 50.030998 11.222025 -0.605213
-12.260136 50.030998 10.830218 -0.622699
-8.297289 50.030998 0.000000 0.000000
-4.334441 50.030998 10.651030 -0.593819
-0.371593 50.030998 10.708595 -0.380021
3.591255 50.030998 10.846261 -0.177850
7.554103 50.030998 10.730452 -0.330068
11.516951 50.030998 10.817242 -0.464510
15.479799 50.030998 10.689911 -0.400005
19.442647 50.030998 10.617912 -0.230644
23.405495 50.030998 10.717494 -0.326031
27.368343 50.030998 10.867826 -0.342359
31.331191 50.030998 10.829481 -0.219909
35.294039 50.030998 10.862031 -0.170664
39.256887 50.030998 10.783371 -0.304794
43.219735 50.030998 10.775045 -0.287064
47.182583 50.030998 10.787169 -0.042161
51.145431 50.030998 10.810534 -0.074269
55.108279 50.030998 10.984233 -0.131967
59.071127 50.030998 10.955785 0.062831
63.033975 50.030998 10.753802 0.090008
66.996822 50.030998 10.905165 0.127697
-131.145575 46.068150 9.498040 -0.378016
-127.182727 46.068150 11.125943 1.168365
-123.219879 46.068150 10.799032 0.590457
-119.257031 46.068150 10.598091 0.917786
-115.294183 46.068150 10.691421 1.611099
-111.331335 46.068150 10.605608 1.040912
-107.368487 46.068150 0.000000 0.000000
-103.405639 46.068150 0.000000 0.000000
-99.442791 46.068150 0.000000 0.000000
-95.479943 46.068150 12.330728 1.516976
-91.517095 46.068150 12.753588 1.149104
-87.554247 46.068150 12.718562 0.709501
-83.591400 46.068150 12.301179 0.683726
-79.628552 46.068150 12.590169 0.521749
-75.665704 46.068150 12.766302 0.045011
-71.702856 46.068150 12.505096 0.074037
-67.740008 46.068150 12.163826 0.166496
-63.777160 46.068150 12.231289 -0.313852
-59.814312 46.068150 12.135152 -0.332326
-55.851464 46.068150 12.235976 -0.364615
-51.888616 46.068150 12.028158 -0.401709
-47.925768 46.068150 11.760125 -0.475204
-43.962920 46.068150 11.884465 -0.365513
-40.000072 46.068150 11.530160 -0.562181
-36.037224 46.068150 11.593888 -0.651132
-32.074376 46.068150 11.709312 -0.628347
-28.111528 46.068150 11.622973 -0.687382
-24.148680 46.068150 11.165794 -0.742721
-20.185832 46.068150 11.408462 -0.804996
-16.222984 46.068150 11.442164 -0.853899
-12.260136 46.068150 10.916763 -0.695440
-8.297289 46.068150 0.000000 0.000000
-4.334441 46.068150 10.643917 -0.671472
-0.371593 46.068150 10.695354 -0.506648
3.591255 46.068150 10.605309 -0.186962
7.554103 46.068150 10.852567 -0.263485
11.516951 46.068150 10.662794 -0.359381
15.479799 46.068150 10.550956 -0.472753
19.442647 46.068150 10.375004 -0.052056
23.405495 46.068150 10.409166 0.644138
27.368343 46.068150 10.944570 0.423731
31.331191 46.068150 11.192253 -0.110464
35.294039 46.068150 10.875001 -0.163243
39.256887 46.068150 10.777870 -0.310937
43.219735 46.068150 10.512513 -0.285908
47.182583 46.068150 10.481517 0.188957
51.145431 46.068150 11.177804 -0.906920
55.108279 46.068150 10.711423 0.008476
59.071127 46.068150 10.688429 0.257835
63.033975 46.068150 10.645650 0.011218
66.996822 46.068150 10.254171 0.244108
-131.145575 42.105302 -14.975984 4.467750
-127.182727 42.105302 -12.174991 -11.987464
-123.219879 42.105302 10.134315 0.610090
-119.257031 42.105302 10.006886 1.312949
-115.294183 42.105302 10.419954 1.779654
-111.331335 42.105302 10.216446 1.896647
-107.368487 42.105302 0.000000 0.000000
-103.405639 42.105302 0.000000 0.000000
-99.442791 42.105302 12.516078 2.215090
-95.479943 42.105302 12.744337 1.665433
-91.517095 42.105302 13.079284 0.963542
-87.554247 42.105302 12.894714 0.785033
-83.591400 42.105302 12.845719 0.537628
-79.628552 42.105302 12.870993 0.358444
-75.665704 42.105302 12.525177 0.031638
-71.702856 42.105302 12.640837 -0.226820
-67.740008 42.105302 12.392449 -0.029412
-63.777160 42.105302 12.314794 -0.351682
-59.814312 42.105302 12.089326 -0.497341
-55.851464 42.105302 12.270716 -0.573220
-51.888616 42.105302 12.031680 -0.608060
-47.925768 42.105302 11.954494 -0.609328
-43.962920 42.105302 11.723152 -0.830627
-40.000072 42.105302 11.685878 -0.703347
-36.037224 42.105302 11.576470 -0.691107
-32.074376 42.105302 11.839914 -0.781929
-28.111528 42.105302 11.457404 -0.603067
-24.148680 42.105302 11.433239 -0.852979
-20.185832 42.105302 11.281025 -0.772948
-16.222984 42.105302 11.379278 -0.846722
-12.260136 42.105302 10.829759 -0.976752
-8.297289 42.105302 0.000000 0.000000
-4.334441 42.105302 10.722173 -0.901209
-0.371593 42.105302 10.249363 -0.807386
3.591255 42.105302 10.187718 0.073138
7.554103 42.105302 11.279586 -0.234687
11.516951 42.105302 10.974277 -0.668863
15.479799 42.105302 10.496412 -0.504579
19.442647 42.105302 9.728293 -0.489989
23.405495 42.105302 7.947899 0.756382
27.368343 42.105302 11.278422 2.611771
31.331191 42.105302 10.577018 -0.230391
35.294039 42.105302 10.999477 -0.392819
39.256887 42.105302 10.752783 -0.655924
43.219735 42.105302 10.509233 -0.576082
47.182583 42.105302 10.866279 -1.433799
51.145431 42.105302 9.765382 0.216232
55.108279 42.105302 9.902819 0.648335
59.071127 42.105302 11.025817 0.579333
63.033975 42.105302 10.382184 0.186201
66.996822 42.105302 8.228624 0.766724
-131.145575 38.142454 -0.002537 -8.966510
-127.182727 38.142454 4.886658 -0.518863
-123.219879 38.142454 9.790732 0.964582
-119.257031 38.142454 9.651985 0.912466
-115.294183 38.142454 9.411021 1.319845
-111.331335 38.142454 9.632703 2.510919
-107.368487 38.142454 0.000000 0.000000
-103.405639 38.142454 0.000000 0.000000
-99.442791 38.142454 0.000000 0.000000
-95.479943 38.142454 0.000000 0.000000
-91.517095 38.142454 0.000000 0.000000
-87.554247 38.142454 0.000000 0.000000
-83.591400 38.142454 0.000000 0.000000
-79.628552 38.142454 0.000000 0.000000
-75.665704 38.142454 0.000000 0.000000
-71.702856 38.142454 0.000000 0.000000
-67.740008 38.142454 0.000000 0.000000
-63.777160 38.142454 0.000000 0.000000
-59.814312 38.142454 0.000000 0.000000
-55.851464 38.142454 0.000000 0.000000
-51.888616 38.142454 0.000000 0.000000
-47.925768 38.142454 0.000000 0.000000
-43.962920 38.142454 0.000000 0.000000
-40.000072 38.142454 0.000000 0.000000
-36.037224 38.142454 0.000000 0.000000
-32.074376 38.142454 0.000000 0.000000
-28.111528 38.142454 0.000000 0.000000
-24.148680 38.142454 10.957797 -0.818984
-20.185832 38.142454 11.497315 -0.609295
-16.222984 38.142454 11.924520 -1.499095
-12.260136 38.142454 10.410683 -1.073733
-8.297289 38.142454 0.000000 0.000000
-4.334441 38.142454 10.454180 -1.977927
-0.371593 38.142454 9.357210 -1.459943
3.591255 38.142454 9.365713 -0.245599
7.554103 38.142454 11.918134 -1.004758
11.516951 38.142454 10.914770 -1.013059
15.479799 38.142454 10.651128 -0.991767
19.442647 38.142454 9.526209 -1.137114
23.405495 38.142454 8.159930 1.359055
27.368343 38.142454 8.330180 2.108723
31.331191 38.142454 10.258645 1.327789
35.294039 38.142454 12.151503 0.046625
39.256887 38.142454 10.735708 -0.725550
43.219735 38.142454 10.840050 -1.550045
47.182583 38.142454 10.384414 -1.097244
51.145431 38.142454 8.886767 0.739492
55.108279 38.142454 9.829419 1.717748
59.071127 38.142454 11.591062 0.438293
63.033975 38.142454 10.443038 -1.033416
66.996822 38.142454 8.358313 0.290805
-131.145575 34.179606 12.659307 0.451531
-127.182727 34.179606 5.957494 -10.270513
-123.219879 34.179606 9.580359 1.094521
-119.257031 34.179606 9.815295 0.588645
-115.294183 34.179606 0.000000 0.000000
-111.331335 34.179606 0.000000 0.000000
-107.368487 34.179606 0.000000 0.000000
-103.405639 34.179606 0.000000 0.000000
-99.442791 34.179606 0.000000 0.000000
-95.479943 34.179606 0.000000 0.000000
-91.517095 34.179606 0.000000 0.000000
-87.554247 34.179606 0.000000 0.000000
-83.591400 34.179606 0.000000 0.000000
-79.628552 34.179606 0.000000 0.000000
-75.665704 34.179606 0.000000 0.000000
-71.702856 34.179606 0.000000 0.000000
-67.740008 34.179606 0.000000 0.000000
-63.777160 34.179606 0.000000 0.000000
-59.814312 34.179606 0.000000 0.000000
-55.851464 34.179606 0.000000 0.000000
-51.888616 34.179606 0.000000 0.000000
-47.925768 34.179606 0.000000 0.000000
-43.962920 34.179606 0.000000 0.000000
-40.000072 34.179606 0.000000 0.000000
-36.037224 34.179606 0.000000 0.000000
-32.074376 34.179606 0.000000 0.000000
-28.111528 34.179606 0.000000 0.000000
-24.148680 34.179606 0.000000 0.000000
-20.185832 34.179606 0.000000 0.000000
-16.222984 34.179606 0.000000 0.000000
-12.260136 34.179606 0.000000 0.000000
-8.297289 34.179606 0.000000 0.000000
-4.334441 34.179606 0.000000 0.000000
-0.371593 34.179606 8.708971 -2.887000
3.591255 34.179606 -7.244251 13.163116
7.554103 34.179606 8.695739 2.075120
11.516951 34.179606 9.105121 0.503082
15.479799 34.179606 10.268247 -0.278374
19.442647 34.179606 9.959483 -1.818994
23.405495 34.179606 9.598405 -1.214096
27.368343 34.179606 9.883407 2.324574
31.331191 34.179606 9.682158 1.811580
35.294039 34.179606 10.067980 0.530802
39.256887 34.179606 10.768256 -0.958922
43.219735 34.179606 10.753446 -1.664864
47.182583 34.179606 10.676664 -2.017684
51.145431 34.179606 9.933672 -0.480874
55.108279 34.179606 9.846855 2.011403
59.071127 34.179606 9.688679 0.383691
63.033975 34.179606 9.686497 -1.940841
66.996822 34.179606 8.555094 0.668596
-131.145575 30.216758 7.615472 0.635484
-127.182727 30.216758 17.301029 -2.782805
-123.219879 30.216758 0.000000 0.000000
-119.257031 30.216758 0.000000 0.000000
-115.294183 30.216758 0.000000 0.000000
-111.331335 30.216758 0.000000 0.000000
-107.368487 30.216758 0.000000 0.000000
-103.405639 30.216758 0.000000 0.000000
-99.442791 30.216758 0.000000 0.000000
-95.479943 30.216758 0.000000 0.000000
-91.517095 30.216758 0.000000 0.000000
-87.554247 30.216758 0.000000 0.000000
-83.591400 30.216758 0.000000 0.000000
-79.628552 30.216758 0.000000 0.000000
-75.665704 30.216758 0.000000 0.000000
-71.702856 30.216758 0.000000 0.000000
-67.740008 30.216758 0.000000 0.000000
-63.777160 30.216758 0.000000 0.000000
-59.814312 30.216758 0.000000 0.000000
-55.851464 30.216758 0.000000 0.000000
-51.888616 30.216758 0.000000 0.000000
-47.925768 30.216758 0.000000 0.000000
-43.962920 30.216758 0.000000 0.000000
-40.000072 30.216758 0.000000 0.000000
-36.037224 30.216758 0.000000 0.000000
-32.074376 30.216758 0.000000 0.000000
-28.111528 30.216758 0.000000 0.000000
-24.148680 30.216758 0.000000 0.000000
-20.185832 30.216758 0.000000 0.000000
-16.222984 30.216758 0.000000 0.000000
-12.260136 30.216758 0.000000 0.000000
-8.297289 30.216758 0.000000 0.000000
-4.334441 30.216758 0.000000 0.000000
-0.371593 30.216758 0.000000 0.000000
3.591255 30.216758 0.000000 0.000000
7.554103 30.216758 10.505032 2.112554
11.516951 30.216758 9.439086 1.372935
15.479799 30.216758 9.528713 0.382424
19.442647 30.216758 10.078305 -0.911348
23.405495 30.216758 11.076825 -0.970901
27.368343 30.216758 11.555043 1.293851
31.331191 30.216758 10.480262 1.273814
35.294039 30.216758 9.750480 0.935194
39.256887 30.216758 10.479445 -1.103938
43.219735 30.216758 10.994898 -1.342829
47.182583 30.216758 11.800849 -1.177981
51.145431 30.216758 12.232045 -0.214282
55.108279 30.216758 10.665794 1.231094
59.071127 30.216758 10.427964 0.718071
63.033975 30.216758 10.754764 0.206685
66.996822 30.216758 11.126808 -0.662512
-131.145575 26.253910 -15.200355 13.808633
-127.182727 26.253910 -2.906082 -0.157976
-123.219879 26.253910 0.000000 0.000000
-119.257031 26.253910 0.000000 0.000000
-115.294183 26.253910 0.000000 0.000000
-111.331335 26.253910 0.000000 0.000000
-107.368487 26.253910 0.000000 0.000000
-103.405639 26.253910 0.000000 0.000000
-99.442791 26.253910 0.000000 0.000000
-95.479943 26.253910 0.000000 0.000000
-91.517095 26.253910 0.000000 0.000000
-87.554247 26.253910 0.000000 0.000000
-83.591400 26.253910 0.000000 0.000000
-79.628552 26.253910 0.000000 0.000000
-75.665704 26.253910 0.000000 0.000000
-71.702856 26.253910 0.000000 0.000000
-67.740008 26.253910 0.000000 0.000000
-63.777160 26.253910 0.000000 0.000000
-59.814312 26.253910 0.000000 0.000000
-55.851464 26.253910 0.000000 0.000000
-51.888616 26.253910 0.000000 0.000000
-47.925768 26.253910 0.000000 0.000000
-43.962920 26.253910 0.000000 0.000000
-40.000072 26.253910 0.000000 0.000000
-36.037224 26.253910 0.000000 0.000000
-32.074376 26.253910 0.000000 0.000000
-28.111528 26.253910 0.000000 0.000000
-24.148680 26.253910 0.000000 0.000000
-20.185832 26.253910 0.000000 0.000000
-16.222984 26.253910 0.000000 0.000000
-12.260136 26.253910 0.000000 0.000000
-8.297289 26.253910 0.000000 0.000000
-4.334441 26.253910 0.000000 0.000000
-0.371593 26.253910 0.000000 0.000000
3.591255 26.253910 0.000000 0.000000
7.554103 26.253910 0.000000 0.000000
11.516951 26.253910 9.894769 0.655740
15.479799 26.253910 10.166050 0.066259
19.442647 26.253910 10.157660 -0.063745
23.405495 26.253910 11.056271 -0.272092
27.368343 26.253910 11.173647 0.585228
31.331191 26.253910 10.600492 0.662238
35.294039 26.253910 10.328122 0.961653
39.256887 26.253910 10.124088 -0.428566
43.219735 26.253910 10.858747 -0.469009
47.182583 26.253910 11.133431 -0.552640
51.145431 26.253910 11.356632 -0.428942
55.108279 26.253910 11.012110 0.673313
59.071127 26.253910 10.529876 0.155252
63.033975 26.253910 10.451866 -0.239677
66.996822 26.253910 10.863748 -0.073232
-131.145575 22.291062 -14.029791 -4.507927
-127.182727 22.291062 8.555140 -0.399700
-123.219879 22.291062 0.000000 0.000000
-119.257031 22.291062 0.000000 0.000000
-115.294183 22.291062 0.000000 0.000000
-111.331335 22.291062 0.000000 0.000000
-107.368487 22.291062 0.000000 0.000000
-103.405639 22.291062 0.000000 0.000000
-99.442791 22.291062 0.000000 0.000000
-95.479943 22.291062 0.000000 0.000000
-91.517095 22.291062 0.000000 0.000000
-87.554247 22.291062 0.000000 0.000000
-83.591400 22.291062 0.000000 0.000000
-79.628552 22.291062 0.000000 0.000000
-75.665704 22.291062 0.000000 0.000000
-71.702856 22.291062 0.000000 0.000000
-67.740008 22.291062 0.000000 0.000000
-63.777160 22.291062 0.000000 0.000000
-59.814312 22.291062 0.000000 0.000000
-55.851464 22.291062 0.000000 0.000000
-51.888616 22.291062 0.000000 0.000000
-47.925768 22.291062 0.000000 0.000000
-43.962920 22.291062 0.000000 0.000000
-40.000072 22.291062 0.000000 0.000000
-36.037224 22.291062 0.000000 0.000000
-32.074376 22.291062 0.000000 0.000000
-28.111528 22.291062 0.000000 0.000000
-24.148680 22.291062 0.000000 0.000000
-20.185832 22.291062 0.000000 0.000000
-16.222984 22.291062 0.000000 0.000000
-12.260136 22.291062 0.000000 0.000000
-8.297289 22.291062 0.000000 0.000000
-4.334441 22.291062 10.624081 0.909143
-0.371593 22.291062 10.809220 0.693473
3.591255 22.291062 10.589025 0.692993
7.554103 22.291062 10.636874 0.694872
11.516951 22.291062 10.398429 0.495242
15.479799 22.291062 10.426064 0.389884
19.442647 22.291062 10.863642 0.263444
23.405495 22.291062 10.930335 0.272858
27.368343 22.291062 10.517762 0.466923
31.331191 22.291062 10.877751 -0.136060
35.294039 22.291062 10.612603 0.289395
39.256887 22.291062 10.569489 -0.297713
43.219735 22.291062 10.913671 -0.466682
47.182583 22.291062 11.095448 0.067930
51.145431 22.291062 11.186558 0.159270
55.108279 22.291062 10.695354 0.163173
59.071127 22.291062 10.347100 0.433943
63.033975 22.291062 10.691278 -0.250775
66.996822 22.291062 10.777947 0.556576
-131.145575 18.328214 -11.861135 9.562414
-127.182727 18.328214 10.337130 0.338463
-123.219879 18.328214 10.357144 -0.164014
-119.257031 18.328214 2.069398 -4.760301
-115.294183 18.328214 12.459273 -12.191293
-111.331335 18.328214 9.831704 -1.718766
-107.368487 18.328214 0.000000 0.000000
-103.405639 18.328214 0.000000 0.000000
-99.442791 18.328214 0.000000 0.000000
-95.479943 18.328214 0.000000 0.000000
-91.517095 18.328214 0.000000 0.000000
-87.554247 18.328214 0.000000 0.000000
-83.591400 18.328214 0.000000 0.000000
-79.628552 18.328214 0.000000 0.000000
-75.665704 18.328214 0.000000 0.000000
-71.702856 18.328214 0.000000 0.000000
-67.740008 18.328214 0.000000 0.000000
-63.777160 18.328214 0.000000 0.000000
-59.814312 18.328214 0.000000 0.000000
-55.851464 18.328214 0.000000 0.000000
-51.888616 18.328214 11.745987 0.695981
-47.925768 18.328214 11.590430 0.724891
-43.962920 18.328214 11.569902 0.657924
-40.000072 18.328214 11.541967 0.710187
-36.037224 18.328214 11.546722 0.526419
-32.074376 18.328214 11.255580 0.700993
-28.111528 18.328214 11.352880 0.704381
-24.148680 18.328214 11.019842 0.755963
-20.185832 18.328214 11.452034 0.789163
-16.222984 18.328214 11.066003 0.613100
-12.260136 18.328214 10.987015 0.643596
-8.297289 18.328214 10.961721 0.594700
-4.334441 18.328214 10.711133 0.672913
-0.371593 18.328214 10.977007 0.681771
3.591255 18.328214 10.829580 0.647754
7.554103 18.328214 10.943483 0.582416
11.516951 18.328214 10.768083 0.492001
15.479799 18.328214 10.696795 0.534603
19.442647 18.328214 10.615392 0.206544
23.405495 18.328214 11.112132 0.174956
27.368343 18.328214 10.604348 0.823567
31.331191 18.328214 10.746684 0.138432
35.294039 18.328214 10.811139 0.405116
39.256887 18.328214 10.691124 0.057423
43.219735 18.328214 10.726181 -0.081522
47.182583 18.328214 10.774725 0.229484
51.145431 18.328214 10.753296 -0.011611
55.108279 18.328214 10.908223 0.160018
59.071127 18.328214 10.594697 0.366812
63.033975 18.328214 11.028774 -0.085545
66.996822 18.328214 10.804873 -0.093145
-131.145575 14.365366 1.816152 3.246076
-127.182727 14.365366 13.671309 16.499323
-123.219879 14.365366 -1.864393 -9.776990
-119.257031 14.365366 11.238819 14.654995
-115.294183 14.365366 -2.439958 -2.474015
-111.331335 14.365366 10.701121 -0.707336
-107.368487 14.365366 10.871056 -1.103677
-103.405639 14.365366 10.626926 -0.664450
-99.442791 14.365366 11.810010 -1.133106
-95.479943 14.365366 11.873804 -0.575591
-91.517095 14.365366 11.307983 -0.915970
-87.554247 14.365366 11.992552 -0.664716
-83.591400 14.365366 12.040600 -0.349579
-79.628552 14.365366 12.031851 -0.590778
-75.665704 14.365366 12.033078 -0.087272
-71.702856 14.365366 11.982892 0.515024
-67.740008 14.365366 12.059352 0.153276
-63.777160 14.365366 12.004029 0.351226
-59.814312 14.365366 12.055244 0.499566
-55.851464 14.365366 11.905231 0.424984
-51.888616 14.365366 11.803849 0.320899
-47.925768 14.365366 11.539752 0.284571
-43.962920 14.365366 11.872069 0.599938
-40.000072 14.365366 11.484768 0.624811
-36.037224 14.365366 11.637495 0.705780
-32.074376 14.365366 11.198005 0.656777
-28.111528 14.365366 11.167074 0.842201
-24.148680 14.365366 11.122745 0.590146
-20.185832 14.365366 11.192018 0.488510
-16.222984 14.365366 11.409819 0.539421
-12.260136 14.365366 11.244748 0.736072
-8.297289 14.365366 10.989352 0.639158
-4.334441 14.365366 11.122694 0.365683
-0.371593 14.365366 10.835383 0.440880
3.591255 14.365366 10.768111 0.919516
7.554103 14.365366 10.878997 0.700709
11.516951 14.365366 10.577163 0.312643
15.479799 14.365366 10.856418 0.454106
19.442647 14.365366 10.646267 -0.239003
23.405495 14.365366 10.511396 0.343311
27.368343 14.365366 10.694585 0.330717
31.331191 14.365366 10.648190 0.250570
35.294039 14.365366 10.711644 0.337534
39.256887 14.365366 7.454648 -13.654682
43.219735 14.365366 10.644837 0.153890
47.182583 14.365366 10.940337 0.217192
51.145431 14.365366 11.001251 -0.236218
55.108279 14.365366 10.109130 -0.108233
59.071127 14.365366 10.831219 -0.618889
63.033975 14.365366 11.217769 -0.148754
66.996822 14.365366 11.049411 -0.134691
-131.145575 10.402518 -15.196704 -5.888619
-127.182727 10.402518 2.955651 -17.984182
-123.219879 10.402518 8.933220 4.563493
-119.257031 10.402518 -0.539533 -3.517285
-115.294183 10.402518 12.272832 -0.266356
-111.331335 10.402518 10.280852 -0.790015
-107.368487 10.402518 11.166577 -0.998876
-103.405639 10.402518 12.026674 -0.567973
-99.442791 10.402518 11.463256 -0.820611
-95.479943 10.402518 11.878466 -0.591207
-91.517095 10.402518 11.797445 -0.516688
-87.554247 10.402518 11.378579 -0.502195
-83.591400 10.402518 11.944986 -0.399527
-79.628552 10.402518 11.786344 -0.398279
-75.665704 10.402518 11.765681 -0.118606
-71.702856 10.402518 11.856316 -0.064503
-67.740008 10.402518 11.964608 0.229971
-63.777160 10.402518 11.804794 -0.119800
-59.814312 10.402518 11.895080 0.155271
-55.851464 10.402518 11.783604 0.458988
-51.888616 10.402518 12.030432 0.496978
-47.925768 10.402518 11.793905 0.453266
-43.962920 10.402518 11.952501 0.399419
-40.000072 10.402518 11.217627 0.258842
-36.037224 10.402518 11.608427 0.588103
-32.074376 10.402518 11.117023 0.732108
-28.111528 10.402518 11.308354 0.864657
-24.148680 10.402518 11.227643 0.807787
-20.185832 10.402518 11.257361 0.606967
-16.222984 10.402518 11.218742 0.598440
-12.260136 10.402518 11.064903 0.531566
-8.297289 10.402518 11.125883 0.558597
-4.334441 10.402518 11.106670 0.451900
-0.371593 10.402518 10.777928 0.867097
3.591255 10.402518 10.669091 0.481194
7.554103 10.402518 10.806109 0.514358
11.516951 10.402518 11.037976 0.731268
15.479799 10.402518 10.725976 0.176734
19.442647 10.402518 10.812962 0.299759
23.405495 10.402518 10.711625 0.616028
27.368343 10.402518 10.828724 0.184850
31.331191 10.402518 10.853991 0.165488
35.294039 10.402518 11.078411 0.555040
39.256887 10.402518 10.790886 -0.291995
43.219735 10.402518 11.140956 0.155087
47.182583 10.402518 10.902239 0.280531
51.145431 10.402518 10.802737 0.266456
55.108279 10.402518 10.990013 0.306543
59.071127 10.402518 10.831848 0.019208
63.033975 10.402518 10.716222 0.153049
66.996822 10.402518 10.530332 0.242967
-131.145575 6.439670 -12.498285 -8.232249
-127.182727 6.439670 14.419900 -0.674097
-123.219879 6.439670 -2.081729 -0.049377
-119.257031 6.439670 14.015336 9.970657
-115.294183 6.439670 4.645931 14.350786
-111.331335 6.439670 11.204879 -0.653312
-107.368487 6.439670 11.015921 -0.780539
-103.405639 6.439670 11.577376 -0.340080
-99.442791 6.439670 11.510733 -0.711346
-95.479943 6.439670 11.495083 -0.515715
-91.517095 6.439670 11.561483 -0.569042
-87.554247 6.439670 11.450961 -0.461974
-83.591400 6.439670 11.618241 -0.276761
-79.628552 6.439670 12.061555 0.073961
-75.665704 6.439670 11.908869 0.195598
-71.702856 6.439670 11.732856 0.038580
-67.740008 6.439670 11.515479 0.393578
-63.777160 6.439670 11.750750 -0.105948
-59.814312 6.439670 11.666265 0.240326
-55.851464 6.439670 11.875745 0.411970
-51.888616 6.439670 11.584028 0.835157
-47.925768 6.439670 11.594286 0.437255
-43.962920 6.439670 11.807204 0.648059
-40.000072 6.439670 11.637367 0.571371
-36.037224 6.439670 11.470439 0.375646
-32.074376 6.439670 11.528863 0.600520
-28.111528 6.439670 11.555058 0.679059
-24.148680 6.439670 11.042524 0.553449
-20.185832 6.439670 11.124998 0.749028
-16.222984 6.439670 11.055272 0.608258
-12.260136 6.439670 11.136799 0.597889
-8.297289 6.439670 11.306350 0.537143
-4.334441 6.439670 11.250506 0.524560
-0.371593 6.439670 11.070411 0.524929
3.591255 6.439670 10.792087 0.539453
7.554103 6.439670 11.058292 0.649838
11.516951 6.439670 10.873136 0.300246
15.479799 6.439670 10.592836 0.347670
19.442647 6.439670 10.972042 0.222192
23.405495 6.439670 10.678586 0.522641
27.368343 6.439670 11.065831 0.316806
31.331191 6.439670 17.517155 -3.660326
35.294039 6.439670 10.775716 0.342365
39.256887 6.439670 10.942290 0.257240
43.219735 6.439670 10.464677 0.065183
47.182583 6.439670 11.264472 -0.238340
51.145431 6.439670 10.888618 0.012943
55.108279 6.439670 10.750758 0.469847
59.071127 6.439670 10.597204 0.309423
63.033975 6.439670 11.677929 0.207498
66.996822 6.439670 10.887583 -0.423112
-131.145575 2.476822 -6.702993 6.520654
-127.182727 2.476822 0.543099 -4.375109
-123.219879 2.476822 9.783899 -17.607079
-119.257031 2.476822 4.811912 -15.192926
-115.294183 2.476822 6.563033 -11.245674
-111.331335 2.476822 11.550975 0.184429
-107.368487 2.476822 11.213777 -0.833623
-103.405639 2.476822 11.055357 -0.843112
-99.442791 2.476822 10.794805 0.126332
-95.479943 2.476822 10.597855 -1.131486
-91.517095 2.476822 10.917631 -0.660659
-87.554247 2.476822 11.648695 -0.454287
-83.591400 2.476822 11.808866 -0.127862
-79.628552 2.476822 11.971074 -0.448888
-75.665704 2.476822 11.796455 0.107682
-71.702856 2.476822 11.948302 0.247682
-67.740008 2.476822 11.747619 -0.005597
-63.777160 2.476822 11.435177 0.109335
-59.814312 2.476822 11.436821 0.216599
-55.851464 2.476822 11.791521 0.140948
-51.888616 2.476822 11.152602 0.665808
-47.925768 2.476822 11.574763 0.344440
-43.962920 2.476822 11.688355 0.611432
-40.000072 2.476822 11.450106 0.701358
-36.037224 2.476822 11.071498 0.434711
-32.074376 2.476822 11.048401 0.399225
-28.111528 2.476822 11.025640 0.534161
-24.148680 2.476822 11.108891 0.560935
-20.185832 2.476822 11.016981 0.722081
-16.222984 2.476822 11.165746 0.567183
-12.260136 2.476822 11.256366 0.341772
-8.297289 2.476822 10.720328 0.489046
-4.334441 2.476822 11.107418 0.595136
-0.371593 2.476822 11.227402 0.316043
3.591255 2.476822 11.083771 0.257318
7.554103 2.476822 10.817425 0.357427
11.516951 2.476822 10.874401 0.619806
15.479799 2.476822 10.732864 0.448751
19.442647 2.476822 10.749370 0.121911
23.405495 2.476822 10.764301 0.428426
27.368343 2.476822 10.774354 -0.278538
31.331191 2.476822 11.073756 0.241211
35.294039 2.476822 10.803244 0.201186
39.256887 2.476822 10.873063 0.218163
43.219735 2.476822 11.077558 0.408128
47.182583 2.476822 11.079044 0.027626
51.145431 2.476822 11.100279 0.251986
55.108279 2.476822 10.443295 0.096764
59.071127 2.476822 10.429601 0.363312
63.033975 2.476822 10.988543 0.231310
66.996822 2.476822 10.840532 0.137886
-131.145575 -1.486026 -14.989918 0.739775
-127.182727 -1.486026 7.496625 -2.137387
-123.219879 -1.486026 12.574574 -3.754879
-119.257031 -1.486026 12.864333 0.085621
-115.294183 -1.486026 10.838459 -0.349175
-111.331335 -1.486026 11.277094 -0.103252
-107.368487 -1.486026 10.767969 -0.173981
-103.405639 -1.486026 11.060442 -0.525417
-99.442791 -1.486026 11.698332 -0.537149
-95.479943 -1.486026 11.553782 -0.160377
-91.517095 -1.486026 11.447274 -0.697474
-87.554247 -1.486026 11.605236 -0.597635
-83.591400 -1.486026 11.779750 -0.571626
-79.628552 -1.486026 11.232903 0.044688
-75.665704 -1.486026 11.397861 -0.067912
-71.702856 -1.486026 11.614176 0.095849
-67.740008 -1.486026 11.900507 0.260140
-63.777160 -1.486026 11.328034 0.368958
-59.814312 -1.486026 11.313949 0.472753
-55.851464 -1.486026 11.474888 0.406580
-51.888616 -1.486026 11.351874 0.470168
-47.925768 -1.486026 11.659956 0.608394
-43.962920 -1.486026 11.091770 0.147599
-40.000072 -1.486026 11.289991 0.320137
-36.037224 -1.486026 11.782772 0.625727
-32.074376 -1.486026 11.313953 0.224803
-28.111528 -1.486026 11.863728 0.945101
-24.148680 -1.486026 11.688002 0.705775
-20.185832 -1.486026 10.719107 0.558612
-16.222984 -1.486026 11.227402 0.988670
-12.260136 -1.486026 11.022806 0.540388
-8.297289 -1.486026 11.046619 0.495962
-4.334441 -1.486026 10.960213 0.398397
-0.371593 -1.486026 10.883550 0.475462
3.591255 -1.486026 10.306644 0.486308
7.554103 -1.486026 10.808968 0.262969
11.516951 -1.486026 11.094749 -0.073553
15.479799 -1.486026 11.065053 0.465739
19.442647 -1.486026 10.864851 0.345249
23.405495 -1.486026 10.843253 0.487431
27.368343 -1.486026 11.045120 0.177094
31.331191 -1.486026 11.401014 0.171996
35.294039 -1.486026 10.984138 0.404823
39.256887 -1.486026 11.013042 0.121541
43.219735 -1.486026 10.567587 0.490219
47.182583 -1.486026 11.183697 -0.244868
51.145431 -1.486026 10.998099 0.489541
55.108279 -1.486026 10.816852 0.337701
59.071127 -1.486026 10.702775 0.441629
63.033975 -1.486026 10.917742 0.407165
66.996822 -1.486026 10.683073 0.672681
-131.145575 -5.448874 1.066252 -16.298315
-127.182727 -5.448874 -2.726540 2.880103
-123.219879 -5.448874 -5.744478 -14.031606
-119.257031 -5.448874 -3.150187 -13.632783
-115.294183 -5.448874 18.069298 3.040042
-111.331335 -5.448874 11.120638 -0.724077
-107.368487 -5.448874 11.098548 -0.391147
-103.405639 -5.448874 11.586157 -0.592962
-99.442791 -5.448874 10.972896 -0.379806
-95.479943 -5.448874 11.406693 0.141737
-91.517095 -5.448874 11.672475 -0.191996
-87.554247 -5.448874 11.438742 0.289040
-83.591400 -5.448874 11.829324 0.461049
-79.628552 -5.448874 11.026993 -0.175709
-75.665704 -5.448874 11.424998 -0.229621
-71.702856 -5.448874 11.139665 0.281692
-67.740008 -5.448874 11.829738 0.280833
-63.777160 -5.448874 11.495420 0.121811
-59.814312 -5.448874 11.105313 0.622776
-55.851464 -5.448874 11.468375 0.382594
-51.888616 -5.448874 11.643945 0.157060
-47.925768 -5.448874 11.750899 0.320875
-43.962920 -5.448874 11.483498 0.594527
-40.000072 -5.448874 11.291799 0.744223
-36.037224 -5.448874 11.469282 0.308264
-32.074376 -5.448874 11.181075 0.396177
-28.111528 -5.448874 11.470386 0.774880
-24.148680 -5.448874 11.253298 0.436599
-20.185832 -5.448874 10.894765 0.563565
-16.222984 -5.448874 10.864205 0.209068
-12.260136 -5.448874 11.188819 0.372319
-8.297289 -5.448874 10.383191 0.423447
-4.334441 -5.448874 10.963946 0.278061
-0.371593 -5.448874 11.245691 0.471491
3.591255 -5.448874 10.843010 0.321512
7.554103 -5.448874 10.932109 0.503093
11.516951 -5.448874 10.718757 0.399161
15.479799 -5.448874 10.696477 0.335861
19.442647 -5.448874 10.673030 0.186583
23.405495 -5.448874 10.969959 0.293676
27.368343 -5.448874 11.067223 0.041569
31.331191 -5.448874 10.535531 0.319733
35.294039 -5.448874 11.133193 0.040419
39.256887 -5.448874 10.831484 0.273284
43.219735 -5.448874 10.854666 -0.292732
47.182583 -5.448874 10.907539 0.578835
51.145431 -5.448874 11.552454 0.226663
55.108279 -5.448874 10.900621 -0.250787
59.071127 -5.448874 10.835940 0.563527
63.033975 -5.448874 10.842583 1.072610
66.996822 -5.448874 10.966366 0.140108
-131.145575 -9.411722 7.607896 -1.955317
-127.182727 -9.411722 17.336758 8.849216
-123.219879 -9.411722 13.067145 1.251683
-119.257031 -9.411722 11.755733 0.627972
-115.294183 -9.411722 10.387043 6.334149
-111.331335 -9.411722 10.921634 -0.481160
-107.368487 -9.411722 9.695547 0.604545
-103.405639 -9.411722 10.859405 -0.523033
-99.442791 -9.411722 11.249608 -0.461326
-95.479943 -9.411722 11.096446 0.252719
-91.517095 -9.411722 10.875936 -0.264646
-87.554247 -9.411722 11.182181 -0.353203
-83.591400 -9.411722 10.853468 0.129701
-79.628552 -9.411722 10.464559 0.479574
-75.665704 -9.411722 11.487096 0.025573
-71.702856 -9.411722 11.576226 0.272864
-67.740008 -9.411722 11.835648 0.032721
-63.777160 -9.411722 11.810119 0.097858
-59.814312 -9.411722 11.611517 0.125842
-55.851464 -9.411722 11.024361 0.440234
-51.888616 -9.411722 11.900847 0.281881
-47.925768 -9.411722 11.206093 0.378037
-43.962920 -9.411722 11.108939 0.456286
-40.000072 -9.411722 11.496342 0.645420
-36.037224 -9.411722 11.203550 0.569877
-32.074376 -9.411722 11.075296 0.308732
-28.111528 -9.411722 11.283525 -0.044937
-24.148680 -9.411722 11.135290 0.648391
-20.185832 -9.411722 11.211273 0.538363
-16.222984 -9.411722 11.024838 0.446386
-12.260136 -9.411722 10.981051 -0.049823
-8.297289 -9.411722 11.181520 0.099187
-4.334441 -9.411722 10.990813 0.176248
-0.371593 -9.411722 11.196216 0.232671
3.591255 -9.411722 11.030982 0.505120
7.554103 -9.411722 11.066692 0.088435
11.516951 -9.411722 10.587828 0.817175
15.479799 -9.411722 10.493954 0.313414
19.442647 -9.411722 10.940253 0.235335
23.405495 -9.411722 10.893128 -0.179145
27.368343 -9.411722 10.870607 0.347382
31.331191 -9.411722 10.750440 0.328710
35.294039 -9.411722 10.665272 0.428912
39.256887 -9.411722 11.257617 -0.023305
43.219735 -9.411722 10.848330 -0.108974
47.182583 -9.411722 10.886512 0.272548
51.145431 -9.411722 10.765231 0.348151
55.108279 -9.411722 10.783113 0.239712
59.071127 -9.411722 10.979631 0.147037
63.033975 -9.411722 10.720445 1.123337
66.996822 -9.411722 10.890641 -0.366901
-131.145575 -13.374570 -12.540327 8.729679
-127.182727 -13.374570 -5.358685 4.059150
-123.219879 -13.374570 15.830715 -13.528648
-119.257031 -13.374570 -0.686708 14.279947
-115.294183 -13.374570 11.554797 -1.339397
-111.331335 -13.374570 10.597503 0.081460
-107.368487 -13.374570 -14.995527 16.820280
-103.405639 -13.374570 10.851614 0.340903
-99.442791 -13.374570 11.151935 -0.396860
-95.479943 -13.374570 11.002679 -0.245280
-91.517095 -13.374570 11.138259 -0.745214
-87.554247 -13.374570 11.635851 -0.188399
-83.591400 -13.374570 11.497074 0.001599
-79.628552 -13.374570 11.551357 -0.283607
-75.665704 -13.374570 11.201969 0.025022
-71.702856 -13.374570 11.283083 0.204233
-67.740008 -13.374570 11.234156 0.319869
-63.777160 -13.374570 11.581655 -0.233616
-59.814312 -13.374570 11.637437 0.417538
-55.851464 -13.374570 11.648336 0.082214
-51.888616 -13.374570 11.282980 0.323195
-47.925768 -13.374570 11.290825 0.362017
-43.962920 -13.374570 11.325031 0.116829
-40.000072 -13.374570 11.591753 0.071932
-36.037224 -13.374570 11.144731 0.752423
-32.074376 -13.374570 11.510049 0.189608
-28.111528 -13.374570 11.002151 0.026530
-24.148680 -13.374570 10.975363 0.464232
-20.185832 -13.374570 11.096066 0.283421
-16.222984 -13.374570 10.769866 0.351285
-12.260136 -13.374570 11.035046 0.319669
-8.297289 -13.374570 11.182608 0.392217
-4.334441 -13.374570 10.962733 0.463030
-0.371593 -13.374570 10.689885 0.262470
3.591255 -13.374570 10.970475 0.274027
7.554103 -13.374570 10.772530 0.295430
11.516951 -13.374570 11.049184 0.506807
15.479799 -13.374570 11.222157 0.275182
19.442647 -13.374570 11.052995 0.532177
23.405495 -13.374570 10.830778 -0.132928
27.368343 -13.374570 11.467944 0.035387
31.331191 -13.374570 10.849652 0.467951
35.294039 -13.374570 10.570677 0.283885
39.256887 -13.374570 11.270160 0.513399
43.219735 -13.374570 10.663011 0.549570
47.182583 -13.374570 10.628016 0.401529
51.145431 -13.374570 10.452418 -0.061383
55.108279 -13.374570 11.102506 0.249709
59.071127 -13.374570 10.746528 -0.123327
63.033975 -13.374570 11.613792 -0.209347
66.996822 -13.374570 10.059031 0.412164
-131.145575 -17.337417 3.007167 -10.168000
-127.182727 -17.337417 -2.221893 8.691510
-123.219879 -17.337417 -7.089046 6.047119
-119.257031 -17.337417 10.763399 0.473991
-115.294183 -17.337417 15.436019 -6.401682
-111.331335 -17.337417 10.945185 -0.256845
-107.368487 -17.337417 10.927662 0.336589
-103.405639 -17.337417 11.638994 2.103530
-99.442791 -17.337417 -5.094554 4.331789
-95.479943 -17.337417 10.863273 0.013331
-91.517095 -17.337417 11.554122 -0.030247
-87.554247 -17.337417 10.475031 0.454362
-83.591400 -17.337417 10.848970 0.192607
-79.628552 -17.337417 11.740410 -0.087756
-75.665704 -17.337417 11.181509 0.066778
-71.702856 -17.337417 11.420829 0.384528
-67.740008 -17.337417 11.685076 0.204233
-63.777160 -17.337417 11.135355 0.575098
-59.814312 -17.337417 11.298651 0.016839
-55.851464 -17.337417 11.642733 0.275687
-51.888616 -17.337417 11.554324 0.345521
-47.925768 -17.337417 11.506561 0.145512
-43.962920 -17.337417 11.529135 -0.048267
-40.000072 -17.337417 10.895833 0.680706
-36.037224 -17.337417 11.193558 0.089866
-32.074376 -17.337417 11.523232 0.410594
-28.111528 -17.337417 11.074280 0.589034
-24.148680 -17.337417 11.121922 0.176708
-20.185832 -17.337417 11.178577 0.298041
-16.222984 -17.337417 11.194090 0.583682
-12.260136 -17.337417 11.120595 0.659863
-8.297289 -17.337417 10.735325 0.470897
-4.334441 -17.337417 10.888123 0.201368
-0.371593 -17.337417 10.908917 -0.011540
3.591255 -17.337417 10.664305 0.414431
7.554103 -17.337417 10.547856 0.402249
11.516951 -17.337417 11.206202 0.335481
15.479799 -17.337417 10.954276 -0.106207
19.442647 -17.337417 11.170834 0.261424
23.405495 -17.337417 10.810855 0.383730
27.368343 -17.337417 10.261614 0.489890
31.331191 -17.337417 11.152378 0.509806
35.294039 -17.337417 11.059938 0.474159
39.256887 -17.337417 10.772165 0.214132
43.219735 -17.337417 10.976920 -0.209108
47.182583 -17.337417 11.610919 3.204143
51.145431 -17.337417 11.111223 0.266420
55.108279 -17.337417 11.387536 -0.114530
59.071127 -17.337417 10.594558 0.443794
63.033975 -17.337417 9.940594 0.651402
66.996822 -17.337417 11.066704 -0.010118
-131.145575 -21.300265 15.824856 6.650480
-127.182727 -21.300265 -12.726603 -6.902207
-123.219879 -21.300265 -11.357039 -2.126868
-119.257031 -21.300265 11.628447 -1.562831
-115.294183 -21.300265 12.125051 -1.034234
-111.331335 -21.300265 -14.800086 -15.204431
-107.368487 -21.300265 10.946722 0.394218
-103.405639 -21.300265 11.346318 -0.266530
-99.442791 -21.300265 10.959087 -1.491355
-95.479943 -21.300265 10.672727 -0.199839
-91.517095 -21.300265 10.585967 1.164789
-87.554247 -21.300265 13.282290 -2.559065
-83.591400 -21.300265 11.153383 0.608406
-79.628552 -21.300265 11.306911 0.076685
-75.665704 -21.300265 11.183712 -0.124995
-71.702856 -21.300265 10.936884 -0.317439
-67.740008 -21.300265 11.247836 0.253279
-63.777160 -21.300265 11.300049 0.285581
-59.814312 -21.300265 11.449834 0.170691
-55.851464 -21.300265 10.947402 0.372717
-51.888616 -21.300265 10.925208 0.247223
-47.925768 -21.300265 11.070994 0.484182
-43.962920 -21.300265 11.309023 0.341296
-40.000072 -21.300265 10.979032 0.409534
-36.037224 -21.300265 11.543216 0.194700
-32.074376 -21.300265 11.125970 0.319806
-28.111528 -21.300265 11.054496 0.450239
-24.148680 -21.300265 11.400243 0.445022
-20.185832 -21.300265 11.043758 0.355226
-16.222984 -21.300265 11.282153 0.332713
-12.260136 -21.300265 11.082549 0.646604
-8.297289 -21.300265 10.999989 0.343511
-4.334441 -21.300265 11.259765 0.237571
-0.371593 -21.300265 10.962907 0.560115
3.591255 -21.300265 10.552390 0.710589
7.554103 -21.300265 11.012525 0.135410
11.516951 -21.300265 11.225934 0.313235
15.479799 -21.300265 11.494199 0.157509
19.442647 -21.300265 10.436089 -0.181932
23.405495 -21.300265 11.281716 0.076309
27.368343 -21.300265 10.922302 0.555933
31.331191 -21.300265 11.251994 0.111621
35.294039 -21.300265 10.771876 0.010427
39.256887 -21.300265 10.450769 0.831320
43.219735 -21.300265 10.934435 0.000954
47.182583 -21.300265 10.883063 0.058746
51.145431 -21.300265 9.687333 0.698679
55.108279 -21.300265 11.194965 0.078534
59.071127 -21.300265 10.490100 -0.581152
63.033975 -21.300265 10.870212 0.271224
66.996822 -21.300265 10.275591 0.573862
-131.145575 -25.263113 3.015885 10.576278
-127.182727 -25.263113 0.732482 -9.962993
-123.219879 -25.263113 5.207907 9.277450
-119.257031 -25.263113 -6.854036 3.019068
-115.294183 -25.263113 -7.095284 -14.282846
-111.331335 -25.263113 10.759155 -0.079760
-107.368487 -25.263113 11.357811 0.601865
-103.405639 -25.263113 11.346335 -0.572867
-99.442791 -25.263113 11.722155 0.614261
-95.479943 -25.263113 10.958147 0.470734
-91.517095 -25.263113 12.043767 0.507475
-87.554247 -25.263113 10.822217 0.544308
-83.591400 -25.263113 11.182620 0.235256
-79.628552 -25.263113 10.680859 -0.169253
-75.665704 -25.263113 11.399283 0.199984
-71.702856 -25.263113 11.094345 -0.070583
-67.740008 -25.263113 11.701202 0.424863
-63.777160 -25.263113 11.608938 0.493279
-59.814312 -25.263113 10.624319 -0.005612
-55.851464 -25.263113 11.418148 0.443252
-51.888616 -25.263113 11.268456 -0.063747
-47.925768 -25.263113 10.878817 0.702756
-43.962920 -25.263113 11.126182 0.045638
-40.000072 -25.263113 11.302828 0.351873
-36.037224 -25.263113 11.287519 0.694371
-32.074376 -25.263113 11.086829 -0.577792
-28.111528 -25.263113 11.126719 0.040444
-24.148680 -25.263113 10.566839 0.483433
-20.185832 -25.263113 11.538870 0.456984
-16.222984 -25.263113 11.100530 -0.184882
-12.260136 -25.263113 10.882685 0.129019
-8.297289 -25.263113 11.422631 0.211459
-4.334441 -25.263113 10.851219 0.055226
-0.371593 -25.263113 11.044904 0.443237
3.591255 -25.263113 11.208551 0.545445
7.554103 -25.263113 11.333221 0.216960
11.516951 -25.263113 11.103065 0.492398
15.479799 -25.263113 10.741088 0.239425
19.442647 -25.263113 11.091811 1.339938
23.405495 -25.263113 10.876227 0.500042
27.368343 -25.263113 10.896276 0.060489
31.331191 -25.263113 11.164090 0.362223
35.294039 -25.263113 11.260871 0.112335
39.256887 -25.263113 10.244593 1.560627
43.219735 -25.263113 11.078350 0.470862
47.182583 -25.263113 10.478490 0.720869
51.145431 -25.263113 12.392770 -0.109448
55.108279 -25.263113 11.067122 0.195115
59.071127 -25.263113 10.981468 0.419664
63.033975 -25.263113 10.879366 0.163301
66.996822 -25.263113 9.243271 -0.631249
-131.145575 -29.225961 2.246428 1.027737
-127.182727 -29.225961 -7.167872 -15.632265
-123.219879 -29.225961 -3.637330 -4.836166
-119.257031 -29.225961 12.449227 4.670538
-115.294183 -29.225961 -7.558976 15.554152
-111.331335 -29.225961 9.892512 1.593444
-107.368487 -29.225961 11.389108 -0.047232
-103.405639 -29.225961 11.071510 -0.464457
-99.442791 -29.225961 11.050249 0.268350
-95.479943 -29.225961 11.668353 -0.203968
-91.517095 -29.225961 11.201270 0.658675
-87.554247 -29.225961 10.674117 -0.552791
-83.591400 -29.225961 11.959631 -0.339497
-79.628552 -29.225961 10.962700 0.029030
-75.665704 -29.225961 10.317069 0.348934
-71.702856 -29.225961 10.705729 0.316433
-67.740008 -29.225961 11.065872 0.183718
-63.777160 -29.225961 11.163933 0.081961
-59.814312 -29.225961 11.085010 0.756080
-55.851464 -29.225961 10.816278 0.028494
-51.888616 -29.225961 11.603197 0.107627
-47.925768 -29.225961 11.225994 0.219100
-43.962920 -29.225961 11.136297 0.646610
-40.000072 -29.225961 11.240102 0.820275
-36.037224 -29.225961 11.011066 0.368813
-32.074376 -29.225961 11.325306 0.164095
-28.111528 -29.225961 10.936235 0.388962
-24.148680 -29.225961 11.284211 0.429442
-20.185832 -29.225961 11.477113 0.012220
-16.222984 -29.225961 11.057290 0.425442
-12.260136 -29.225961 10.881127 0.594070
-8.297289 -29.225961 11.460180 0.249398
-4.334441 -29.225961 10.912834 0.157607
-0.371593 -29.225961 11.222934 0.494220
3.591255 -29.225961 11.637465 -0.205516
7.554103 -29.225961 11.061460 0.360694
11.516951 -29.225961 11.245317 0.085685
15.479799 -29.225961 10.668824 0.021038
19.442647 -29.225961 11.001486 1.804366
23.405495 -29.225961 10.964859 0.117086
27.368343 -29.225961 11.050271 0.818509
31.331191 -29.225961 10.589016 1.172996
35.294039 -29.225961 11.064949 0.448156
39.256887 -29.225961 10.657467 -0.252232
43.219735 -29.225961 11.045133 0.277304
47.182583 -29.225961 11.252225 0.784168
51.145431 -29.225961 10.916050 -0.617232
55.108279 -29.225961 10.662128 -0.220151
59.071127 -29.225961 9.679360 0.464297
63.033975 -29.225961 11.251305 -0.169381
66.996822 -29.225961 10.015533 0.682097
-131.145575 -33.188809 4.925210 -10.213716
-127.182727 -33.188809 -15.146055 -16.319162
-123.219879 -33.188809 12.923363 3.695205
-119.257031 -33.188809 -7.831952 9.295231
-115.294183 -33.188809 9.959753 0.546990
-111.331335 -33.188809 4.709503 -6.993651
-107.368487 -33.188809 10.073856 0.016983
-103.405639 -33.188809 9.816643 -0.378605
-99.442791 -33.188809 9.859813 -0.496294
-95.479943 -33.188809 10.768331 1.151452
-91.517095 -33.188809 11.868808 -0.283350
-87.554247 -33.188809 12.129198 0.626579
-83.591400 -33.188809 10.921299 -0.548684
-79.628552 -33.188809 11.777062 0.360155
-75.665704 -33.188809 10.378422 0.403510
-71.702856 -33.188809 11.692225 -0.054547
-67.740008 -33.188809 11.114538 -0.752371
-63.777160 -33.188809 10.660868 0.925670
-59.814312 -33.188809 11.179706 0.614841
-55.851464 -33.188809 11.108493 -0.013600
-51.888616 -33.188809 11.471116 -0.161311
-47.925768 -33.188809 11.436305 0.300664
-43.962920 -33.188809 11.050527 -0.143095
-40.000072 -33.188809 11.155165 0.312414
-36.037224 -33.188809 11.079309 0.676683
-32.074376 -33.188809 11.063991 0.396635
-28.111528 -33.188809 10.985301 -0.095400
-24.148680 -33.188809 10.941208 -0.040785
-20.185832 -33.188809 11.455146 0.367245
-16.222984 -33.188809 10.905250 0.072138
-12.260136 -33.188809 10.092044 0.470490
-8.297289 -33.188809 11.055800 0.504303
-4.334441 -33.188809 11.485125 0.005501
-0.371593 -33.188809 11.287656 0.338095
3.591255 -33.188809 11.044590 0.205475
7.554103 -33.188809 11.480995 0.266812
11.516951 -33.188809 11.365929 -0.107375
15.479799 -33.188809 10.997238 0.081934
19.442647 -33.188809 10.176973 0.665424
23.405495 -33.188809 10.795253 0.202454
27.368343 -33.188809 10.885134 0.090341
31.331191 -33.188809 11.067475 0.011829
35.294039 -33.188809 10.736723 0.992680
39.256887 -33.188809 11.954455 -0.220014
43.219735 -33.188809 11.175568 0.269283
47.182583 -33.188809 10.534883 0.566187
51.145431 -33.188809 11.498014 -0.137386
55.108279 -33.188809 10.713946 -0.340845
59.071127 -33.188809 11.204780 0.282481
63.033975 -33.188809 10.440589 0.571129
66.996822 -33.188809 -15.918409 -9.189462
-131.145575 -37.151657 6.127729 -6.762478
-127.182727 -37.151657 12.208257 0.129123
-123.219879 -37.151657 17.875135 9.049226
-119.257031 -37.151657 12.042252 2.267348
-115.294183 -37.151657 4.569719 -4.066861
-111.331335 -37.151657 -12.444935 -2.501190
-107.368487 -37.151657 11.243896 -0.655864
-103.405639 -37.151657 0.263486 -3.491546
-99.442791 -37.151657 10.940887 0.759108
-95.479943 -37.151657 9.787821 -0.452414
-91.517095 -37.151657 11.790615 -1.376601
-87.554247 -37.151657 11.049982 0.168260
-83.591400 -37.151657 11.685090 0.293973
-79.628552 -37.151657 11.493965 0.339377
-75.665704 -37.151657 11.001365 -0.178593
-71.702856 -37.151657 11.392359 0.400094
-67.740008 -37.151657 10.518066 0.060001
-63.777160 -37.151657 11.320934 0.095130
-59.814312 -37.151657 11.013115 0.148808
-55.851464 -37.151657 10.856233 0.337228
-51.888616 -37.151657 11.472943 0.307549
-47.925768 -37.151657 11.014838 0.462226
-43.962920 -37.151657 10.723577 0.110199
-40.000072 -37.151657 10.854323 -0.060762
-36.037224 -37.151657 10.973977 -0.317881
-32.074376 -37.151657 11.344019 0.056315
-28.111528 -37.151657 11.047333 -0.069701
-24.148680 -37.151657 11.229282 0.585381
-20.185832 -37.151657 10.821815 0.317978
-16.222984 -37.151657 10.898356 0.329659
-12.260136 -37.151657 10.900932 0.350427
-8.297289 -37.151657 10.464959 0.837708
-4.334441 -37.151657 10.311644 0.790844
-0.371593 -37.151657 10.257355 0.507948
3.591255 -37.151657 11.363874 0.165931
7.554103 -37.151657 10.951338 -0.279485
11.516951 -37.151657 10.703589 0.497823
15.479799 -37.151657 10.487813 0.116143
19.442647 -37.151657 10.490561 0.747678
23.405495 -37.151657 11.344446 0.196819
27.368343 -37.151657 11.384456 0.917049
31.331191 -37.151657 11.396938 0.359227
35.294039 -37.151657 10.420528 -0.278884
39.256887 -37.151657 9.645624 -0.078505
43.219735 -37.151657 11.218539 0.170820
47.182583 -37.151657 10.409716 0.378287
51.145431 -37.151657 10.592732 -0.650653
55.108279 -37.151657 10.196262 0.573278
59.071127 -37.151657 10.250419 2.011130
63.033975 -37.151657 10.928241 0.620390
66.996822 -37.151657 10.186446 0.408233
-131.145575 -41.114505 -10.262798 -15.573113
-127.182727 -41.114505 12.426337 14.680801
-123.219879 -41.114505 -12.013398 11.959908
-119.257031 -41.114505 1.719950 -12.640289
-115.294183 -41.114505 -15.229298 -7.399423
-111.331335 -41.114505 14.173820 1.674249
-107.368487 -41.114505 9.558639 -0.448366
-103.405639 -41.114505 11.526397 1.322492
-99.442791 -41.114505 10.845615 -1.151649
-95.479943 -41.114505 10.995235 -0.605221
-91.517095 -41.114505 11.318962 0.970012
-87.554247 -41.114505 11.785354 -0.211897
-83.591400 -41.114505 11.120788 -0.756163
-79.628552 -41.114505 10.972365 0.130212
-75.665704 -41.114505 12.608376 -1.468552
-71.702856 -41.114505 11.287829 -0.150510
-67.740008 -41.114505 11.039979 -0.115645
-63.777160 -41.114505 10.885838 -0.119723
-59.814312 -41.114505 11.141101 0.152249
-55.851464 -41.114505 10.886930 0.453930
-51.888616 -41.114505 11.603115 0.065847
-47.925768 -41.114505 11.923106 -0.301639
-43.962920 -41.114505 10.970529 0.053913
-40.000072 -41.114505 11.134048 0.817053
-36.037224 -41.114505 11.126328 0.091718
-32.074376 -41.114505 10.841593 0.594926
-28.111528 -41.114505 10.866011 0.094574
-24.148680 -41.114505 11.673024 0.303072
-20.185832 -41.114505 10.901538 0.107483
-16.222984 -41.114505 10.978137 0.364716
-12.260136 -41.114505 10.581771 0.380468
-8.297289 -41.114505 11.099081 0.532835
-4.334441 -41.114505 10.646605 0.498371
-0.371593 -41.114505 10.879226 0.270545
3.591255 -41.114505 11.429009 0.666235
7.554103 -41.114505 11.302939 0.154877
11.516951 -41.114505 10.779721 0.075915
15.479799 -41.114505 10.684479 0.207064
19.442647 -41.114505 10.447805 0.247350
23.405495 -41.114505 11.192673 -0.076695
27.368343 -41.114505 10.518608 0.403002
31.331191 -41.114505 11.184222 0.372636
35.294039 -41.114505 11.549441 0.049083
39.256887 -41.114505 15.879638 12.287254
43.219735 -41.114505 11.265602 -1.412374
47.182583 -41.114505 11.205435 0.218370
51.145431 -41.114505 9.873413 -0.593937
55.108279 -41.114505 9.843088 0.299941
59.071127 -41.114505 10.691936 0.716702
63.033975 -41.114505 10.762040 0.937289
66.996822 -41.114505 10.834157 -0.528701
-131.145575 -45.077353 -0.043805 -9.124826
-127.182727 -45.077353 7.839217 7.540681
-123.219879 -45.077353 9.959603 -9.705791
-119.257031 -45.077353 -7.203310 10.522844
-115.294183 -45.077353 3.701753 9.901752
-111.331335 -45.077353 -12.075358 -11.673829
-107.368487 -45.077353 10.244943 1.661976
-103.405639 -45.077353 10.289216 0.172705
-99.442791 -45.077353 8.454050 -5.795073
-95.479943 -45.077353 11.020396 -0.471533
-91.517095 -45.077353 10.410200 1.139233
-87.554247 -45.077353 11.672636 -1.457680
-83.591400 -45.077353 11.996912 -0.436942
-79.628552 -45.077353 10.592663 0.275286
-75.665704 -45.077353 9.893645 -0.432250
-71.702856 -45.077353 11.073906 -0.410521
-67.740008 -45.077353 10.504612 0.066588
-63.777160 -45.077353 10.855946 0.460745
-59.814312 -45.077353 11.357734 0.462452
-55.851464 -45.077353 10.958571 0.258207
-51.888616 -45.077353 10.884586 -0.445485
-47.925768 -45.077353 10.532508 0.471232
-43.962920 -45.077353 11.414695 0.409667
-40.000072 -45.077353 11.138633 -0.592290
-36.037224 -45.077353 10.900345 -0.090498
-32.074376 -45.077353 10.917458 0.018778
-28.111528 -45.077353 10.856225 0.438442
-24.148680 -45.077353 10.780584 -0.042051
-20.185832 -45.077353 10.823202 0.527951
-16.222984 -45.077353 11.159031 0.619645
-12.260136 -45.077353 10.445846 0.184741
-8.297289 -45.077353 11.123957 0.430393
-4.334441 -45.077353 11.367685 0.585097
-0.371593 -45.077353 11.809972 -0.278494
3.591255 -45.077353 10.484848 -0.214733
7.554103 -45.077353 10.843215 0.063189
11.516951 -45.077353 10.919274 0.096383
15.479799 -45.077353 11.168515 0.364693
19.442647 -45.077353 9.518623 0.548157
23.405495 -45.077353 11.041416 -0.131158
27.368343 -45.077353 11.997715 0.523660
31.331191 -45.077353 10.017806 0.161928
35.294039 -45.077353 11.441581 0.770118
39.256887 -45.077353 9.614949 0.702995
43.219735 -45.077353 10.678345 1.649032
47.182583 -45.077353 11.557692 2.292370
51.145431 -45.077353 7.538942 -0.684470
55.108279 -45.077353 10.396573 0.037109
59.071127 -45.077353 10.715674 0.921271
63.033975 -45.077353 12.473241 -0.081197
66.996822 -45.077353 9.966217 -2.817831
-131.145575 -49.040201 7.274669 -13.197383
-127.182727 -49.040201 -11.041655 -6.351058
-123.219879 -49.040201 10.355558 -7.643710
-119.257031 -49.040201 11.115801 4.395089
-115.294183 -49.040201 12.131134 13.595352
-111.331335 -49.040201 -0.890186 -1.355032
-107.368487 -49.040201 11.075422 0.950491
-103.405639 -49.040201 -10.949395 -5.996492
-99.442791 -49.040201 11.531044 0.228335
-95.479943 -49.040201 11.677526 -0.473403
-91.517095 -49.040201 9.946398 0.321315
-87.554247 -49.040201 10.172021 0.919360
-83.591400 -49.040201 10.863738 -0.318865
-79.628552 -49.040201 11.135530 0.274174
-75.665704 -49.040201 10.285143 6.710575
-71.702856 -49.040201 10.168138 -0.754070
-67.740008 -49.040201 11.563920 0.677224
-63.777160 -49.040201 11.507764 0.307474
-59.814312 -49.040201 10.899021 0.220102
-55.851464 -49.040201 11.254751 0.829985
-51.888616 -49.040201 11.941259 -0.420695
-47.925768 -49.040201 11.433130 0.690534
-43.962920 -49.040201 10.637177 -0.138931
-40.000072 -49.040201 11.668119 0.123057
-36.037224 -49.040201 11.753794 -0.204455
-32.074376 -49.040201 11.082865 0.459045
-28.111528 -49.040201 9.960117 -0.405339
-24.148680 -49.040201 9.872543 -0.198823
-20.185832 -49.040201 10.711266 0.359337
-16.222984 -49.040201 10.886351 0.663772
-12.260136 -49.040201 11.898678 -0.229343
-8.297289 -49.040201 10.599855 -0.194420
-4.334441 -49.040201 10.969386 0.327793
-0.371593 -49.040201 10.575574 0.402702
3.591255 -49.040201 11.848111 -0.697074
7.554103 -49.040201 10.923871 1.169946
11.516951 -49.040201 10.507295 -0.594187
15.479799 -49.040201 10.666980 0.378738
19.442647 -49.040201 11.116175 0.041281
23.405495 -49.040201 11.068666 0.241887
27.368343 -49.040201 10.944112 -0.044322
31.331191 -49.040201 10.637838 0.526416
35.294039 -49.040201 9.844158 0.240688
39.256887 -49.040201 10.807353 0.203956
43.219735 -49.040201 10.979552 0.152865
47.182583 -49.040201 10.050262 0.204755
51.145431 -49.040201 10.169808 0.864748
55.108279 -49.040201 9.323539 -0.274883
59.071127 -49.040201 10.631405 -0.922061
63.033975 -49.040201 10.584764 -0.592817
66.996822 -49.040201 1.919019 -4.737850
-131.145575 -53.003049 0.000000 0.000000
-127.182727 -53.003049 0.000000 0.000000
-123.219879 -53.003049 0.000000 0.000000
-119.257031 -53.003049 0.000000 0.000000
-115.294183 -53.003049 0.000000 0.000000
-111.331335 -53.003049 0.000000 0.000000
-107.368487 -53.003049 0.000000 0.000000
-103.405639 -53.003049 0.000000 0.000000
-99.442791 -53.003049 0.000000 0.000000
-95.479943 -53.003049 0.000000 0.000000
-91.517095 -53.003049 0.000000 0.000000
-87.554247 -53.003049 0.000000 0.000000
-83.591400 -53.003049 0.000000 0.000000
-79.628552 -53.003049 0.000000 0.000000
-75.665704 -53.003049 0.000000 0.000000
-71.702856 -53.003049 0.000000 0.000000
-67.740008 -53.003049 0.000000 0.000000
-63.777160 -53.003049 0.000000 0.000000
-59.814312 -53.003049 0.000000 0.000000
-55.851464 -53.003049 0.000000 0.000000
-51.888616 -53.003049 0.000000 0.000000
-47.925768 -53.003049 0.000000 0.000000
-43.962920 -53.003049 0.000000 0.000000
-40.000072 -53.003049 0.000000 0.000000
-36.037224 -53.003049 0.000000 0.000000
-32.074376 -53.003049 0.000000 0.000000
-28.111528 -53.003049 0.000000 0.000000
-24.148680 -53.003049 0.000000 0.000000
-20.185832 -53.003049 0.000000 0.000000
-16.222984 -53.003049 0.000000 0.000000
-12.260136 -53.003049 0.000000 0.000000
-8.297289 -53.003049 0.000000 0.000000
-4.334441 -53.003049 0.000000 0.000000
-0.371593 -53.003049 0.000000 0.000000
3.591255 -53.003049 0.000000 0.000000
7.554103 -53.003049 0.000000 0.000000
11.516951 -53.003049 0.000000 0.000000
15.479799 -53.003049 0.000000 0.000000
19.442647 -53.003049 0.000000 0.000000
23.405495 -53.003049 0.000000 0.000000
27.368343 -53.003049 0.000000 0.000000
31.331191 -53.003049 0.000000 0.000000
35.294039 -53.003049 0.000000 0.000000
39.256887 -53.003049 0.000000 0.000000
43.219735 -53.003049 0.000000 0.000000
47.182583 -53.003049 0.000000 0.000000
51.145431 -53.003049 0.000000 0.000000
55.108279 -53.003049 0.000000 0.000000
59.071127 -53.003049 0.000000 0.000000
63.033975 -53.003049 0.000000 0.000000
66.996822 -53.003049 0.000000 0.000000
