TITLE = "B00005"
VARIABLES = "position", "position(2)", "Vx", "Vy"
ZONE T="Frame 0", I=51, J=39
-131.145575 97.585173 12.037527 5.324234
-127.182727 97.585173 11.168421 0.448149
-123.219879 97.585173 11.207556 0.456005
-119.257031 97.585173 11.139848 0.636086
-115.294183 97.585173 11.323291 0.517545
-111.331335 97.585173 0.000000 0.000000
-107.368487 97.585173 0.000000 0.000000
-103.405639 97.585173 0.000000 0.000000
-99.442791 97.585173 0.000000 0.000000
-95.479943 97.585173 0.000000 0.000000
-91.517095 97.585173 0.000000 0.000000
-87.554247 97.585173 11.394188 0.275492
-83.591400 97.585173 11.550847 0.445132
-79.628552 97.585173 11.498417 0.156699
-75.665704 97.585173 11.478966 0.433106
-71.702856 97.585173 11.595419 -0.038915
-67.740008 97.585173 11.542008 0.086358
-63.777160 97.585173 11.527388 0.138430
-59.814312 97.585173 11.320912 0.279923
-55.851464 97.585173 11.213955 0.234431
-51.888616 97.585173 11.560008 0.017222
-47.925768 97.585173 11.460670 -0.041238
-43.962920 97.585173 11.262669 -0.055521
-40.000072 97.585173 11.364738 0.020059
-36.037224 97.585173 11.490314 -0.066386
-32.074376 97.585173 11.229431 -0.064463
-28.111528 97.585173 11.058196 0.083757
-24.148680 97.585173 11.118626 0.058572
-20.185832 97.585173 10.942996 -0.016776
-16.222984 97.585173 11.479014 0.043143
-12.260136 97.585173 0.000000 0.000000
-8.297289 97.585173 0.000000 0.000000
-4.334441 97.585173 0.000000 0.000000
-0.371593 97.585173 11.098968 -0.179304
3.591255 97.585173 11.121233 -0.113433
7.554103 97.585173 11.035130 0.082294
11.516951 97.585173 11.151226 -0.109016
15.479799 97.585173 11.062474 -0.162057
19.442647 97.585173 10.989169 -0.029817
23.405495 97.585173 11.186370 -0.012963
27.368343 97.585173 11.086516 0.078098
31.331191 97.585173 10.975366 -0.154520
35.294039 97.585173 11.023045 0.123137
39.256887 97.585173 11.036578 0.084478
43.219735 97.585173 11.057576 0.133945
47.182583 97.585173 10.969113 0.253152
51.145431 97.585173 10.931025 0.054612
55.108279 97.585173 10.934493 -0.188505
59.071127 97.585173 10.906452 -0.080014
63.033975 97.585173 10.947604 -0.021376
66.996822 97.585173 11.024911 0.127678
-131.145575 93.622325 7.348562 -13.714622
-127.182727 93.622325 10.988757 -0.137454
-123.219879 93.622325 11.033862 0.508129
-119.257031 93.622325 11.256699 0.463645
-115.294183 93.622325 11.491562 0.619757
-111.331335 93.622325 0.000000 0.000000
-107.368487 93.622325 0.000000 0.000000
-103.405639 93.622325 0.000000 0.000000
-99.442791 93.622325 0.000000 0.000000
-95.479943 93.622325 0.000000 0.000000
-91.517095 93.622325 0.000000 0.000000
-87.554247 93.622325 11.488033 0.441708
-83.591400 93.622325 11.425044 0.457000
-79.628552 93.622325 11.596301 0.170211
-75.665704 93.622325 11.527282 0.180419
-71.702856 93.622325 11.505315 0.339516
-67.740008 93.622325 11.332038 0.196289
-63.777160 93.622325 11.469983 0.192748
-59.814312 93.622325 11.517817 0.166310
-55.851464 93.622325 11.404832 -0.158415
-51.888616 93.622325 11.272710 0.261307
-47.925768 93.622325 11.394284 0.006535
-43.962920 93.622325 11.395946 -0.018782
-40.000072 93.622325 11.475688 -0.156446
-36.037224 93.622325 11.480121 -0.044974
-32.074376 93.622325 11.345374 -0.213204
-28.111528 93.622325 11.431202 -0.070064
-24.148680 93.622325 11.259830 -0.188390
-20.185832 93.622325 11.372942 -0.207511
-16.222984 93.622325 11.258204 0.072883
-12.260136 93.622325 0.000000 0.000000
-8.297289 93.622325 0.000000 0.000000
-4.334441 93.622325 0.000000 0.000000
-0.371593 93.622325 10.996412 -0.201732
3.591255 93.622325 11.030300 0.037667
7.554103 93.622325 11.266771 0.144626
11.516951 93.622325 11.141356 0.144402
15.479799 93.622325 11.076769 -0.207242
19.442647 93.622325 11.080669 0.023284
23.405495 93.622325 10.983529 0.031783
27.368343 93.622325 10.998753 0.138289
31.331191 93.622325 11.077247 -0.047205
35.294039 93.622325 10.897479 0.114509
39.256887 93.622325 11.072448 0.150176
43.219735 93.622325 10.968511 0.000915
47.182583 93.622325 11.126475 0.075079
51.145431 93.622325 11.061788 -0.011153
55.108279 93.622325 11.045783 0.123944
59.071127 93.622325 10.978089 -0.027767
63.033975 93.622325 10.978048 0.220478
66.996822 93.622325 11.007574 0.015274
-131.145575 89.659477 10.959167 0.612132
-127.182727 89.659477 11.492620 0.710328
-123.219879 89.659477 11.197667 0.692609
-119.257031 89.659477 11.190171 0.455461
-115.294183 89.659477 11.460133 0.734982
-111.331335 89.659477 0.000000 0.000000
-107.368487 89.659477 0.000000 0.000000
-103.405639 89.659477 0.000000 0.000000
-99.442791 89.659477 0.000000 0.000000
-95.479943 89.659477 0.000000 0.000000
-91.517095 89.659477 0.000000 0.000000
-87.554247 89.659477 11.496277 0.557082
-83.591400 89.659477 11.651305 0.200114
-79.628552 89.659477 11.429542 0.213555
-75.665704 89.659477 11.581522 0.297203
-71.702856 89.659477 11.681028 0.328986
-67.740008 89.659477 11.487424 0.274431
-63.777160 89.659477 11.483692 0.234033
-59.814312 89.659477 11.464155 0.177535
-55.851464 89.659477 11.317046 0.203710
-51.888616 89.659477 11.477915 0.139407
-47.925768 89.659477 11.466753 0.074299
-43.962920 89.659477 11.524001 0.092921
-40.000072 89.659477 11.480692 -0.010822
-36.037224 89.659477 11.220095 -0.181155
-32.074376 89.659477 11.415069 0.090659
-28.111528 89.659477 11.523808 -0.057588
-24.148680 89.659477 11.268752 0.034109
-20.185832 89.659477 11.174064 0.005224
-16.222984 89.659477 11.337735 -0.205162
-12.260136 89.659477 0.000000 0.000000
-8.297289 89.659477 0.000000 0.000000
-4.334441 89.659477 0.000000 0.000000
-0.371593 89.659477 11.116500 0.020715
3.591255 89.659477 11.097384 -0.097580
7.554103 89.659477 11.028516 0.004048
11.516951 89.659477 11.127387 -0.087158
15.479799 89.659477 11.129375 -0.152486
19.442647 89.659477 11.042737 -0.032719
23.405495 89.659477 11.072426 -0.097192
27.368343 89.659477 10.904140 0.086924
31.331191 89.659477 10.964857 -0.021946
35.294039 89.659477 11.062864 -0.128237
39.256887 89.659477 11.120259 0.201807
43.219735 89.659477 11.032248 -0.058730
47.182583 89.659477 11.051893 0.170539
51.145431 89.659477 10.835569 0.248526
55.108279 89.659477 10.959929 0.039210
59.071127 89.659477 10.842557 0.156962
63.033975 89.659477 10.979615 -0.228968
66.996822 89.659477 11.103147 0.152468
-131.145575 85.696629 -1.203839 9.932912
-127.182727 85.696629 11.141588 0.943990
-123.219879 85.696629 11.145941 0.544185
-119.257031 85.696629 11.479240 0.217803
-115.294183 85.696629 11.037410 0.836846
-111.331335 85.696629 0.000000 0.000000
-107.368487 85.696629 0.000000 0.000000
-103.405639 85.696629 0.000000 0.000000
-99.442791 85.696629 0.000000 0.000000
-95.479943 85.696629 0.000000 0.000000
-91.517095 85.696629 0.000000 0.000000
-87.554247 85.696629 11.568550 0.369333
-83.591400 85.696629 11.491851 0.346265
-79.628552 85.696629 11.670838 0.298158
-75.665704 85.696629 11.619249 0.375059
-71.702856 85.696629 11.719862 0.173193
-67.740008 85.696629 11.488915 0.029604
-63.777160 85.696629 11.633749 0.148659
-59.814312 85.696629 11.543633 0.082252
-55.851464 85.696629 11.700701 0.131859
-51.888616 85.696629 11.347208 0.038702
-47.925768 85.696629 11.292770 0.091807
-43.962920 85.696629 11.397637 -0.198887
-40.000072 85.696629 11.191661 -0.043770
-36.037224 85.696629 11.524421 -0.201862
-32.074376 85.696629 11.314715 -0.054716
-28.111528 85.696629 11.344954 -0.035233
-24.148680 85.696629 11.437023 -0.198623
-20.185832 85.696629 11.304436 -0.078820
-16.222984 85.696629 11.142349 -0.176195
-12.260136 85.696629 0.000000 0.000000
-8.297289 85.696629 0.000000 0.000000
-4.334441 85.696629 0.000000 0.000000
-0.371593 85.696629 11.159313 -0.030772
3.591255 85.696629 11.106138 -0.274959
7.554103 85.696629 11.088095 0.196245
11.516951 85.696629 11.041327 -0.061106
15.479799 85.696629 11.171757 -0.177883
19.442647 85.696629 11.157773 0.104254
23.405495 85.696629 10.952384 -0.173535
27.368343 85.696629 11.041929 0.077066
31.331191 85.696629 11.048704 0.232654
35.294039 85.696629 10.978699 -0.034993
39.256887 85.696629 10.882610 0.036609
43.219735 85.696629 10.887484 0.010368
47.182583 85.696629 10.857661 -0.054575
51.145431 85.696629 11.196430 0.107164
55.108279 85.696629 11.045971 -0.073533
59.071127 85.696629 10.969581 0.007866
63.033975 85.696629 11.109009 0.000779
66.996822 85.696629 10.886461 0.177781
-131.145575 81.733781 11.507691 0.736703
-127.182727 81.733781 11.286696 0.500291
-123.219879 81.733781 11.371411 0.716969
-119.257031 81.733781 11.213073 0.766994
-115.294183 81.733781 11.484763 0.460398
-111.331335 81.733781 0.000000 0.000000
-107.368487 81.733781 0.000000 0.000000
-103.405639 81.733781 0.000000 0.000000
-99.442791 81.733781 0.000000 0.000000
-95.479943 81.733781 0.000000 0.000000
-91.517095 81.733781 0.000000 0.000000
-87.554247 81.733781 11.633588 0.516022
-83.591400 81.733781 11.585908 0.356436
-79.628552 81.733781 11.362424 0.429625
-75.665704 81.733781 11.771090 0.261453
-71.702856 81.733781 11.600560 0.309775
-67.740008 81.733781 11.669660 0.269039
-63.777160 81.733781 11.532893 0.157014
-59.814312 81.733781 11.533255 0.089900
-55.851464 81.733781 11.742367 0.227810
-51.888616 81.733781 11.546023 0.037776
-47.925768 81.733781 11.566470 -0.018999
-43.962920 81.733781 11.505119 0.011641
-40.000072 81.733781 11.405910 -0.195561
-36.037224 81.733781 11.502151 -0.210291
-32.074376 81.733781 11.449260 -0.089845
-28.111528 81.733781 11.231798 -0.146133
-24.148680 81.733781 11.213331 -0.013192
-20.185832 81.733781 11.289083 -0.191145
-16.222984 81.733781 11.310614 -0.363161
-12.260136 81.733781 0.000000 0.000000
-8.297289 81.733781 0.000000 0.000000
-4.334441 81.733781 0.000000 0.000000
-0.371593 81.733781 11.138402 -0.176838
3.591255 81.733781 11.139197 -0.078623
7.554103 81.733781 11.117324 -0.135942
11.516951 81.733781 11.010811 -0.084229
15.479799 81.733781 11.002100 -0.205373
19.442647 81.733781 11.233753 0.016026
23.405495 81.733781 10.786485 -0.060599
27.368343 81.733781 11.096548 0.067510
31.331191 81.733781 11.072901 -0.007624
35.294039 81.733781 10.994252 0.047409
39.256887 81.733781 10.741091 0.150618
43.219735 81.733781 10.909981 -0.009003
47.182583 81.733781 10.982387 0.203634
51.145431 81.733781 10.929371 0.245738
55.108279 81.733781 11.057671 -0.075744
59.071127 81.733781 10.921181 0.030458
63.033975 81.733781 10.949747 -0.081390
66.996822 81.733781 10.756217 0.034695
-131.145575 77.770933 3.877474 -17.506779
-127.182727 77.770933 10.871116 0.534853
-123.219879 77.770933 10.938296 0.687270
-119.257031 77.770933 11.533968 0.693597
-115.294183 77.770933 11.260866 0.847193
-111.331335 77.770933 0.000000 0.000000
-107.368487 77.770933 0.000000 0.000000
-103.405639 77.770933 0.000000 0.000000
-99.442791 77.770933 0.000000 0.000000
-95.479943 77.770933 0.000000 0.000000
-91.517095 77.770933 11.685428 0.315476
-87.554247 77.770933 11.587887 0.564423
-83.591400 77.770933 11.522538 0.477628
-79.628552 77.770933 11.918365 0.479872
-75.665704 77.770933 11.776920 0.354667
-71.702856 77.770933 11.650840 0.374514
-67.740008 77.770933 11.646345 0.252300
-63.777160 77.770933 11.730896 0.197167
-59.814312 77.770933 11.674268 0.024157
-55.851464 77.770933 11.357121 0.099871
-51.888616 77.770933 11.666485 0.188093
-47.925768 77.770933 11.679351 -0.117211
-43.962920 77.770933 11.537233 -0.127129
-40.000072 77.770933 11.388522 -0.059473
-36.037224 77.770933 11.564693 -0.097053
-32.074376 77.770933 11.425032 -0.111094
-28.111528 77.770933 11.441106 -0.099226
-24.148680 77.770933 11.379300 -0.225142
-20.185832 77.770933 11.199144 -0.243106
-16.222984 77.770933 11.165686 -0.231960
-12.260136 77.770933 0.000000 0.000000
-8.297289 77.770933 0.000000 0.000000
-4.334441 77.770933 0.000000 0.000000
-0.371593 77.770933 11.141207 -0.168209
3.591255 77.770933 11.082028 -0.060266
7.554103 77.770933 10.974464 -0.171037
11.516951 77.770933 11.048512 -0.279148
15.479799 77.770933 10.962921 0.094013
19.442647 77.770933 11.081552 0.018383
23.405495 77.770933 11.002796 -0.059287
27.368343 77.770933 10.941772 0.169172
31.331191 77.770933 11.257961 -0.120084
35.294039 77.770933 10.905114 0.025410
39.256887 77.770933 10.977284 -0.010745
43.219735 77.770933 10.952020 -0.060303
47.182583 77.770933 10.956517 -0.021243
51.145431 77.770933 11.062354 0.064514
55.108279 77.770933 11.017668 -0.170069
59.071127 77.770933 10.814446 -0.045296
63.033975 77.770933 10.918365 0.084853
66.996822 77.770933 10.876355 0.019817
-131.145575 73.808085 17.601255 2.195979
-127.182727 73.808085 11.010734 0.618349
-123.219879 73.808085 11.265585 0.747625
-119.257031 73.808085 11.592129 0.652451
-115.294183 73.808085 11.343604 0.736533
-111.331335 73.808085 0.000000 0.000000
-107.368487 73.808085 0.000000 0.000000
-103.405639 73.808085 0.000000 0.000000
-99.442791 73.808085 0.000000 0.000000
-95.479943 73.808085 0.000000 0.000000
-91.517095 73.808085 11.621975 0.539727
-87.554247 73.808085 11.745384 0.584376
-83.591400 73.808085 11.831486 0.251683
-79.628552 73.808085 11.602681 0.544549
-75.665704 73.808085 11.798698 0.349291
-71.702856 73.808085 11.669977 0.281450
-67.740008 73.808085 11.660356 0.201658
-63.777160 73.808085 11.803242 0.136734
-59.814312 73.808085 11.766652 0.207801
-55.851464 73.808085 11.499747 -0.147743
-51.888616 73.808085 11.449023 -0.296528
-47.925768 73.808085 11.685739 -0.142839
-43.962920 73.808085 11.700194 -0.216235
-40.000072 73.808085 11.501389 -0.244577
-36.037224 73.808085 11.424314 -0.173678
-32.074376 73.808085 11.526402 -0.379547
-28.111528 73.808085 11.362462 -0.237533
-24.148680 73.808085 11.185879 -0.192559
-20.185832 73.808085 11.443104 -0.238908
-16.222984 73.808085 11.193174 -0.200056
-12.260136 73.808085 0.000000 0.000000
-8.297289 73.808085 0.000000 0.000000
-4.334441 73.808085 0.000000 0.000000
-0.371593 73.808085 11.160655 -0.273028
3.591255 73.808085 11.016812 -0.049475
7.554103 73.808085 11.227043 -0.378279
11.516951 73.808085 11.002794 -0.265101
15.479799 73.808085 10.992447 -0.166120
19.442647 73.808085 10.961601 -0.146139
23.405495 73.808085 11.091928 -0.000489
27.368343 73.808085 11.107052 -0.037715
31.331191 73.808085 11.009501 -0.111698
35.294039 73.808085 11.038093 -0.100876
39.256887 73.808085 10.985096 -0.069328
43.219735 73.808085 11.063055 0.118814
47.182583 73.808085 11.052204 -0.075092
51.145431 73.808085 10.926404 0.155387
55.108279 73.808085 10.937438 0.050974
59.071127 73.808085 10.974503 0.172682
63.033975 73.808085 11.065072 0.109456
66.996822 73.808085 10.714057 -0.215755
-131.145575 69.845237 12.805128 1.236673
-127.182727 69.845237 11.206886 12.067161
-123.219879 69.845237 10.605695 0.584293
-119.257031 69.845237 11.161048 0.562737
-115.294183 69.845237 11.227139 0.770942
-111.331335 69.845237 0.000000 0.000000
-107.368487 69.845237 0.000000 0.000000
-103.405639 69.845237 0.000000 0.000000
-99.442791 69.845237 0.000000 0.000000
-95.479943 69.845237 0.000000 0.000000
-91.517095 69.845237 11.847742 0.696289
-87.554247 69.845237 11.769024 0.601054
-83.591400 69.845237 11.965454 0.661265
-79.628552 69.845237 11.805286 0.236408
-75.665704 69.845237 11.966647 0.074863
-71.702856 69.845237 11.882209 0.250419
-67.740008 69.845237 11.907413 0.047807
-63.777160 69.845237 11.794286 -0.120276
-59.814312 69.845237 11.771143 0.058929
-55.851464 69.845237 11.759838 0.127114
-51.888616 69.845237 11.621421 -0.122658
-47.925768 69.845237 11.619158 -0.091246
-43.962920 69.845237 11.600693 -0.125495
-40.000072 69.845237 11.506893 -0.315490
-36.037224 69.845237 11.533201 -0.268510
-32.074376 69.845237 11.487103 -0.252529
-28.111528 69.845237 11.358539 -0.267103
-24.148680 69.845237 11.217529 -0.400401
-20.185832 69.845237 11.457975 -0.390379
-16.222984 69.845237 11.211668 -0.184559
-12.260136 69.845237 0.000000 0.000000
-8.297289 69.845237 0.000000 0.000000
-4.334441 69.845237 0.000000 0.000000
-0.371593 69.845237 10.988238 -0.257741
3.591255 69.845237 11.025817 -0.177708
7.554103 69.845237 11.023011 -0.286825
11.516951 69.845237 10.938667 -0.041624
15.479799 69.845237 10.792158 -0.355469
19.442647 69.845237 11.043424 0.002755
23.405495 69.845237 10.922688 -0.078268
27.368343 69.845237 10.868176 0.096692
31.331191 69.845237 10.970469 -0.135804
35.294039 69.845237 10.927340 0.089587
39.256887 69.845237 10.952051 0.067635
43.219735 69.845237 10.946987 -0.190299
47.182583 69.845237 10.961022 -0.024398
51.145431 69.845237 10.860260 -0.150498
55.108279 69.845237 10.920641 -0.066508
59.071127 69.845237 10.933813 0.163442
63.033975 69.845237 11.032194 0.219008
66.996822 69.845237 11.103596 -0.265282
-131.145575 65.882389 17.900282 -2.800297
-127.182727 65.882389 11.689176 1.119623
-123.219879 65.882389 11.390946 0.960142
-119.257031 65.882389 10.933213 0.745666
-115.294183 65.882389 11.302862 0.738810
-111.331335 65.882389 0.000000 0.000000
-107.368487 65.882389 0.000000 0.000000
-103.405639 65.882389 0.000000 0.000000
-99.442791 65.882389 0.000000 0.000000
-95.479943 65.882389 0.000000 0.000000
-91.517095 65.882389 11.577280 0.483934
-87.554247 65.882389 11.698700 0.714643
-83.591400 65.882389 11.962961 0.335063
-79.628552 65.882389 11.826455 0.425072
-75.665704 65.882389 11.982622 0.428788
-71.702856 65.882389 11.784232 0.154355
-67.740008 65.882389 11.904229 0.313614
-63.777160 65.882389 11.599266 0.099786
-59.814312 65.882389 11.882120 0.036080
-55.851464 65.882389 11.769557 -0.245663
-51.888616 65.882389 11.687426 -0.114989
-47.925768 65.882389 11.649823 -0.095133
-43.962920 65.882389 11.735968 -0.254946
-40.000072 65.882389 11.719339 -0.262502
-36.037224 65.882389 11.425849 -0.262181
-32.074376 65.882389 11.474269 -0.274887
-28.111528 65.882389 11.478868 -0.288144
-24.148680 65.882389 11.522119 -0.416885
-20.185832 65.882389 11.362282 -0.351749
-16.222984 65.882389 11.267846 -0.283130
-12.260136 65.882389 0.000000 0.000000
-8.297289 65.882389 0.000000 0.000000
-4.334441 65.882389 11.134560 -0.281962
-0.371593 65.882389 10.906113 -0.129711
3.591255 65.882389 11.005549 -0.196695
7.554103 65.882389 11.002108 -0.114394
11.516951 65.882389 11.133660 -0.179334
15.479799 65.882389 11.037369 -0.120061
19.442647 65.882389 10.923895 -0.026323
23.405495 65.882389 11.030312 0.006725
27.368343 65.882389 10.899651 0.003397
31.331191 65.882389 11.033508 -0.280251
35.294039 65.882389 11.006619 -0.130994
39.256887 65.882389 11.038047 0.154040
43.219735 65.882389 10.945038 0.053189
47.182583 65.882389 11.036284 -0.056356
51.145431 65.882389 10.921757 -0.084742
55.108279 65.882389 10.924261 -0.067083
59.071127 65.882389 11.127398 -0.052634
63.033975 65.882389 11.087061 0.025943
66.996822 65.882389 10.914136 -0.330075
-131.145575 61.919541 11.862876 -0.103748
-127.182727 61.919541 14.907094 -15.184573
-123.219879 61.919541 -12.758112 -11.959901
-119.257031 61.919541 10.897337 0.715234
-115.294183 61.919541 11.065444 0.916462
-111.331335 61.919541 0.000000 0.000000
-107.368487 61.919541 0.000000 0.000000
-103.405639 61.919541 0.000000 0.000000
-99.442791 61.919541 0.000000 0.000000
-95.479943 61.919541 0.000000 0.000000
-91.517095 61.919541 11.863554 0.718296
-87.554247 61.919541 11.861997 0.627401
-83.591400 61.919541 11.687529 0.461295
-79.628552 61.919541 11.832307 0.217165
-75.665704 61.919541 12.158688 -0.112646
-71.702856 61.919541 12.035416 -0.093817
-67.740008 61.919541 12.000134 -0.068274
-63.777160 61.919541 12.067905 -0.237395
-59.814312 61.919541 11.851582 0.171786
-55.851464 61.919541 11.638618 -0.133136
-51.888616 61.919541 11.949678 -0.000901
-47.925768 61.919541 11.739491 0.069769
-43.962920 61.919541 11.616887 -0.208639
-40.000072 61.919541 11.808810 -0.437072
-36.037224 61.919541 11.469904 -0.222311
-32.074376 61.919541 11.606745 -0.358273
-28.111528 61.919541 11.586226 -0.368281
-24.148680 61.919541 11.387372 -0.281979
-20.185832 61.919541 11.315395 -0.349827
-16.222984 61.919541 11.182136 -0.431435
-12.260136 61.919541 0.000000 0.000000
-8.297289 61.919541 0.000000 0.000000
-4.334441 61.919541 10.881886 -0.280736
-0.371593 61.919541 11.178700 -0.471514
3.591255 61.919541 11.074285 -0.119394
7.554103 61.919541 10.894487 -0.288482
11.516951 61.919541 10.826184 -0.165957
15.479799 61.919541 10.883594 -0.103286
19.442647 61.919541 10.901972 -0.196832
23.405495 61.919541 10.812267 -0.151033
27.368343 61.919541 10.860065 -0.345152
31.331191 61.919541 10.963170 -0.138000
35.294039 61.919541 10.686622 -0.024789
39.256887 61.919541 10.991931 -0.206218
43.219735 61.919541 11.011054 -0.093374
47.182583 61.919541 10.848071 -0.215942
51.145431 61.919541 11.038331 0.101528
55.108279 61.919541 10.869175 0.131963
59.071127 61.919541 10.889448 0.185558
63.033975 61.919541 10.953464 -0.108211
66.996822 61.919541 11.023780 -0.048236
-131.145575 57.956694 -15.437459 7.773781
-127.182727 57.956694 11.177734 0.779413
-123.219879 57.956694 11.287967 0.877083
-119.257031 57.956694 11.078490 1.111095
-115.294183 57.956694 11.069579 1.158870
-111.331335 57.956694 0.000000 0.000000
-107.368487 57.956694 0.000000 0.000000
-103.405639 57.956694 0.000000 0.000000
-99.442791 57.956694 0.000000 0.000000
-95.479943 57.956694 11.941180 0.954582
-91.517095 57.956694 11.753095 0.974676
-87.554247 57.956694 11.543514 0.385211
-83.591400 57.956694 11.977816 0.452000
-79.628552 57.956694 11.989236 0.434836
-75.665704 57.956694 12.204214 0.320410
-71.702856 57.956694 12.082124 0.288295
-67.740008 57.956694 12.018884 0.358025
-63.777160 57.956694 11.914301 -0.146098
-59.814312 57.956694 11.848578 -0.149188
-55.851464 57.956694 11.976777 -0.036134
-51.888616 57.956694 11.859658 -0.322132
-47.925768 57.956694 11.665408 -0.341425
-43.962920 57.956694 11.757655 -0.464548
-40.000072 57.956694 11.733271 -0.443071
-36.037224 57.956694 11.567316 -0.423175
-32.074376 57.956694 11.458802 -0.362740
-28.111528 57.956694 11.618114 -0.375471
-24.148680 57.956694 11.447226 -0.431046
-20.185832 57.956694 11.259912 -0.513984
-16.222984 57.956694 11.236463 -0.501135
-12.260136 57.956694 0.000000 0.000000
-8.297289 57.956694 0.000000 0.000000
-4.334441 57.956694 11.036878 -0.306033
-0.371593 57.956694 10.866319 -0.452612
3.591255 57.956694 10.963227 -0.169356
7.554103 57.956694 10.936611 -0.166304
11.516951 57.956694 10.903318 -0.258632
15.479799 57.956694 10.907792 -0.165847
19.442647 57.956694 11.050211 -0.146957
23.405495 57.956694 10.792142 -0.293038
27.368343 57.956694 10.874774 0.100884
31.331191 57.956694 10.799353 -0.020428
35.294039 57.956694 10.870123 0.183851
39.256887 57.956694 10.894634 -0.236553
43.219735 57.956694 10.741555 -0.256657
47.182583 57.956694 10.818010 -0.413269
51.145431 57.956694 11.175500 -0.025761
55.108279 57.956694 10.988369 0.168213
59.071127 57.956694 10.929986 -0.121686
63.033975 57.956694 11.043098 -0.207675
66.996822 57.956694 10.944601 -0.123437
-131.145575 53.993846 -9.000297 12.961592
-127.182727 53.993846 10.666959 0.859022
-123.219879 53.993846 10.657356 0.962804
-119.257031 53.993846 10.725433 1.409914
-115.294183 53.993846 10.993883 1.121404
-111.331335 53.993846 0.000000 0.000000
-107.368487 53.993846 0.000000 0.000000
-103.405639 53.993846 0.000000 0.000000
-99.442791 53.993846 0.000000 0.000000
-95.479943 53.993846 12.012000 1.067621
-91.517095 53.993846 12.120724 1.002579
-87.554247 53.993846 11.980964 0.838353
-83.591400 53.993846 12.241428 0.712184
-79.628552 53.993846 12.237864 0.371986
-75.665704 53.993846 12.299838 0.168963
-71.702856 53.993846 12.127007 0.302725
-67.740008 53.993846 12.082439 -0.199402
-63.777160 53.993846 12.095421 0.044441
-59.814312 53.993846 12.059200 -0.219933
-55.851464 53.993846 12.024502 -0.364549
-51.888616 53.993846 12.165354 -0.222545
-47.925768 53.993846 11.911951 -0.412052
-43.962920 53.993846 11.670777 -0.375596
-40.000072 53.993846 11.700674 -0.397437
-36.037224 53.993846 11.605596 -0.413932
-32.074376 53.993846 11.545070 -0.554852
-28.111528 53.993846 11.434241 -0.492319
-24.148680 53.993846 11.444852 -0.564888
-20.185832 53.993846 11.245911 -0.487901
-16.222984 53.993846 11.178091 -0.626080
-12.260136 53.993846 11.152528 -0.597462
-8.297289 53.993846 0.000000 0.000000
-4.334441 53.993846 10.956318 -0.379156
-0.371593 53.993846 10.929559 -0.426999
3.591255 53.993846 10.830106 -0.328675
7.554103 53.993846 10.837739 -0.268873
11.516951 53.993846 10.749810 -0.100096
15.479799 53.993846 10.900620 -0.247545
19.442647 53.993846 10.826798 -0.093347
23.405495 53.993846 10.943297 -0.146404
27.368343 53.993846 10.954732 -0.162579
31.331191 53.993846 10.876423 0.033889
35.294039 53.993846 10.930537 -0.032697
39.256887 53.993846 11.043192 0.106612
43.219735 53.993846 10.937523 -0.179127
47.182583 53.993846 10.864333 -0.198539
51.145431 53.993846 10.887006 -0.131358
55.108279 53.993846 10.798083 0.071077
59.071127 53.993846 11.012288 0.134103
63.033975 53.993846 11.088820 -0.016591
66.996822 53.993846 10.760416 -0.186522
-131.145575 50.030998 0.221908 -13.241476
-127.182727 50.030998 18.186604 -12.552620
-123.219879 50.030998 10.874119 0.945784
-119.257031 50.030998 10.725599 1.126046
-115.294183 50.030998 10.893176 1.453501
-111.331335 50.030998 0.000000 0.000000
-107.368487 50.030998 0.000000 0.000000
-103.405639 50.030998 0.000000 0.000000
-99.442791 50.030998 0.000000 0.000000
-95.479943 50.030998 12.099246 1.234604
-91.517095 50.030998 12.297379 1.042014
-87.554247 50.030998 12.590687 0.751514
-83.591400 50.030998 12.407294 0.615634
-79.628552 50.030998 12.235316 0.255434
-75.665704 50.030998 12.421680 0.121000
-71.702856 50.030998 12.096950 -0.083969
-67.740008 50.030998 12.150761 -0.074422
-63.777160 50.030998 12.183899 -0.029829
-59.814312 50.030998 12.039561 -0.030958
-55.851464 50.030998 12.053695 -0.241837
-51.888616 50.030998 11.908454 -0.483576
-47.925768 50.030998 11.742328 -0.451640
-43.962920 50.030998 11.826790 -0.285411
-40.000072 50.030998 11.559796 -0.587039
-36.037224 50.030998 11.595877 -0.494714
-32.074376 50.030998 11.700330 -0.491963
-28.111528 50.030998 11.369141 -0.651502
-24.148680 50.030998 11.403834 -0.579715
-20.185832 50.030998 11.237214 -0.549294
-16.222984 50.030998 11.159163 -0.533786
-12.260136 50.030998 11.248892 -0.476168
-8.297289 50.030998 0.000000 0.000000
-4.334441 50.030998 10.727608 -0.607419
-0.371593 50.030998 10.863735 -0.369197
3.591255 50.030998 10.708248 -0.277413
7.554103 50.030998 10.637916 -0.309586
11.516951 50.030998 10.780221 -0.111781
15.479799 50.030998 10.802652 -0.291784
19.442647 50.030998 10.709772 -0.169663
23.405495 50.030998 10.733753 -0.281922
27.368343 50.030998 10.765636 -0.049305
31.331191 50.030998 10.778427 -0.039758
35.294039 50.030998 10.723770 -0.204480
39.256887 50.030998 10.848202 -0.197013
43.219735 50.030998 11.048635 -0.294436
47.182583 50.030998 11.147158 -0.008824
51.145431 50.030998 10.743932 0.211693
55.108279 50.030998 11.036265 0.075420
59.071127 50.030998 11.138647 -0.368464
63.033975 50.030998 10.834721 0.047213
66.996822 50.030998 10.845300 -0.074111
-131.145575 46.068150 -9.479351 -14.851435
-127.182727 46.068150 -5.015399 5.607415
-123.219879 46.068150 10.185279 0.946929
-119.257031 46.068150 10.853993 0.976955
-115.294183 46.068150 10.600166 1.471550
-111.331335 46.068150 10.677831 1.688150
-107.368487 46.068150 0.000000 0.000000
-103.405639 46.068150 0.000000 0.000000
-99.442791 46.068150 0.000000 0.000000
-95.479943 46.068150 12.315804 1.396747
-91.517095 46.068150 12.525875 1.035850
-87.554247 46.068150 12.474265 0.725650
-83.591400 46.068150 12.848891 0.687686
-79.628552 46.068150 12.497242 0.322218
-75.665704 46.068150 12.583140 0.279118
-71.702856 46.068150 12.368757 0.010293
-67.740008 46.068150 12.379812 -0.058786
-63.777160 46.068150 12.197288 -0.213541
-59.814312 46.068150 12.117948 -0.339713
-55.851464 46.068150 12.172455 -0.302255
-51.888616 46.068150 12.002154 -0.524773
-47.925768 46.068150 12.046833 -0.354320
-43.962920 46.068150 11.582679 -0.418506
-40.000072 46.068150 11.714121 -0.580647
-36.037224 46.068150 11.698954 -0.535952
-32.074376 46.068150 11.764255 -0.687958
-28.111528 46.068150 11.565351 -0.718279
-24.148680 46.068150 11.266699 -0.911773
-20.185832 46.068150 11.215288 -0.600146
-16.222984 46.068150 11.189993 -0.787460
-12.260136 46.068150 11.215787 -0.855851
-8.297289 46.068150 0.000000 0.000000
-4.334441 46.068150 10.969311 -0.766823
-0.371593 46.068150 10.707574 -0.611320
3.591255 46.068150 10.572147 -0.376833
7.554103 46.068150 10.551022 -0.122039
11.516951 46.068150 10.879573 -0.087723
15.479799 46.068150 10.687034 -0.407433
19.442647 46.068150 10.757487 -0.390678
23.405495 46.068150 10.914251 -0.293182
27.368343 46.068150 10.789852 -0.058562
31.331191 46.068150 10.686829 -0.217519
35.294039 46.068150 10.833843 0.332847
39.256887 46.068150 11.157794 -0.115890
43.219735 46.068150 10.757210 -0.275274
47.182583 46.068150 10.705300 0.124983
51.145431 46.068150 10.728148 0.008473
55.108279 46.068150 10.948402 -0.161090
59.071127 46.068150 11.139646 -0.170772
63.033975 46.068150 10.978270 -0.321027
66.996822 46.068150 10.985238 -0.437427
-131.145575 42.105302 -5.554837 -5.393599
-127.182727 42.105302 10.055615 0.213700
-123.219879 42.105302 10.502802 0.985774
-119.257031 42.105302 9.899972 1.185310
-115.294183 42.105302 10.197348 1.315865
-111.331335 42.105302 10.549556 1.884175
-107.368487 42.105302 0.000000 0.000000
-103.405639 42.105302 0.000000 0.000000
-99.442791 42.105302 12.346903 2.266629
-95.479943 42.105302 12.793420 1.628685
-91.517095 42.105302 13.075965 0.912330
-87.554247 42.105302 13.021385 0.672159
-83.591400 42.105302 12.922856 0.511123
-79.628552 42.105302 12.903498 0.234049
-75.665704 42.105302 12.628185 0.087258
-71.702856 42.105302 12.513383 -0.405647
-67.740008 42.105302 12.454424 -0.358592
-63.777160 42.105302 12.277614 -0.249770
-59.814312 42.105302 12.288062 -0.509005
-55.851464 42.105302 12.361114 -0.754731
-51.888616 42.105302 11.759120 -0.624339
-47.925768 42.105302 12.139191 -0.756712
-43.962920 42.105302 11.878661 -0.661568
-40.000072 42.105302 11.796433 -0.600700
-36.037224 42.105302 11.597461 -0.686775
-32.074376 42.105302 11.641397 -0.736728
-28.111528 42.105302 11.633725 -0.814295
-24.148680 42.105302 11.486095 -0.935138
-20.185832 42.105302 11.278058 -0.853761
-16.222984 42.105302 11.595634 -0.874528
-12.260136 42.105302 10.930567 -0.985888
-8.297289 42.105302 0.000000 0.000000
-4.334441 42.105302 11.133080 -0.825793
-0.371593 42.105302 10.620142 -0.917905
3.591255 42.105302 9.816611 -0.484453
7.554103 42.105302 9.465042 0.331257
11.516951 42.105302 10.930591 1.535334
15.479799 42.105302 11.022577 -0.422333
19.442647 42.105302 10.921165 -0.622759
23.405495 42.105302 10.809917 -0.638269
27.368343 42.105302 10.807712 -0.560296
31.331191 42.105302 10.735400 -0.726252
35.294039 42.105302 10.528801 0.083241
39.256887 42.105302 11.560131 0.466337
43.219735 42.105302 10.947506 -0.502183
47.182583 42.105302 10.152257 0.014725
51.145431 42.105302 8.956756 0.818795
55.108279 42.105302 8.942060 1.048122
59.071127 42.105302 10.560127 0.445408
63.033975 42.105302 10.629470 -0.802257
66.996822 42.105302 10.590706 -0.191914
-131.145575 38.142454 -15.157269 -1.662837
-127.182727 38.142454 -2.053956 2.721107
-123.219879 38.142454 -5.456240 8.493817
-119.257031 38.142454 9.748170 1.046055
-115.294183 38.142454 9.498553 1.696568
-111.331335 38.142454 9.375237 2.531012
-107.368487 38.142454 0.000000 0.000000
-103.405639 38.142454 0.000000 0.000000
-99.442791 38.142454 0.000000 0.000000
-95.479943 38.142454 0.000000 0.000000
-91.517095 38.142454 0.000000 0.000000
-87.554247 38.142454 0.000000 0.000000
-83.591400 38.142454 0.000000 0.000000
-79.628552 38.142454 0.000000 0.000000
-75.665704 38.142454 0.000000 0.000000
-71.702856 38.142454 0.000000 0.000000
-67.740008 38.142454 0.000000 0.000000
-63.777160 38.142454 0.000000 0.000000
-59.814312 38.142454 0.000000 0.000000
-55.851464 38.142454 0.000000 0.000000
-51.888616 38.142454 0.000000 0.000000
-47.925768 38.142454 0.000000 0.000000
-43.962920 38.142454 0.000000 0.000000
-40.000072 38.142454 0.000000 0.000000
-36.037224 38.142454 0.000000 0.000000
-32.074376 38.142454 0.000000 0.000000
-28.111528 38.142454 0.000000 0.000000
-24.148680 38.142454 11.589553 -1.327076
-20.185832 38.142454 11.220630 -0.804046
-16.222984 38.142454 11.956456 -0.980911
-12.260136 38.142454 10.755723 -1.804600
-8.297289 38.142454 0.000000 0.000000
-4.334441 38.142454 11.568738 -1.145374
-0.371593 38.142454 10.679562 -1.791107
3.591255 38.142454 9.339722 -1.387701
7.554103 38.142454 5.877342 1.420465
11.516951 38.142454 8.094905 2.543861
15.479799 38.142454 10.507563 1.217998
19.442647 38.142454 10.902466 -1.418373
23.405495 38.142454 10.459008 -1.217219
27.368343 38.142454 10.863068 -1.378841
31.331191 38.142454 9.484601 -0.673831
35.294039 38.142454 9.709743 1.552626
39.256887 38.142454 9.926581 2.176517
43.219735 38.142454 10.649012 -1.612419
47.182583 38.142454 8.804330 -0.555175
51.145431 38.142454 8.321419 0.293636
55.108279 38.142454 8.819640 -0.622341
59.071127 38.142454 9.617020 0.425442
63.033975 38.142454 10.096746 0.114931
66.996822 38.142454 10.738921 -1.561047
-131.145575 34.179606 7.870157 -17.614353
-127.182727 34.179606 14.119748 -16.306120
-123.219879 34.179606 7.097974 7.341894
-119.257031 34.179606 9.913655 0.672967
-115.294183 34.179606 0.000000 0.000000
-111.331335 34.179606 0.000000 0.000000
-107.368487 34.179606 0.000000 0.000000
-103.405639 34.179606 0.000000 0.000000
-99.442791 34.179606 0.000000 0.000000
-95.479943 34.179606 0.000000 0.000000
-91.517095 34.179606 0.000000 0.000000
-87.554247 34.179606 0.000000 0.000000
-83.591400 34.179606 0.000000 0.000000
-79.628552 34.179606 0.000000 0.000000
-75.665704 34.179606 0.000000 0.000000
-71.702856 34.179606 0.000000 0.000000
-67.740008 34.179606 0.000000 0.000000
-63.777160 34.179606 0.000000 0.000000
-59.814312 34.179606 0.000000 0.000000
-55.851464 34.179606 0.000000 0.000000
-51.888616 34.179606 0.000000 0.000000
-47.925768 34.179606 0.000000 0.000000
-43.962920 34.179606 0.000000 0.000000
-40.000072 34.179606 0.000000 0.000000
-36.037224 34.179606 0.000000 0.000000
-32.074376 34.179606 0.000000 0.000000
-28.111528 34.179606 0.000000 0.000000
-24.148680 34.179606 0.000000 0.000000
-20.185832 34.179606 0.000000 0.000000
-16.222984 34.179606 0.000000 0.000000
-12.260136 34.179606 0.000000 0.000000
-8.297289 34.179606 0.000000 0.000000
-4.334441 34.179606 0.000000 0.000000
-0.371593 34.179606 9.958490 -2.620223
3.591255 34.179606 9.047352 -2.324554
7.554103 34.179606 5.156335 13.635620
11.516951 34.179606 7.860318 3.178449
15.479799 34.179606 7.173952 0.760720
19.442647 34.179606 9.393110 -1.866948
23.405495 34.179606 10.341943 -1.671352
27.368343 34.179606 10.216318 -1.638074
31.331191 34.179606 8.099964 0.965915
35.294039 34.179606 10.457427 1.916351
39.256887 34.179606 9.637753 1.775707
43.219735 34.179606 10.693016 -1.008507
47.182583 34.179606 9.593274 -2.001442
51.145431 34.179606 8.529633 -2.148355
55.108279 34.179606 11.210099 1.859563
59.071127 34.179606 10.069742 1.412397
63.033975 34.179606 10.447439 1.051858
66.996822 34.179606 10.246822 -1.139938
-131.145575 30.216758 5.598518 8.144457
-127.182727 30.216758 -4.889377 8.309599
-123.219879 30.216758 0.000000 0.000000
-119.257031 30.216758 0.000000 0.000000
-115.294183 30.216758 0.000000 0.000000
-111.331335 30.216758 0.000000 0.000000
-107.368487 30.216758 0.000000 0.000000
-103.405639 30.216758 0.000000 0.000000
-99.442791 30.216758 0.000000 0.000000
-95.479943 30.216758 0.000000 0.000000
-91.517095 30.216758 0.000000 0.000000
-87.554247 30.216758 0.000000 0.000000
-83.591400 30.216758 0.000000 0.000000
-79.628552 30.216758 0.000000 0.000000
-75.665704 30.216758 0.000000 0.000000
-71.702856 30.216758 0.000000 0.000000
-67.740008 30.216758 0.000000 0.000000
-63.777160 30.216758 0.000000 0.000000
-59.814312 30.216758 0.000000 0.000000
-55.851464 30.216758 0.000000 0.000000
-51.888616 30.216758 0.000000 0.000000
-47.925768 30.216758 0.000000 0.000000
-43.962920 30.216758 0.000000 0.000000
-40.000072 30.216758 0.000000 0.000000
-36.037224 30.216758 0.000000 0.000000
-32.074376 30.216758 0.000000 0.000000
-28.111528 30.216758 0.000000 0.000000
-24.148680 30.216758 0.000000 0.000000
-20.185832 30.216758 0.000000 0.000000
-16.222984 30.216758 0.000000 0.000000
-12.260136 30.216758 0.000000 0.000000
-8.297289 30.216758 0.000000 0.000000
-4.334441 30.216758 0.000000 0.000000
-0.371593 30.216758 0.000000 0.000000
3.591255 30.216758 0.000000 0.000000
7.554103 30.216758 11.388308 0.194089
11.516951 30.216758 10.667751 1.937672
15.479799 30.216758 9.640522 0.899210
19.442647 30.216758 9.488602 -0.282569
23.405495 30.216758 10.579782 -1.382680
27.368343 30.216758 11.238518 -1.631733
31.331191 30.216758 12.314579 -0.455505
35.294039 30.216758 11.585699 1.333524
39.256887 30.216758 10.207143 1.164086
43.219735 30.216758 9.561418 0.162355
47.182583 30.216758 10.898701 -1.348055
51.145431 30.216758 11.391540 -0.209033
55.108279 30.216758 11.449045 1.188540
59.071127 30.216758 10.798635 1.582135
63.033975 30.216758 9.701219 1.047912
66.996822 30.216758 9.945846 -0.535165
-131.145575 26.253910 0.176026 15.273000
-127.182727 26.253910 10.889515 -11.510243
-123.219879 26.253910 0.000000 0.000000
-119.257031 26.253910 0.000000 0.000000
-115.294183 26.253910 0.000000 0.000000
-111.331335 26.253910 0.000000 0.000000
-107.368487 26.253910 0.000000 0.000000
-103.405639 26.253910 0.000000 0.000000
-99.442791 26.253910 0.000000 0.000000
-95.479943 26.253910 0.000000 0.000000
-91.517095 26.253910 0.000000 0.000000
-87.554247 26.253910 0.000000 0.000000
-83.591400 26.253910 0.000000 0.000000
-79.628552 26.253910 0.000000 0.000000
-75.665704 26.253910 0.000000 0.000000
-71.702856 26.253910 0.000000 0.000000
-67.740008 26.253910 0.000000 0.000000
-63.777160 26.253910 0.000000 0.000000
-59.814312 26.253910 0.000000 0.000000
-55.851464 26.253910 0.000000 0.000000
-51.888616 26.253910 0.000000 0.000000
-47.925768 26.253910 0.000000 0.000000
-43.962920 26.253910 0.000000 0.000000
-40.000072 26.253910 0.000000 0.000000
-36.037224 26.253910 0.000000 0.000000
-32.074376 26.253910 0.000000 0.000000
-28.111528 26.253910 0.000000 0.000000
-24.148680 26.253910 0.000000 0.000000
-20.185832 26.253910 0.000000 0.000000
-16.222984 26.253910 0.000000 0.000000
-12.260136 26.253910 0.000000 0.000000
-8.297289 26.253910 0.000000 0.000000
-4.334441 26.253910 0.000000 0.000000
-0.371593 26.253910 0.000000 0.000000
3.591255 26.253910 0.000000 0.000000
7.554103 26.253910 0.000000 0.000000
11.516951 26.253910 10.710355 0.920572
15.479799 26.253910 9.836720 0.220571
19.442647 26.253910 9.944800 0.237575
23.405495 26.253910 10.504986 -0.471381
27.368343 26.253910 10.875722 -0.572152
31.331191 26.253910 11.244524 0.046727
35.294039 26.253910 10.780319 0.405553
39.256887 26.253910 10.571756 0.664292
43.219735 26.253910 10.151331 0.363678
47.182583 26.253910 10.909653 0.255866
51.145431 26.253910 10.404165 -0.348923
55.108279 26.253910 11.736346 0.499435
59.071127 26.253910 10.982553 0.994155
63.033975 26.253910 10.643581 0.279892
66.996822 26.253910 10.479131 0.436805
-131.145575 22.291062 15.211661 -1.755139
-127.182727 22.291062 8.074249 -11.569805
-123.219879 22.291062 0.000000 0.000000
-119.257031 22.291062 0.000000 0.000000
-115.294183 22.291062 0.000000 0.000000
-111.331335 22.291062 0.000000 0.000000
-107.368487 22.291062 0.000000 0.000000
-103.405639 22.291062 0.000000 0.000000
-99.442791 22.291062 0.000000 0.000000
-95.479943 22.291062 0.000000 0.000000
-91.517095 22.291062 0.000000 0.000000
-87.554247 22.291062 0.000000 0.000000
-83.591400 22.291062 0.000000 0.000000
-79.628552 22.291062 0.000000 0.000000
-75.665704 22.291062 0.000000 0.000000
-71.702856 22.291062 0.000000 0.000000
-67.740008 22.291062 0.000000 0.000000
-63.777160 22.291062 0.000000 0.000000
-59.814312 22.291062 0.000000 0.000000
-55.851464 22.291062 0.000000 0.000000
-51.888616 22.291062 0.000000 0.000000
-47.925768 22.291062 0.000000 0.000000
-43.962920 22.291062 0.000000 0.000000
-40.000072 22.291062 0.000000 0.000000
-36.037224 22.291062 0.000000 0.000000
-32.074376 22.291062 0.000000 0.000000
-28.111528 22.291062 0.000000 0.000000
-24.148680 22.291062 0.000000 0.000000
-20.185832 22.291062 0.000000 0.000000
-16.222984 22.291062 0.000000 0.000000
-12.260136 22.291062 0.000000 0.000000
-8.297289 22.291062 0.000000 0.000000
-4.334441 22.291062 10.600973 0.978208
-0.371593 22.291062 10.553564 0.688660
3.591255 22.291062 10.729244 0.501807
7.554103 22.291062 10.877985 0.598372
11.516951 22.291062 10.843817 0.363621
15.479799 22.291062 10.228174 0.125657
19.442647 22.291062 10.527982 0.445733
23.405495 22.291062 10.827780 -0.196380
27.368343 22.291062 10.828591 -0.094298
31.331191 22.291062 11.072154 -0.073181
35.294039 22.291062 10.784856 0.042961
39.256887 22.291062 10.655975 0.284282
43.219735 22.291062 10.716441 0.089257
47.182583 22.291062 10.827505 0.154352
51.145431 22.291062 2.087065 5.023458
55.108279 22.291062 10.749382 0.457479
59.071127 22.291062 10.872725 0.429942
63.033975 22.291062 10.861393 0.043531
66.996822 22.291062 10.138364 0.654553
-131.145575 18.328214 10.584902 16.219194
-127.182727 18.328214 12.498719 14.263704
-123.219879 18.328214 9.892654 -0.195085
-119.257031 18.328214 10.058535 -0.417141
-115.294183 18.328214 10.193069 -0.280095
-111.331335 18.328214 10.679790 -0.809895
-107.368487 18.328214 0.000000 0.000000
-103.405639 18.328214 0.000000 0.000000
-99.442791 18.328214 0.000000 0.000000
-95.479943 18.328214 0.000000 0.000000
-91.517095 18.328214 0.000000 0.000000
-87.554247 18.328214 0.000000 0.000000
-83.591400 18.328214 0.000000 0.000000
-79.628552 18.328214 0.000000 0.000000
-75.665704 18.328214 0.000000 0.000000
-71.702856 18.328214 0.000000 0.000000
-67.740008 18.328214 0.000000 0.000000
-63.777160 18.328214 0.000000 0.000000
-59.814312 18.328214 0.000000 0.000000
-55.851464 18.328214 0.000000 0.000000
-51.888616 18.328214 11.917227 0.364690
-47.925768 18.328214 12.180760 0.400688
-43.962920 18.328214 11.733109 0.531525
-40.000072 18.328214 11.631508 0.875480
-36.037224 18.328214 11.278135 0.658739
-32.074376 18.328214 11.333619 0.700135
-28.111528 18.328214 11.340763 0.715077
-24.148680 18.328214 11.609931 0.766638
-20.185832 18.328214 11.579576 0.896700
-16.222984 18.328214 11.140716 0.593031
-12.260136 18.328214 11.297827 0.571425
-8.297289 18.328214 10.928067 0.950523
-4.334441 18.328214 10.888472 0.559942
-0.371593 18.328214 10.890019 0.779862
3.591255 18.328214 10.840283 0.327931
7.554103 18.328214 10.736022 0.574857
11.516951 18.328214 10.569512 0.399360
15.479799 18.328214 10.870720 0.523508
19.442647 18.328214 10.800797 0.298782
23.405495 18.328214 10.821493 0.611239
27.368343 18.328214 10.908221 0.459193
31.331191 18.328214 10.926016 0.416336
35.294039 18.328214 10.938516 0.244741
39.256887 18.328214 10.587835 0.628101
43.219735 18.328214 10.914052 0.233311
47.182583 18.328214 10.917561 0.468868
51.145431 18.328214 10.831084 -0.009588
55.108279 18.328214 10.900395 0.259276
59.071127 18.328214 10.743474 0.339361
63.033975 18.328214 10.975192 0.262732
66.996822 18.328214 10.907226 0.236847
-131.145575 14.365366 7.301755 16.329418
-127.182727 14.365366 -1.919673 0.853730
-123.219879 14.365366 10.435451 -1.432003
-119.257031 14.365366 10.370762 -0.738584
-115.294183 14.365366 9.900311 0.153245
-111.331335 14.365366 10.606982 -0.205507
-107.368487 14.365366 10.909099 -1.314615
-103.405639 14.365366 12.116390 -0.402212
-99.442791 14.365366 11.737132 -0.673378
-95.479943 14.365366 11.595913 -0.917522
-91.517095 14.365366 11.651344 -0.997694
-87.554247 14.365366 11.779925 0.034093
-83.591400 14.365366 12.058315 -0.449924
-79.628552 14.365366 12.247584 -0.173118
-75.665704 14.365366 11.870891 0.209898
-71.702856 14.365366 12.056643 -0.016723
-67.740008 14.365366 12.069526 0.373510
-63.777160 14.365366 12.072661 0.520098
-59.814312 14.365366 11.872953 0.323568
-55.851464 14.365366 11.717319 0.495137
-51.888616 14.365366 11.840760 0.516818
-47.925768 14.365366 11.683145 0.434749
-43.962920 14.365366 11.997835 0.526406
-40.000072 14.365366 11.685246 0.723589
-36.037224 14.365366 11.472254 0.785078
-32.074376 14.365366 11.321242 0.532869
-28.111528 14.365366 11.745919 0.884003
-24.148680 14.365366 11.188725 0.660218
-20.185832 14.365366 11.445955 0.608972
-16.222984 14.365366 10.867903 0.421539
-12.260136 14.365366 11.186168 0.567183
-8.297289 14.365366 10.899682 0.668414
-4.334441 14.365366 10.805237 0.346364
-0.371593 14.365366 10.672075 0.336915
3.591255 14.365366 10.928397 0.642566
7.554103 14.365366 10.716209 0.702712
11.516951 14.365366 10.722852 0.490462
15.479799 14.365366 10.930116 0.387235
19.442647 14.365366 11.026513 0.215466
23.405495 14.365366 10.434482 0.374007
27.368343 14.365366 10.773874 -0.104870
31.331191 14.365366 10.841243 0.580649
35.294039 14.365366 10.977409 0.321491
39.256887 14.365366 11.867345 -1.183675
43.219735 14.365366 10.985660 0.656372
47.182583 14.365366 10.759873 0.080636
51.145431 14.365366 10.901663 0.065769
55.108279 14.365366 10.651142 0.551962
59.071127 14.365366 11.410033 0.096531
63.033975 14.365366 10.671396 -0.253745
66.996822 14.365366 10.583810 0.165480
-131.145575 10.402518 9.863995 -1.120245
-127.182727 10.402518 9.814375 6.132346
-123.219879 10.402518 7.269460 -17.613155
-119.257031 10.402518 9.677813 -10.416185
-115.294183 10.402518 10.979140 -0.479146
-111.331335 10.402518 10.743329 -0.023509
-107.368487 10.402518 11.179993 -0.725227
-103.405639 10.402518 11.578341 -1.073168
-99.442791 10.402518 11.165023 -0.538919
-95.479943 10.402518 11.387686 -0.737131
-91.517095 10.402518 11.940951 -0.619222
-87.554247 10.402518 11.731940 -0.645037
-83.591400 10.402518 11.802538 -0.590165
-79.628552 10.402518 11.961296 -0.082752
-75.665704 10.402518 11.759137 -0.232882
-71.702856 10.402518 11.701742 0.109142
-67.740008 10.402518 11.773649 -0.126899
-63.777160 10.402518 11.875196 0.235875
-59.814312 10.402518 11.907131 0.377063
-55.851464 10.402518 11.747997 0.385280
-51.888616 10.402518 11.907692 0.655983
-47.925768 10.402518 11.947040 0.726978
-43.962920 10.402518 11.851611 0.601662
-40.000072 10.402518 11.929857 0.631182
-36.037224 10.402518 11.547267 0.534701
-32.074376 10.402518 11.297402 0.646625
-28.111528 10.402518 11.524026 0.542550
-24.148680 10.402518 11.136168 0.865174
-20.185832 10.402518 11.212793 0.883016
-16.222984 10.402518 11.050028 0.713643
-12.260136 10.402518 10.863909 0.612876
-8.297289 10.402518 11.290585 0.690672
-4.334441 10.402518 10.733452 0.627346
-0.371593 10.402518 10.922470 0.504525
3.591255 10.402518 10.824089 0.622337
7.554103 10.402518 10.881433 0.184016
11.516951 10.402518 10.935647 0.522903
15.479799 10.402518 10.968029 0.331556
19.442647 10.402518 10.784111 0.383602
23.405495 10.402518 10.599346 0.483938
27.368343 10.402518 10.859508 0.417425
31.331191 10.402518 10.821337 0.087388
35.294039 10.402518 10.923644 0.533533
39.256887 10.402518 10.631827 0.434466
43.219735 10.402518 11.096755 -0.080345
47.182583 10.402518 10.880469 -0.361758
51.145431 10.402518 10.579968 0.547833
55.108279 10.402518 10.755103 0.246610
59.071127 10.402518 10.355849 0.542920
63.033975 10.402518 10.795620 -0.530749
66.996822 10.402518 11.045089 0.149840
-131.145575 6.439670 4.016540 2.297024
-127.182727 6.439670 -9.738796 -2.762603
-123.219879 6.439670 12.249522 12.463672
-119.257031 6.439670 5.685580 1.659638
-115.294183 6.439670 11.012283 -1.179177
-111.331335 6.439670 11.168380 -0.546724
-107.368487 6.439670 11.050828 -0.570957
-103.405639 6.439670 -4.028176 3.482129
-99.442791 6.439670 11.791507 -0.982530
-95.479943 6.439670 11.420045 -0.715370
-91.517095 6.439670 11.862407 -0.408050
-87.554247 6.439670 11.510294 -0.489114
-83.591400 6.439670 11.616942 -0.077940
-79.628552 6.439670 11.959090 -0.086294
-75.665704 6.439670 11.894169 -0.371837
-71.702856 6.439670 11.886663 -0.196950
-67.740008 6.439670 12.190701 0.020019
-63.777160 6.439670 11.765445 0.357408
-59.814312 6.439670 11.955321 0.289223
-55.851464 6.439670 11.774932 0.393079
-51.888616 6.439670 11.800145 0.103927
-47.925768 6.439670 11.658127 0.650033
-43.962920 6.439670 11.689836 0.505943
-40.000072 6.439670 11.702815 0.559274
-36.037224 6.439670 11.593544 0.580868
-32.074376 6.439670 11.269748 0.569905
-28.111528 6.439670 11.223062 0.583253
-24.148680 6.439670 11.276002 0.622271
-20.185832 6.439670 11.199086 0.472183
-16.222984 6.439670 11.238248 0.655298
-12.260136 6.439670 10.978374 0.637776
-8.297289 6.439670 10.776258 0.663032
-4.334441 6.439670 10.845608 0.463931
-0.371593 6.439670 10.854077 0.550676
3.591255 6.439670 11.079833 0.432117
7.554103 6.439670 10.712727 0.545986
11.516951 6.439670 10.803571 0.305888
15.479799 6.439670 10.834111 0.450499
19.442647 6.439670 11.098346 0.247998
23.405495 6.439670 10.724708 0.408826
27.368343 6.439670 10.751008 0.143802
31.331191 6.439670 10.832742 0.347951
35.294039 6.439670 11.035205 0.266679
39.256887 6.439670 11.051216 0.148173
43.219735 6.439670 10.402387 -0.004588
47.182583 6.439670 10.864044 0.147042
51.145431 6.439670 10.996253 0.229221
55.108279 6.439670 11.299512 0.222231
59.071127 6.439670 10.565709 -0.062118
63.033975 6.439670 10.918569 -0.161362
66.996822 6.439670 11.016104 -0.029557
-131.145575 2.476822 -16.482191 -16.717747
-127.182727 2.476822 -8.068187 4.216319
-123.219879 2.476822 4.858126 11.779200
-119.257031 2.476822 12.332217 -1.121014
-115.294183 2.476822 11.101805 0.076403
-111.331335 2.476822 10.535497 -0.432898
-107.368487 2.476822 10.913528 -0.316099
-103.405639 2.476822 10.858433 -0.745954
-99.442791 2.476822 11.143444 0.039967
-95.479943 2.476822 11.484917 -0.451897
-91.517095 2.476822 11.709884 -0.084064
-87.554247 2.476822 11.233466 -0.443008
-83.591400 2.476822 11.811533 -0.221754
-79.628552 2.476822 11.785387 0.251960
-75.665704 2.476822 11.408649 0.157874
-71.702856 2.476822 11.684459 -0.037194
-67.740008 2.476822 11.775211 0.264344
-63.777160 2.476822 11.493227 0.581995
-59.814312 2.476822 11.307133 0.553107
-55.851464 2.476822 11.689539 0.100842
-51.888616 2.476822 11.438843 0.477765
-47.925768 2.476822 11.660194 0.548293
-43.962920 2.476822 11.027149 0.493923
-40.000072 2.476822 11.710954 0.624997
-36.037224 2.476822 11.570379 0.578165
-32.074376 2.476822 11.178448 0.462030
-28.111528 2.476822 11.149260 0.646806
-24.148680 2.476822 11.210904 0.485378
-20.185832 2.476822 11.071192 0.247973
-16.222984 2.476822 11.244975 0.533440
-12.260136 2.476822 10.813704 0.803967
-8.297289 2.476822 11.038876 0.751184
-4.334441 2.476822 10.933763 0.649507
-0.371593 2.476822 11.083385 0.742201
3.591255 2.476822 11.024395 0.325257
7.554103 2.476822 10.843012 0.406517
11.516951 2.476822 10.764816 0.429949
15.479799 2.476822 10.885710 0.286291
19.442647 2.476822 11.078871 0.351358
23.405495 2.476822 10.960567 0.377554
27.368343 2.476822 10.722165 0.683657
31.331191 2.476822 10.798779 -0.087977
35.294039 2.476822 10.886002 0.140525
39.256887 2.476822 10.986224 0.252540
43.219735 2.476822 11.064070 0.348724
47.182583 2.476822 10.795444 0.346488
51.145431 2.476822 11.048781 -0.099544
55.108279 2.476822 11.027125 0.223638
59.071127 2.476822 11.008078 -0.463258
63.033975 2.476822 10.851287 0.296770
66.996822 2.476822 10.997940 -0.024171
-131.145575 -1.486026 12.773393 14.388466
-127.182727 -1.486026 2.783085 -4.500369
-123.219879 -1.486026 -5.607238 7.998502
-119.257031 -1.486026 10.900453 -0.318928
-115.294183 -1.486026 12.007599 -1.129995
-111.331335 -1.486026 10.147964 1.019550
-107.368487 -1.486026 11.919527 -0.402088
-103.405639 -1.486026 11.314662 0.542714
-99.442791 -1.486026 11.615593 0.199547
-95.479943 -1.486026 10.857249 -0.464040
-91.517095 -1.486026 10.998603 -0.136676
-87.554247 -1.486026 11.691769 -0.225876
-83.591400 -1.486026 11.251249 -0.218626
-79.628552 -1.486026 11.642510 0.150351
-75.665704 -1.486026 11.924270 0.014467
-71.702856 -1.486026 11.787503 0.198874
-67.740008 -1.486026 11.892787 0.168011
-63.777160 -1.486026 11.723548 0.457989
-59.814312 -1.486026 11.464769 -0.030574
-55.851464 -1.486026 11.086564 0.333499
-51.888616 -1.486026 11.568109 -0.069086
-47.925768 -1.486026 11.103258 0.732630
-43.962920 -1.486026 11.555096 0.580570
-40.000072 -1.486026 11.508918 0.478985
-36.037224 -1.486026 11.350519 0.598884
-32.074376 -1.486026 10.619971 1.199351
-28.111528 -1.486026 10.706716 1.194084
-24.148680 -1.486026 11.127787 0.154946
-20.185832 -1.486026 11.392569 0.821100
-16.222984 -1.486026 11.079276 0.524526
-12.260136 -1.486026 10.912897 0.450608
-8.297289 -1.486026 11.003517 0.717757
-4.334441 -1.486026 10.871711 0.845445
-0.371593 -1.486026 11.138194 0.292721
3.591255 -1.486026 11.209831 0.131040
7.554103 -1.486026 10.701297 0.437553
11.516951 -1.486026 11.079522 0.467734
15.479799 -1.486026 10.604796 0.057448
19.442647 -1.486026 10.853234 0.255324
23.405495 -1.486026 10.980849 -0.269728
27.368343 -1.486026 11.091660 0.159295
31.331191 -1.486026 10.604030 0.384779
35.294039 -1.486026 10.803173 0.037673
39.256887 -1.486026 11.187662 0.367491
43.219735 -1.486026 10.972037 -0.094367
47.182583 -1.486026 10.885743 0.084458
51.145431 -1.486026 10.528152 0.363076
55.108279 -1.486026 10.991948 0.191204
59.071127 -1.486026 11.160134 0.210279
63.033975 -1.486026 11.043802 0.182625
66.996822 -1.486026 10.518671 0.256228
-131.145575 -5.448874 -14.733798 -5.805321
-127.182727 -5.448874 2.616564 -14.820381
-123.219879 -5.448874 -14.862453 -11.735095
-119.257031 -5.448874 17.460814 2.741981
-115.294183 -5.448874 -15.063710 14.088704
-111.331335 -5.448874 10.465581 -0.509372
-107.368487 -5.448874 10.929262 -0.238085
-103.405639 -5.448874 10.923281 -0.511816
-99.442791 -5.448874 11.505840 0.070794
-95.479943 -5.448874 10.978034 -0.584676
-91.517095 -5.448874 11.441441 -0.140335
-87.554247 -5.448874 11.637685 0.013294
-83.591400 -5.448874 11.895144 0.070261
-79.628552 -5.448874 11.535917 -0.268973
-75.665704 -5.448874 11.551341 0.607032
-71.702856 -5.448874 11.553513 -0.003719
-67.740008 -5.448874 11.674482 0.160615
-63.777160 -5.448874 11.225361 0.112537
-59.814312 -5.448874 11.698455 0.158432
-55.851464 -5.448874 11.754049 0.257361
-51.888616 -5.448874 11.712448 0.306166
-47.925768 -5.448874 11.616991 0.373557
-43.962920 -5.448874 11.518723 0.727044
-40.000072 -5.448874 11.455813 0.509863
-36.037224 -5.448874 11.472487 0.535520
-32.074376 -5.448874 11.391836 0.441188
-28.111528 -5.448874 11.421135 0.547999
-24.148680 -5.448874 11.259053 0.714067
-20.185832 -5.448874 10.864676 0.566916
-16.222984 -5.448874 11.160566 0.496589
-12.260136 -5.448874 11.116317 0.498410
-8.297289 -5.448874 10.916265 0.378466
-4.334441 -5.448874 10.901986 0.627748
-0.371593 -5.448874 11.103086 0.145348
3.591255 -5.448874 11.234814 0.357586
7.554103 -5.448874 11.068891 0.117175
11.516951 -5.448874 11.227340 0.449892
15.479799 -5.448874 10.703050 0.324623
19.442647 -5.448874 10.660159 0.199990
23.405495 -5.448874 10.682322 0.179518
27.368343 -5.448874 10.735749 0.195279
31.331191 -5.448874 10.260187 0.375480
35.294039 -5.448874 11.115972 0.437569
39.256887 -5.448874 10.699039 0.413524
43.219735 -5.448874 10.735041 0.223129
47.182583 -5.448874 10.914702 0.438388
51.145431 -5.448874 10.585298 0.401853
55.108279 -5.448874 11.021348 0.149619
59.071127 -5.448874 10.672763 0.480510
63.033975 -5.448874 11.261958 -0.043264
66.996822 -5.448874 10.988708 0.432481
-131.145575 -9.411722 -4.521872 6.212714
-127.182727 -9.411722 -6.867384 6.764517
-123.219879 -9.411722 -11.146462 -7.100119
-119.257031 -9.411722 10.340868 0.397540
-115.294183 -9.411722 11.341248 0.358711
-111.331335 -9.411722 10.961073 -1.030945
-107.368487 -9.411722 10.660113 -0.479028
-103.405639 -9.411722 10.513309 -0.559842
-99.442791 -9.411722 11.574773 -0.043461
-95.479943 -9.411722 11.219757 -0.563942
-91.517095 -9.411722 11.020914 -0.343934
-87.554247 -9.411722 11.707507 0.102673
-83.591400 -9.411722 10.969446 -0.328806
-79.628552 -9.411722 11.844166 0.118860
-75.665704 -9.411722 11.478822 0.153991
-71.702856 -9.411722 11.354128 0.470090
-67.740008 -9.411722 11.830408 0.154784
-63.777160 -9.411722 11.343638 0.311786
-59.814312 -9.411722 11.470057 0.312464
-55.851464 -9.411722 11.003216 0.225310
-51.888616 -9.411722 11.238788 0.461587
-47.925768 -9.411722 11.386092 0.572869
-43.962920 -9.411722 11.466712 0.674901
-40.000072 -9.411722 11.204185 0.583223
-36.037224 -9.411722 11.391470 0.613406
-32.074376 -9.411722 10.884165 0.104729
-28.111528 -9.411722 11.163013 0.209919
-24.148680 -9.411722 10.902911 0.348705
-20.185832 -9.411722 11.063216 0.449135
-16.222984 -9.411722 11.300568 0.335155
-12.260136 -9.411722 10.768292 1.037606
-8.297289 -9.411722 11.080322 0.389854
-4.334441 -9.411722 10.884492 0.498602
-0.371593 -9.411722 10.775277 0.422175
3.591255 -9.411722 11.034048 0.482243
7.554103 -9.411722 10.999362 0.451020
11.516951 -9.411722 11.335969 0.244046
15.479799 -9.411722 10.706390 0.354938
19.442647 -9.411722 11.096025 -0.150503
23.405495 -9.411722 11.260251 0.141635
27.368343 -9.411722 11.211699 0.380814
31.331191 -9.411722 11.402482 0.050128
35.294039 -9.411722 11.001225 0.317788
39.256887 -9.411722 10.859566 0.732374
43.219735 -9.411722 10.618106 0.400150
47.182583 -9.411722 10.888052 -0.240687
51.145431 -9.411722 10.739516 -0.033942
55.108279 -9.411722 10.970960 0.313927
59.071127 -9.411722 11.329762 -0.139577
63.033975 -9.411722 10.984416 0.408794
66.996822 -9.411722 11.443135 0.420853
-131.145575 -13.374570 -14.790664 -0.461961
-127.182727 -13.374570 9.710370 6.033621
-123.219879 -13.374570 -15.336670 -18.019823
-119.257031 -13.374570 3.812019 -13.632185
-115.294183 -13.374570 11.495686 -0.915090
-111.331335 -13.374570 10.136337 -0.975672
-107.368487 -13.374570 11.091781 0.141861
-103.405639 -13.374570 -4.020833 -8.969839
-99.442791 -13.374570 11.182220 0.495530
-95.479943 -13.374570 11.043103 -0.003222
-91.517095 -13.374570 10.611846 -0.205549
-87.554247 -13.374570 11.906981 -0.171189
-83.591400 -13.374570 11.719775 -0.267590
-79.628552 -13.374570 11.247036 0.061048
-75.665704 -13.374570 10.631229 -0.253243
-71.702856 -13.374570 11.026650 -0.087276
-67.740008 -13.374570 11.101412 -0.104880
-63.777160 -13.374570 11.534790 0.450631
-59.814312 -13.374570 11.412675 0.009249
-55.851464 -13.374570 11.409754 0.149682
-51.888616 -13.374570 11.466783 0.539148
-47.925768 -13.374570 11.988640 -0.169169
-43.962920 -13.374570 11.530757 0.602384
-40.000072 -13.374570 11.529311 0.458283
-36.037224 -13.374570 11.116883 0.349607
-32.074376 -13.374570 11.590814 0.597182
-28.111528 -13.374570 10.819006 0.457478
-24.148680 -13.374570 11.102785 0.218241
-20.185832 -13.374570 10.796878 0.546334
-16.222984 -13.374570 10.908855 0.474949
-12.260136 -13.374570 11.295652 0.383010
-8.297289 -13.374570 11.272902 0.271287
-4.334441 -13.374570 10.764429 0.160698
-0.371593 -13.374570 11.264308 0.281933
3.591255 -13.374570 10.282145 0.725496
7.554103 -13.374570 11.110409 -0.082656
11.516951 -13.374570 11.240526 0.389521
15.479799 -13.374570 11.122786 0.228036
19.442647 -13.374570 10.817999 -0.004718
23.405495 -13.374570 11.006937 0.059216
27.368343 -13.374570 10.800074 0.050902
31.331191 -13.374570 10.649851 0.251850
35.294039 -13.374570 10.625695 0.409946
39.256887 -13.374570 10.587237 0.348323
43.219735 -13.374570 10.851195 0.672821
47.182583 -13.374570 10.966435 0.773749
51.145431 -13.374570 11.001001 0.391451
55.108279 -13.374570 10.686002 0.556332
59.071127 -13.374570 11.106441 0.695827
63.033975 -13.374570 10.901656 -0.152667
66.996822 -13.374570 10.574157 0.702589
-131.145575 -17.337417 -11.538996 -4.658493
-127.182727 -17.337417 -3.198191 4.201492
-123.219879 -17.337417 3.835538 6.607691
-119.257031 -17.337417 9.521989 -0.750816
-115.294183 -17.337417 12.384826 -0.086485
-111.331335 -17.337417 9.934505 -1.021224
-107.368487 -17.337417 11.114490 -0.232918
-103.405639 -17.337417 10.647711 0.515197
-99.442791 -17.337417 10.581815 0.037596
-95.479943 -17.337417 11.396015 -0.352095
-91.517095 -17.337417 11.145022 -0.154002
-87.554247 -17.337417 11.119530 -0.165529
-83.591400 -17.337417 11.585308 0.203705
-79.628552 -17.337417 11.516221 0.139600
-75.665704 -17.337417 11.691523 0.346823
-71.702856 -17.337417 11.139469 0.487434
-67.740008 -17.337417 11.048191 0.116980
-63.777160 -17.337417 11.381388 0.263577
-59.814312 -17.337417 11.571249 -0.314628
-55.851464 -17.337417 11.367685 0.396051
-51.888616 -17.337417 10.860513 0.548613
-47.925768 -17.337417 11.019876 0.448596
-43.962920 -17.337417 11.081631 0.082230
-40.000072 -17.337417 11.786539 0.620560
-36.037224 -17.337417 11.510945 0.011875
-32.074376 -17.337417 10.968921 0.504355
-28.111528 -17.337417 11.287178 0.383580
-24.148680 -17.337417 10.912586 0.312853
-20.185832 -17.337417 11.735794 0.445511
-16.222984 -17.337417 11.013211 0.302885
-12.260136 -17.337417 10.948846 0.605588
-8.297289 -17.337417 10.936134 0.270536
-4.334441 -17.337417 11.372971 0.150303
-0.371593 -17.337417 10.969405 0.079108
3.591255 -17.337417 10.405787 0.433932
7.554103 -17.337417 11.172439 -0.462019
11.516951 -17.337417 10.959051 0.335257
15.479799 -17.337417 11.208513 0.428390
19.442647 -17.337417 10.643717 0.346010
23.405495 -17.337417 10.542098 0.209306
27.368343 -17.337417 10.745887 0.369796
31.331191 -17.337417 10.589604 0.427385
35.294039 -17.337417 11.021274 0.270887
39.256887 -17.337417 10.906392 0.257210
43.219735 -17.337417 10.752905 0.012449
47.182583 -17.337417 10.580197 0.039685
51.145431 -17.337417 12.121861 0.347901
55.108279 -17.337417 10.940369 0.298860
59.071127 -17.337417 11.159574 0.191678
63.033975 -17.337417 10.620178 0.141828
66.996822 -17.337417 10.636469 0.505418
-131.145575 -21.300265 6.276653 11.202778
-127.182727 -21.300265 -0.318561 -15.371202
-123.219879 -21.300265 -6.167073 7.398968
-119.257031 -21.300265 -13.655471 -4.030466
-115.294183 -21.300265 12.707102 -15.601906
-111.331335 -21.300265 9.944624 0.642429
-107.368487 -21.300265 10.905808 -0.606856
-103.405639 -21.300265 10.734580 0.773634
-99.442791 -21.300265 10.284034 0.067144
-95.479943 -21.300265 11.454789 -0.328640
-91.517095 -21.300265 10.738347 0.137598
-87.554247 -21.300265 11.073961 -0.269073
-83.591400 -21.300265 10.802581 -0.535802
-79.628552 -21.300265 11.660611 0.274472
-75.665704 -21.300265 10.935825 0.263600
-71.702856 -21.300265 11.607600 0.492373
-67.740008 -21.300265 11.191601 0.173205
-63.777160 -21.300265 11.308059 0.391592
-59.814312 -21.300265 11.783257 0.418858
-55.851464 -21.300265 10.927100 0.042061
-51.888616 -21.300265 11.487741 0.494068
-47.925768 -21.300265 11.548408 -0.108798
-43.962920 -21.300265 11.585174 0.504579
-40.000072 -21.300265 11.211379 0.519984
-36.037224 -21.300265 11.204864 0.111678
-32.074376 -21.300265 10.872615 0.381675
-28.111528 -21.300265 11.006246 0.184021
-24.148680 -21.300265 11.019921 0.447973
-20.185832 -21.300265 10.999068 0.328153
-16.222984 -21.300265 10.859450 -0.214346
-12.260136 -21.300265 10.645980 0.169516
-8.297289 -21.300265 11.050175 0.282702
-4.334441 -21.300265 11.129371 0.044145
-0.371593 -21.300265 11.167930 0.302212
3.591255 -21.300265 10.999646 0.592742
7.554103 -21.300265 11.229347 0.477476
11.516951 -21.300265 10.938501 0.305964
15.479799 -21.300265 11.040664 0.258166
19.442647 -21.300265 11.509723 -0.133997
23.405495 -21.300265 10.871837 0.231595
27.368343 -21.300265 10.863451 0.480994
31.331191 -21.300265 10.987981 -0.238467
35.294039 -21.300265 11.118765 0.134753
39.256887 -21.300265 10.730292 0.332608
43.219735 -21.300265 10.885413 0.408982
47.182583 -21.300265 11.062648 -0.404497
51.145431 -21.300265 10.470611 -0.099052
55.108279 -21.300265 11.006891 -0.251078
59.071127 -21.300265 11.452061 -0.035217
63.033975 -21.300265 11.083807 -0.043805
66.996822 -21.300265 10.837709 0.316908
-131.145575 -25.263113 -14.507475 -13.339204
-127.182727 -25.263113 15.615232 3.393390
-123.219879 -25.263113 -7.151896 -4.980407
-119.257031 -25.263113 -16.254581 9.603056
-115.294183 -25.263113 7.184578 -3.076520
-111.331335 -25.263113 12.105511 0.590053
-107.368487 -25.263113 10.468063 -1.591932
-103.405639 -25.263113 10.813050 0.974213
-99.442791 -25.263113 11.476295 -0.372339
-95.479943 -25.263113 11.415104 -0.324344
-91.517095 -25.263113 11.319194 0.307865
-87.554247 -25.263113 10.406510 -0.186813
-83.591400 -25.263113 12.020198 0.090659
-79.628552 -25.263113 10.843875 0.343389
-75.665704 -25.263113 11.607174 -0.266031
-71.702856 -25.263113 11.510125 0.200438
-67.740008 -25.263113 11.340056 0.208286
-63.777160 -25.263113 10.883658 0.833632
-59.814312 -25.263113 11.432425 -0.049599
-55.851464 -25.263113 11.999532 0.678174
-51.888616 -25.263113 10.976009 0.499214
-47.925768 -25.263113 11.510477 -0.043357
-43.962920 -25.263113 10.773205 0.398667
-40.000072 -25.263113 10.967175 0.184336
-36.037224 -25.263113 10.692143 0.531535
-32.074376 -25.263113 11.030439 0.395907
-28.111528 -25.263113 10.800264 0.100520
-24.148680 -25.263113 11.319630 0.094821
-20.185832 -25.263113 11.259230 0.249653
-16.222984 -25.263113 11.186780 0.620099
-12.260136 -25.263113 11.069293 0.389418
-8.297289 -25.263113 11.263700 -0.059696
-4.334441 -25.263113 11.035708 0.355162
-0.371593 -25.263113 11.040334 -0.034268
3.591255 -25.263113 10.688072 0.767931
7.554103 -25.263113 10.945351 0.314156
11.516951 -25.263113 10.987795 -0.232694
15.479799 -25.263113 10.833179 0.023454
19.442647 -25.263113 10.846172 0.215354
23.405495 -25.263113 10.650127 0.272719
27.368343 -25.263113 10.647351 0.109620
31.331191 -25.263113 11.333062 -0.086272
35.294039 -25.263113 11.445127 0.319246
39.256887 -25.263113 10.890121 0.057388
43.219735 -25.263113 11.305015 0.512295
47.182583 -25.263113 10.526198 0.346546
51.145431 -25.263113 11.778831 -0.792407
55.108279 -25.263113 9.257188 0.395378
59.071127 -25.263113 11.204907 0.472507
63.033975 -25.263113 10.865394 0.250200
66.996822 -25.263113 10.902731 -1.058071
-131.145575 -29.225961 7.756475 -17.342207
-127.182727 -29.225961 -12.648836 10.889564
-123.219879 -29.225961 5.055577 -11.384309
-119.257031 -29.225961 10.875459 2.225612
-115.294183 -29.225961 8.529844 -5.415677
-111.331335 -29.225961 10.454265 0.807708
-107.368487 -29.225961 11.362568 0.479744
-103.405639 -29.225961 12.173168 9.249746
-99.442791 -29.225961 10.690022 0.490574
-95.479943 -29.225961 11.153750 -0.805277
-91.517095 -29.225961 11.682899 0.157173
-87.554247 -29.225961 10.747815 0.267299
-83.591400 -29.225961 10.878654 0.187843
-79.628552 -29.225961 11.416818 0.038358
-75.665704 -29.225961 11.350879 -0.212112
-71.702856 -29.225961 11.941346 0.130901
-67.740008 -29.225961 11.416690 0.204826
-63.777160 -29.225961 11.257802 -0.085388
-59.814312 -29.225961 11.233932 0.175005
-55.851464 -29.225961 11.251283 0.075468
-51.888616 -29.225961 11.076483 0.157020
-47.925768 -29.225961 11.287229 0.442204
-43.962920 -29.225961 10.865548 0.378590
-40.000072 -29.225961 10.762144 -0.159740
-36.037224 -29.225961 11.273496 0.495735
-32.074376 -29.225961 11.190670 0.021335
-28.111528 -29.225961 11.883359 0.449377
-24.148680 -29.225961 10.737266 0.602838
-20.185832 -29.225961 11.331445 0.479584
-16.222984 -29.225961 11.266154 0.536553
-12.260136 -29.225961 11.433102 0.460090
-8.297289 -29.225961 11.305973 -0.177824
-4.334441 -29.225961 10.984501 0.426790
-0.371593 -29.225961 10.934703 0.199246
3.591255 -29.225961 10.673762 0.607849
7.554103 -29.225961 10.653211 0.685692
11.516951 -29.225961 11.223881 0.359280
15.479799 -29.225961 11.600551 0.761089
19.442647 -29.225961 10.812713 0.205115
23.405495 -29.225961 10.967443 0.628295
27.368343 -29.225961 10.386194 0.472005
31.331191 -29.225961 10.630475 0.122175
35.294039 -29.225961 10.680595 -0.152397
39.256887 -29.225961 11.119298 -0.110605
43.219735 -29.225961 10.359248 0.243150
47.182583 -29.225961 11.319603 0.049151
51.145431 -29.225961 8.927932 -0.216729
55.108279 -29.225961 9.989216 0.092828
59.071127 -29.225961 10.562916 1.323303
63.033975 -29.225961 10.468253 0.895002
66.996822 -29.225961 11.531806 0.900774
-131.145575 -33.188809 9.641941 7.201862
-127.182727 -33.188809 2.006585 -5.117863
-123.219879 -33.188809 -8.013073 -16.177189
-119.257031 -33.188809 3.103546 11.029894
-115.294183 -33.188809 3.645189 13.965030
-111.331335 -33.188809 10.176861 1.962162
-107.368487 -33.188809 11.385376 1.390026
-103.405639 -33.188809 9.850605 -0.875838
-99.442791 -33.188809 14.785591 -12.006442
-95.479943 -33.188809 11.473220 -0.387194
-91.517095 -33.188809 10.682454 -0.668055
-87.554247 -33.188809 12.043623 -0.232411
-83.591400 -33.188809 11.130238 0.229082
-79.628552 -33.188809 10.416940 0.302157
-75.665704 -33.188809 11.391532 -0.000907
-71.702856 -33.188809 11.129703 -0.092184
-67.740008 -33.188809 11.566289 0.431940
-63.777160 -33.188809 11.244929 0.388667
-59.814312 -33.188809 11.081394 -0.064512
-55.851464 -33.188809 11.004016 0.399151
-51.888616 -33.188809 10.815769 -0.181055
-47.925768 -33.188809 11.301734 0.309030
-43.962920 -33.188809 10.757328 0.201255
-40.000072 -33.188809 11.240654 0.717309
-36.037224 -33.188809 11.002057 0.163520
-32.074376 -33.188809 10.966146 0.823667
-28.111528 -33.188809 11.225151 0.223074
-24.148680 -33.188809 10.397127 0.656537
-20.185832 -33.188809 10.887141 0.662615
-16.222984 -33.188809 11.081582 0.130167
-12.260136 -33.188809 11.174376 0.070049
-8.297289 -33.188809 10.877869 0.134406
-4.334441 -33.188809 11.241123 0.437971
-0.371593 -33.188809 11.295168 0.488700
3.591255 -33.188809 11.226915 0.608140
7.554103 -33.188809 11.051426 0.040860
11.516951 -33.188809 10.759078 0.073076
15.479799 -33.188809 11.290844 0.604698
19.442647 -33.188809 11.065376 0.192784
23.405495 -33.188809 10.123652 -0.127379
27.368343 -33.188809 10.559130 -0.114313
31.331191 -33.188809 10.907746 0.931399
35.294039 -33.188809 11.132068 -0.006567
39.256887 -33.188809 10.795407 -0.254935
43.219735 -33.188809 10.911046 -0.273624
47.182583 -33.188809 9.936087 0.311258
51.145431 -33.188809 11.004768 0.632730
55.108279 -33.188809 10.743515 0.519408
59.071127 -33.188809 11.349214 0.413407
63.033975 -33.188809 -6.617479 4.376715
66.996822 -33.188809 11.299343 0.605458
-131.145575 -37.151657 10.305729 6.888972
-127.182727 -37.151657 15.269447 2.856688
-123.219879 -37.151657 -0.031048 6.847851
-119.257031 -37.151657 8.113605 -2.149440
-115.294183 -37.151657 1.439248 15.954865
-111.331335 -37.151657 14.781046 -2.956784
-107.368487 -37.151657 12.156379 0.590705
-103.405639 -37.151657 9.957381 0.291797
-99.442791 -37.151657 11.213266 0.012336
-95.479943 -37.151657 10.513086 0.918330
-91.517095 -37.151657 11.655911 -0.415616
-87.554247 -37.151657 10.941639 0.328090
-83.591400 -37.151657 11.136592 0.458371
-79.628552 -37.151657 11.672342 -0.136978
-75.665704 -37.151657 10.645961 0.333249
-71.702856 -37.151657 11.399076 0.298953
-67.740008 -37.151657 11.412217 0.233115
-63.777160 -37.151657 11.329057 0.237152
-59.814312 -37.151657 11.385571 0.074173
-55.851464 -37.151657 10.998593 0.358543
-51.888616 -37.151657 11.453350 0.091860
-47.925768 -37.151657 10.970237 0.314861
-43.962920 -37.151657 11.032368 0.622236
-40.000072 -37.151657 11.431723 -0.073036
-36.037224 -37.151657 11.782261 0.260258
-32.074376 -37.151657 11.560324 0.351338
-28.111528 -37.151657 10.773062 0.654336
-24.148680 -37.151657 11.463355 0.585840
-20.185832 -37.151657 11.293640 -0.019214
-16.222984 -37.151657 10.347389 0.229299
-12.260136 -37.151657 11.353614 0.102036
-8.297289 -37.151657 10.745139 0.104948
-4.334441 -37.151657 11.559413 -0.020080
-0.371593 -37.151657 11.015554 0.099883
3.591255 -37.151657 11.422109 0.031461
7.554103 -37.151657 11.066135 0.391903
11.516951 -37.151657 11.248005 0.254288
15.479799 -37.151657 10.292691 0.749896
19.442647 -37.151657 9.785278 0.167194
23.405495 -37.151657 10.991729 -0.135182
27.368343 -37.151657 11.239244 0.996399
31.331191 -37.151657 10.769273 -0.015615
35.294039 -37.151657 10.972544 0.043634
39.256887 -37.151657 10.508546 0.457606
43.219735 -37.151657 11.357637 0.809389
47.182583 -37.151657 11.261931 -0.047877
51.145431 -37.151657 11.332139 0.853008
55.108279 -37.151657 10.641200 -1.668115
59.071127 -37.151657 10.595729 0.581631
63.033975 -37.151657 8.904803 0.662092
66.996822 -37.151657 10.980851 0.185621
-131.145575 -41.114505 12.121510 0.284038
-127.182727 -41.114505 16.146215 5.160431
-123.219879 -41.114505 5.320224 2.992895
-119.257031 -41.114505 4.085285 -1.171086
-115.294183 -41.114505 -15.711205 13.041558
-111.331335 -41.114505 10.152486 0.271186
-107.368487 -41.114505 10.593174 -1.331024
-103.405639 -41.114505 10.782486 0.327863
-99.442791 -41.114505 12.241778 0.060158
-95.479943 -41.114505 12.434371 -0.435849
-91.517095 -41.114505 11.231852 -0.354590
-87.554247 -41.114505 11.311042 0.265052
-83.591400 -41.114505 10.735986 0.003404
-79.628552 -41.114505 11.409910 0.249310
-75.665704 -41.114505 10.732175 0.627287
-71.702856 -41.114505 10.478422 0.761988
-67.740008 -41.114505 11.114764 0.218423
-63.777160 -41.114505 11.636350 0.325996
-59.814312 -41.114505 11.579444 0.003108
-55.851464 -41.114505 11.276587 -0.266533
-51.888616 -41.114505 10.886346 0.549347
-47.925768 -41.114505 10.535596 0.381281
-43.962920 -41.114505 11.302818 -0.355351
-40.000072 -41.114505 11.436312 -0.046536
-36.037224 -41.114505 11.516352 0.414924
-32.074376 -41.114505 11.513292 0.032754
-28.111528 -41.114505 11.345196 0.292702
-24.148680 -41.114505 11.361916 0.210902
-20.185832 -41.114505 10.723850 0.033214
-16.222984 -41.114505 10.501836 0.530432
-12.260136 -41.114505 11.290362 -0.140045
-8.297289 -41.114505 10.948710 0.322288
-4.334441 -41.114505 11.352043 0.422067
-0.371593 -41.114505 10.798466 -0.261251
3.591255 -41.114505 11.261401 0.194164
7.554103 -41.114505 10.114115 0.327017
11.516951 -41.114505 10.906430 0.646396
15.479799 -41.114505 11.037526 0.447612
19.442647 -41.114505 10.746306 0.100296
23.405495 -41.114505 11.360264 -0.117369
27.368343 -41.114505 11.332175 -0.240953
31.331191 -41.114505 10.857819 0.471626
35.294039 -41.114505 10.429403 -0.208928
39.256887 -41.114505 10.417489 -0.010356
43.219735 -41.114505 10.219823 0.469571
47.182583 -41.114505 10.941297 -0.132344
51.145431 -41.114505 10.651183 -0.519569
55.108279 -41.114505 10.559380 1.006232
59.071127 -41.114505 11.416939 -0.714072
63.033975 -41.114505 9.587585 -0.296932
66.996822 -41.114505 9.627667 0.262868
-131.145575 -45.077353 -8.514855 16.131092
-127.182727 -45.077353 7.952488 -18.122730
-123.219879 -45.077353 16.217529 -15.538736
-119.257031 -45.077353 7.854411 -9.846602
-115.294183 -45.077353 12.769279 -0.203979
-111.331335 -45.077353 -8.048691 4.345102
-107.368487 -45.077353 10.836420 1.051144
-103.405639 -45.077353 10.821944 1.280089
-99.442791 -45.077353 10.512944 0.681747
-95.479943 -45.077353 11.580045 0.550293
-91.517095 -45.077353 11.492340 0.685558
-87.554247 -45.077353 10.840665 -0.106422
-83.591400 -45.077353 10.102210 -1.139850
-79.628552 -45.077353 11.188776 0.012644
-75.665704 -45.077353 11.206028 -0.430209
-71.702856 -45.077353 10.687010 -0.559599
-67.740008 -45.077353 11.061420 0.159566
-63.777160 -45.077353 10.950075 0.569375
-59.814312 -45.077353 10.428212 0.289283
-55.851464 -45.077353 11.344937 0.443945
-51.888616 -45.077353 11.017261 -0.081275
-47.925768 -45.077353 11.510136 -0.502545
-43.962920 -45.077353 11.269999 0.072876
-40.000072 -45.077353 11.080544 0.761215
-36.037224 -45.077353 10.615351 0.263955
-32.074376 -45.077353 10.282067 0.051841
-28.111528 -45.077353 10.817575 1.295999
-24.148680 -45.077353 10.253101 1.038042
-20.185832 -45.077353 10.898756 0.336178
-16.222984 -45.077353 11.496975 -0.371699
-12.260136 -45.077353 11.295518 0.331980
-8.297289 -45.077353 11.008815 0.312585
-4.334441 -45.077353 10.712873 0.298038
-0.371593 -45.077353 10.004478 -0.176183
3.591255 -45.077353 11.219337 0.090552
7.554103 -45.077353 10.779715 0.358892
11.516951 -45.077353 9.380818 -0.081575
15.479799 -45.077353 11.109495 0.227512
19.442647 -45.077353 11.016559 0.756424
23.405495 -45.077353 11.981137 -0.272184
27.368343 -45.077353 11.461205 0.105735
31.331191 -45.077353 11.683627 -0.550276
35.294039 -45.077353 10.653929 -0.139550
39.256887 -45.077353 11.428452 0.248162
43.219735 -45.077353 11.448886 0.192236
47.182583 -45.077353 10.415296 0.096213
51.145431 -45.077353 10.431242 0.638274
55.108279 -45.077353 9.830926 0.569339
59.071127 -45.077353 10.246818 -0.016335
63.033975 -45.077353 10.746431 -0.700204
66.996822 -45.077353 11.104528 -0.758024
-131.145575 -49.040201 14.195791 -3.007404
-127.182727 -49.040201 2.698464 6.651959
-123.219879 -49.040201 5.766037 -1.093473
-119.257031 -49.040201 -4.256685 9.560971
-115.294183 -49.040201 11.976744 3.202435
-111.331335 -49.040201 14.598475 -2.278400
-107.368487 -49.040201 12.201219 -2.691110
-103.405639 -49.040201 12.314681 0.813578
-99.442791 -49.040201 10.632109 0.252623
-95.479943 -49.040201 10.584128 0.191303
-91.517095 -49.040201 12.101001 -0.417435
-87.554247 -49.040201 11.609350 0.381183
-83.591400 -49.040201 -5.640417 -4.674904
-79.628552 -49.040201 11.624337 -0.268783
-75.665704 -49.040201 10.594307 0.464327
-71.702856 -49.040201 12.052555 -0.198622
-67.740008 -49.040201 10.368347 0.520079
-63.777160 -49.040201 10.658557 0.593083
-59.814312 -49.040201 11.214796 0.738586
-55.851464 -49.040201 11.448291 -0.002209
-51.888616 -49.040201 10.648072 -0.701741
-47.925768 -49.040201 11.550945 -0.217006
-43.962920 -49.040201 11.334416 0.262891
-40.000072 -49.040201 10.545444 -0.526454
-36.037224 -49.040201 9.961298 -0.101258
-32.074376 -49.040201 10.568139 0.505832
-28.111528 -49.040201 10.865695 0.243454
-24.148680 -49.040201 10.819604 0.281557
-20.185832 -49.040201 10.378024 -0.433991
-16.222984 -49.040201 11.621703 0.644478
-12.260136 -49.040201 11.226703 -0.369260
-8.297289 -49.040201 10.211724 -0.408210
-4.334441 -49.040201 11.215946 -0.171073
-0.371593 -49.040201 10.944418 0.327161
3.591255 -49.040201 10.769013 -0.091800
7.554103 -49.040201 11.277632 -0.380625
11.516951 -49.040201 11.089226 -0.487505
15.479799 -49.040201 10.586884 0.466767
19.442647 -49.040201 10.507442 0.848161
23.405495 -49.040201 11.102258 0.652029
27.368343 -49.040201 10.159550 0.165261
31.331191 -49.040201 11.066904 0.553020
35.294039 -49.040201 10.148552 0.825934
39.256887 -49.040201 5.271349 10.301882
43.219735 -49.040201 10.886180 -0.522117
47.182583 -49.040201 9.694718 -0.268445
51.145431 -49.040201 11.008408 -0.423664
55.108279 -49.040201 10.701879 0.303772
59.071127 -49.040201 -7.117039 4.952753
63.033975 -49.040201 11.472461 -0.884623
66.996822 -49.040201 9.523439 0.297996
-131.145575 -53.003049 0.000000 0.000000
-127.182727 -53.003049 0.000000 0.000000
-123.219879 -53.003049 0.000000 0.000000
-119.257031 -53.003049 0.000000 0.000000
-115.294183 -53.003049 0.000000 0.000000
-111.331335 -53.003049 0.000000 0.000000
-107.368487 -53.003049 0.000000 0.000000
-103.405639 -53.003049 0.000000 0.000000
-99.442791 -53.003049 0.000000 0.000000
-95.479943 -53.003049 0.000000 0.000000
-91.517095 -53.003049 0.000000 0.000000
-87.554247 -53.003049 0.000000 0.000000
-83.591400 -53.003049 0.000000 0.000000
-79.628552 -53.003049 0.000000 0.000000
-75.665704 -53.003049 0.000000 0.000000
-71.702856 -53.003049 0.000000 0.000000
-67.740008 -53.003049 0.000000 0.000000
-63.777160 -53.003049 0.000000 0.000000
-59.814312 -53.003049 0.000000 0.000000
-55.851464 -53.003049 0.000000 0.000000
-51.888616 -53.003049 0.000000 0.000000
-47.925768 -53.003049 0.000000 0.000000
-43.962920 -53.003049 0.000000 0.000000
-40.000072 -53.003049 0.000000 0.000000
-36.037224 -53.003049 0.000000 0.000000
-32.074376 -53.003049 0.000000 0.000000
-28.111528 -53.003049 0.000000 0.000000
-24.148680 -53.003049 0.000000 0.000000
-20.185832 -53.003049 0.000000 0.000000
-16.222984 -53.003049 0.000000 0.000000
-12.260136 -53.003049 0.000000 0.000000
-8.297289 -53.003049 0.000000 0.000000
-4.334441 -53.003049 0.000000 0.000000
-0.371593 -53.003049 0.000000 0.000000
3.591255 -53.003049 0.000000 0.000000
7.554103 -53.003049 0.000000 0.000000
11.516951 -53.003049 0.000000 0.000000
15.479799 -53.003049 0.000000 0.000000
19.442647 -53.003049 0.000000 0.000000
23.405495 -53.003049 0.000000 0.000000
27.368343 -53.003049 0.000000 0.000000
31.331191 -53.003049 0.000000 0.000000
35.294039 -53.003049 0.000000 0.000000
39.256887 -53.003049 0.000000 0.000000
43.219735 -53.003049 0.000000 0.000000
47.182583 -53.003049 0.000000 0.000000
51.145431 -53.003049 0.000000 0.000000
55.108279 -53.003049 0.000000 0.000000
59.071127 -53.003049 0.000000 0.000000
63.033975 -53.003049 0.000000 0.000000
66.996822 -53.003049 0.000000 0.000000
