TITLE = "B00019"
VARIABLES = "position", "position(2)", "Vx", "Vy"
ZONE T="Frame 0", I=51, J=39
-131.145575 97.585173 -8.766859 2.525201
-127.182727 97.585173 11.694437 0.695588
-123.219879 97.585173 11.145521 0.176528
-119.257031 97.585173 11.355318 0.453310
-115.294183 97.585173 11.048321 0.422314
-111.331335 97.585173 0.000000 0.000000
-107.368487 97.585173 0.000000 0.000000
-103.405639 97.585173 0.000000 0.000000
-99.442791 97.585173 0.000000 0.000000
-95.479943 97.585173 0.000000 0.000000
-91.517095 97.585173 0.000000 0.000000
-87.554247 97.585173 11.215512 0.226487
-83.591400 97.585173 11.499186 0.389741
-79.628552 97.585173 11.477653 0.239150
-75.665704 97.585173 11.581508 0.205460
-71.702856 97.585173 11.473288 0.306954
-67.740008 97.585173 11.557897 0.331474
-63.777160 97.585173 11.412315 0.062565
-59.814312 97.585173 11.562009 0.237200
-55.851464 97.585173 11.547257 0.172041
-51.888616 97.585173 11.270379 0.104958
-47.925768 97.585173 11.454449 -0.112855
-43.962920 97.585173 11.332158 -0.250130
-40.000072 97.585173 11.405892 0.016033
-36.037224 97.585173 11.368073 -0.138725
-32.074376 97.585173 11.235060 -0.187083
-28.111528 97.585173 11.206607 0.089381
-24.148680 97.585173 11.251225 -0.286863
-20.185832 97.585173 11.411443 -0.220636
-16.222984 97.585173 11.204674 -0.324199
-12.260136 97.585173 0.000000 0.000000
-8.297289 97.585173 0.000000 0.000000
-4.334441 97.585173 0.000000 0.000000
-0.371593 97.585173 10.982784 0.030979
3.591255 97.585173 10.951246 -0.103103
7.554103 97.585173 11.062910 -0.118434
11.516951 97.585173 11.099286 -0.040134
15.479799 97.585173 11.082026 0.089084
19.442647 97.585173 11.017362 -0.163723
23.405495 97.585173 11.118361 0.071717
27.368343 97.585173 11.143398 0.110800
31.331191 97.585173 11.076017 0.039509
35.294039 97.585173 11.080496 -0.075091
39.256887 97.585173 10.948745 -0.030960
43.219735 97.585173 11.041489 0.264306
47.182583 97.585173 10.875587 -0.202412
51.145431 97.585173 11.057347 0.086887
55.108279 97.585173 10.999039 -0.098487
59.071127 97.585173 11.111810 0.184821
63.033975 97.585173 11.172566 0.215818
66.996822 97.585173 11.060090 -0.022726
-131.145575 93.622325 10.822640 -17.349859
-127.182727 93.622325 11.108695 0.289798
-123.219879 93.622325 11.272753 0.437961
-119.257031 93.622325 11.390457 0.503998
-115.294183 93.622325 11.105507 0.455250
-111.331335 93.622325 0.000000 0.000000
-107.368487 93.622325 0.000000 0.000000
-103.405639 93.622325 0.000000 0.000000
-99.442791 93.622325 0.000000 0.000000
-95.479943 93.622325 0.000000 0.000000
-91.517095 93.622325 0.000000 0.000000
-87.554247 93.622325 11.333034 0.307879
-83.591400 93.622325 11.553659 0.278944
-79.628552 93.622325 11.522885 0.315667
-75.665704 93.622325 11.511889 0.200007
-71.702856 93.622325 11.542823 0.192614
-67.740008 93.622325 11.534450 0.211744
-63.777160 93.622325 11.485312 0.292045
-59.814312 93.622325 11.314715 0.103482
-55.851464 93.622325 11.531353 -0.009257
-51.888616 93.622325 11.434623 -0.108680
-47.925768 93.622325 11.457322 0.197831
-43.962920 93.622325 11.379418 -0.068512
-40.000072 93.622325 11.350862 -0.031967
-36.037224 93.622325 11.397404 0.254431
-32.074376 93.622325 11.202415 -0.093068
-28.111528 93.622325 11.218795 -0.158554
-24.148680 93.622325 11.321831 -0.089417
-20.185832 93.622325 11.270122 -0.048353
-16.222984 93.622325 11.291760 -0.071817
-12.260136 93.622325 0.000000 0.000000
-8.297289 93.622325 0.000000 0.000000
-4.334441 93.622325 0.000000 0.000000
-0.371593 93.622325 11.162692 -0.160113
3.591255 93.622325 11.108211 -0.052091
7.554103 93.622325 11.032066 -0.073113
11.516951 93.622325 11.058876 -0.017844
15.479799 93.622325 10.932526 -0.252170
19.442647 93.622325 11.023609 0.142928
23.405495 93.622325 11.037292 -0.176405
27.368343 93.622325 10.999516 -0.027141
31.331191 93.622325 11.089027 0.058575
35.294039 93.622325 11.050178 0.055274
39.256887 93.622325 10.984260 -0.083145
43.219735 93.622325 10.894818 0.055020
47.182583 93.622325 10.881516 -0.162968
51.145431 93.622325 11.131496 0.005452
55.108279 93.622325 11.029743 0.017903
59.071127 93.622325 10.979241 0.065786
63.033975 93.622325 11.084234 -0.097410
66.996822 93.622325 10.864830 -0.112675
-131.145575 89.659477 7.190177 -12.341162
-127.182727 89.659477 10.792458 0.530265
-123.219879 89.659477 10.710088 0.713738
-119.257031 89.659477 11.144675 0.441423
-115.294183 89.659477 10.934438 0.586561
-111.331335 89.659477 0.000000 0.000000
-107.368487 89.659477 0.000000 0.000000
-103.405639 89.659477 0.000000 0.000000
-99.442791 89.659477 0.000000 0.000000
-95.479943 89.659477 0.000000 0.000000
-91.517095 89.659477 0.000000 0.000000
-87.554247 89.659477 11.382614 0.545000
-83.591400 89.659477 11.547680 0.409144
-79.628552 89.659477 11.320922 0.062278
-75.665704 89.659477 11.551269 0.166274
-71.702856 89.659477 11.514715 0.097815
-67.740008 89.659477 11.409850 0.203435
-63.777160 89.659477 11.542433 0.021576
-59.814312 89.659477 11.608075 0.222483
-55.851464 89.659477 11.284416 0.218517
-51.888616 89.659477 11.364496 0.092049
-47.925768 89.659477 11.595212 -0.046678
-43.962920 89.659477 11.620852 0.111039
-40.000072 89.659477 11.500565 0.002637
-36.037224 89.659477 11.407556 -0.128672
-32.074376 89.659477 11.406099 -0.169885
-28.111528 89.659477 11.283380 0.138608
-24.148680 89.659477 11.431846 -0.140452
-20.185832 89.659477 11.145186 -0.131464
-16.222984 89.659477 11.240490 -0.213803
-12.260136 89.659477 0.000000 0.000000
-8.297289 89.659477 0.000000 0.000000
-4.334441 89.659477 0.000000 0.000000
-0.371593 89.659477 11.194726 -0.180481
3.591255 89.659477 11.173442 -0.147319
7.554103 89.659477 11.019606 -0.079087
11.516951 89.659477 11.139354 -0.037825
15.479799 89.659477 11.117338 0.071413
19.442647 89.659477 11.028629 -0.003156
23.405495 89.659477 11.015296 -0.157909
27.368343 89.659477 11.161282 -0.072878
31.331191 89.659477 10.978911 0.007936
35.294039 89.659477 11.104996 0.093678
39.256887 89.659477 10.998431 0.023366
43.219735 89.659477 10.957860 0.011604
47.182583 89.659477 10.837929 0.027678
51.145431 89.659477 10.883673 0.120847
55.108279 89.659477 10.917412 -0.029992
59.071127 89.659477 10.948344 0.163987
63.033975 89.659477 10.972126 0.020838
66.996822 89.659477 10.865095 -0.191931
-131.145575 85.696629 -11.832690 -2.807033
-127.182727 85.696629 11.392668 0.297339
-123.219879 85.696629 11.679708 0.733827
-119.257031 85.696629 11.537292 0.573185
-115.294183 85.696629 11.174668 0.368189
-111.331335 85.696629 0.000000 0.000000
-107.368487 85.696629 0.000000 0.000000
-103.405639 85.696629 0.000000 0.000000
-99.442791 85.696629 0.000000 0.000000
-95.479943 85.696629 0.000000 0.000000
-91.517095 85.696629 0.000000 0.000000
-87.554247 85.696629 11.509937 0.401970
-83.591400 85.696629 11.551264 0.474345
-79.628552 85.696629 11.516467 0.277416
-75.665704 85.696629 11.329739 0.194600
-71.702856 85.696629 11.618078 0.265235
-67.740008 85.696629 11.444926 0.240021
-63.777160 85.696629 11.458141 0.053512
-59.814312 85.696629 11.525038 0.016146
-55.851464 85.696629 11.360879 0.080830
-51.888616 85.696629 11.299545 0.009908
-47.925768 85.696629 11.484599 -0.086614
-43.962920 85.696629 11.264296 -0.167241
-40.000072 85.696629 11.335737 -0.160263
-36.037224 85.696629 11.552946 -0.094804
-32.074376 85.696629 11.344169 -0.201210
-28.111528 85.696629 11.347475 -0.026323
-24.148680 85.696629 11.483545 -0.113904
-20.185832 85.696629 11.307733 -0.279984
-16.222984 85.696629 11.246411 -0.138649
-12.260136 85.696629 0.000000 0.000000
-8.297289 85.696629 0.000000 0.000000
-4.334441 85.696629 0.000000 0.000000
-0.371593 85.696629 11.200325 -0.184971
3.591255 85.696629 11.101373 -0.094567
7.554103 85.696629 11.248176 -0.127710
11.516951 85.696629 11.027135 -0.030406
15.479799 85.696629 10.930123 -0.111935
19.442647 85.696629 10.994474 0.005965
23.405495 85.696629 10.938675 -0.202056
27.368343 85.696629 11.073525 -0.094696
31.331191 85.696629 11.062833 0.025275
35.294039 85.696629 11.033532 0.207641
39.256887 85.696629 10.984749 -0.047111
43.219735 85.696629 10.966489 -0.199556
47.182583 85.696629 10.796059 0.180378
51.145431 85.696629 11.016446 0.020931
55.108279 85.696629 11.045988 0.029666
59.071127 85.696629 10.936604 -0.024566
63.033975 85.696629 10.961613 -0.115719
66.996822 85.696629 10.930160 -0.183701
-131.145575 81.733781 11.490670 0.807615
-127.182727 81.733781 11.199892 0.583754
-123.219879 81.733781 11.393234 0.571631
-119.257031 81.733781 11.085360 0.566762
-115.294183 81.733781 11.046130 0.524906
-111.331335 81.733781 0.000000 0.000000
-107.368487 81.733781 0.000000 0.000000
-103.405639 81.733781 0.000000 0.000000
-99.442791 81.733781 0.000000 0.000000
-95.479943 81.733781 0.000000 0.000000
-91.517095 81.733781 0.000000 0.000000
-87.554247 81.733781 11.423333 0.387996
-83.591400 81.733781 11.498600 0.371482
-79.628552 81.733781 11.665856 0.255755
-75.665704 81.733781 11.583053 0.078097
-71.702856 81.733781 11.700298 0.242815
-67.740008 81.733781 11.641876 0.049424
-63.777160 81.733781 11.542924 0.193180
-59.814312 81.733781 11.598104 0.090166
-55.851464 81.733781 11.545657 -0.132015
-51.888616 81.733781 11.593604 -0.151607
-47.925768 81.733781 11.389479 -0.009242
-43.962920 81.733781 11.587852 -0.195135
-40.000072 81.733781 11.568234 -0.237394
-36.037224 81.733781 11.522447 -0.117655
-32.074376 81.733781 11.361228 -0.205378
-28.111528 81.733781 11.372231 -0.163722
-24.148680 81.733781 11.219183 -0.221572
-20.185832 81.733781 11.185349 -0.254836
-16.222984 81.733781 11.389493 0.041796
-12.260136 81.733781 0.000000 0.000000
-8.297289 81.733781 0.000000 0.000000
-4.334441 81.733781 0.000000 0.000000
-0.371593 81.733781 11.162072 -0.269414
3.591255 81.733781 11.047169 -0.147116
7.554103 81.733781 11.227916 -0.172377
11.516951 81.733781 11.122672 -0.056895
15.479799 81.733781 10.881831 0.061573
19.442647 81.733781 10.989483 -0.198779
23.405495 81.733781 11.167688 -0.093082
27.368343 81.733781 10.975260 -0.135175
31.331191 81.733781 11.014696 0.034901
35.294039 81.733781 11.063942 0.160388
39.256887 81.733781 10.825321 -0.075760
43.219735 81.733781 10.988386 -0.122002
47.182583 81.733781 11.031276 -0.240270
51.145431 81.733781 11.030840 -0.199991
55.108279 81.733781 10.989000 -0.108583
59.071127 81.733781 10.942439 -0.017976
63.033975 81.733781 11.187588 -0.124643
66.996822 81.733781 10.987094 0.040100
-131.145575 77.770933 11.416066 0.511178
-127.182727 77.770933 11.505291 0.458278
-123.219879 77.770933 11.174338 0.660724
-119.257031 77.770933 11.848969 0.690131
-115.294183 77.770933 11.246679 0.422680
-111.331335 77.770933 0.000000 0.000000
-107.368487 77.770933 0.000000 0.000000
-103.405639 77.770933 0.000000 0.000000
-99.442791 77.770933 0.000000 0.000000
-95.479943 77.770933 0.000000 0.000000
-91.517095 77.770933 11.594043 0.539148
-87.554247 77.770933 11.589900 0.384395
-83.591400 77.770933 11.609006 0.399403
-79.628552 77.770933 11.598581 0.275907
-75.665704 77.770933 11.699776 0.340683
-71.702856 77.770933 11.705032 0.177478
-67.740008 77.770933 11.690257 0.019477
-63.777160 77.770933 11.715972 0.034542
-59.814312 77.770933 11.737120 -0.097075
-55.851464 77.770933 11.803589 -0.159652
-51.888616 77.770933 11.634783 0.209124
-47.925768 77.770933 11.498277 -0.116970
-43.962920 77.770933 11.528304 -0.035578
-40.000072 77.770933 11.225751 -0.271539
-36.037224 77.770933 11.565233 -0.236459
-32.074376 77.770933 11.247571 -0.157343
-28.111528 77.770933 11.387466 -0.307337
-24.148680 77.770933 11.401814 -0.342510
-20.185832 77.770933 11.315692 -0.162559
-16.222984 77.770933 11.251958 -0.331234
-12.260136 77.770933 0.000000 0.000000
-8.297289 77.770933 0.000000 0.000000
-4.334441 77.770933 0.000000 0.000000
-0.371593 77.770933 11.001377 -0.307745
3.591255 77.770933 11.052585 -0.138490
7.554103 77.770933 11.201136 -0.122036
11.516951 77.770933 11.019868 -0.183477
15.479799 77.770933 11.192941 0.091675
19.442647 77.770933 11.049895 -0.099353
23.405495 77.770933 10.845167 -0.050946
27.368343 77.770933 10.917499 -0.127414
31.331191 77.770933 11.079941 -0.184127
35.294039 77.770933 10.842658 -0.139330
39.256887 77.770933 11.010888 -0.050767
43.219735 77.770933 10.954257 0.110857
47.182583 77.770933 10.932312 0.040497
51.145431 77.770933 11.004710 0.143730
55.108279 77.770933 10.974043 0.028530
59.071127 77.770933 11.064513 0.067182
63.033975 77.770933 10.894483 0.007888
66.996822 77.770933 11.090421 -0.208203
-131.145575 73.808085 -14.205500 14.401705
-127.182727 73.808085 11.167397 0.795244
-123.219879 73.808085 11.100221 0.371250
-119.257031 73.808085 11.144449 0.692346
-115.294183 73.808085 11.320498 0.656765
-111.331335 73.808085 0.000000 0.000000
-107.368487 73.808085 0.000000 0.000000
-103.405639 73.808085 0.000000 0.000000
-99.442791 73.808085 0.000000 0.000000
-95.479943 73.808085 0.000000 0.000000
-91.517095 73.808085 11.745512 0.402090
-87.554247 73.808085 11.684670 0.440639
-83.591400 73.808085 11.567660 0.506383
-79.628552 73.808085 11.697633 0.270251
-75.665704 73.808085 11.867395 0.329422
-71.702856 73.808085 11.686239 0.083913
-67.740008 73.808085 11.858102 0.155940
-63.777160 73.808085 11.821066 0.085101
-59.814312 73.808085 11.658956 -0.175190
-55.851464 73.808085 11.721937 -0.139667
-51.888616 73.808085 11.707136 -0.170251
-47.925768 73.808085 11.520936 -0.099526
-43.962920 73.808085 11.528894 -0.228715
-40.000072 73.808085 11.407124 -0.174730
-36.037224 73.808085 11.349397 -0.171449
-32.074376 73.808085 11.261565 -0.224806
-28.111528 73.808085 11.411234 -0.165144
-24.148680 73.808085 11.471473 -0.392726
-20.185832 73.808085 11.203138 -0.216278
-16.222984 73.808085 11.195758 -0.448516
-12.260136 73.808085 0.000000 0.000000
-8.297289 73.808085 0.000000 0.000000
-4.334441 73.808085 0.000000 0.000000
-0.371593 73.808085 11.034905 -0.237728
3.591255 73.808085 11.140243 -0.137791
7.554103 73.808085 11.038755 -0.040052
11.516951 73.808085 11.012419 -0.320328
15.479799 73.808085 11.060758 -0.200773
19.442647 73.808085 11.033460 -0.053101
23.405495 73.808085 10.855365 -0.200736
27.368343 73.808085 10.951273 -0.116624
31.331191 73.808085 11.042144 -0.089213
35.294039 73.808085 10.862386 -0.012609
39.256887 73.808085 11.062525 0.040234
43.219735 73.808085 10.929914 -0.135113
47.182583 73.808085 10.975910 0.083052
51.145431 73.808085 10.900680 -0.119901
55.108279 73.808085 11.008379 0.094451
59.071127 73.808085 11.093621 -0.179229
63.033975 73.808085 11.012105 0.152121
66.996822 73.808085 10.978432 -0.060319
-131.145575 69.845237 -7.475112 -10.523516
-127.182727 69.845237 10.990834 -0.016186
-123.219879 69.845237 11.149373 0.771708
-119.257031 69.845237 10.916888 0.762555
-115.294183 69.845237 11.127182 0.487537
-111.331335 69.845237 0.000000 0.000000
-107.368487 69.845237 0.000000 0.000000
-103.405639 69.845237 0.000000 0.000000
-99.442791 69.845237 0.000000 0.000000
-95.479943 69.845237 0.000000 0.000000
-91.517095 69.845237 11.921331 0.548310
-87.554247 69.845237 11.783220 0.450280
-83.591400 69.845237 11.633308 0.335319
-79.628552 69.845237 11.908254 0.248087
-75.665704 69.845237 11.604689 -0.066386
-71.702856 69.845237 11.975186 0.042430
-67.740008 69.845237 11.686900 0.007017
-63.777160 69.845237 11.803226 -0.025217
-59.814312 69.845237 11.685514 0.084878
-55.851464 69.845237 11.799003 -0.188700
-51.888616 69.845237 11.645576 0.038887
-47.925768 69.845237 11.622633 -0.101818
-43.962920 69.845237 11.587241 -0.214370
-40.000072 69.845237 11.495944 -0.299637
-36.037224 69.845237 11.502572 -0.197795
-32.074376 69.845237 11.402410 -0.129709
-28.111528 69.845237 11.459352 -0.353505
-24.148680 69.845237 11.348442 -0.286128
-20.185832 69.845237 11.524421 -0.316167
-16.222984 69.845237 11.320811 -0.305651
-12.260136 69.845237 0.000000 0.000000
-8.297289 69.845237 0.000000 0.000000
-4.334441 69.845237 0.000000 0.000000
-0.371593 69.845237 11.078579 -0.299210
3.591255 69.845237 10.955665 -0.308430
7.554103 69.845237 11.020469 -0.262104
11.516951 69.845237 11.085008 -0.283474
15.479799 69.845237 11.062809 -0.377493
19.442647 69.845237 10.951292 -0.311662
23.405495 69.845237 11.010593 -0.246959
27.368343 69.845237 10.844181 -0.267229
31.331191 69.845237 10.970343 0.008374
35.294039 69.845237 10.992317 -0.094127
39.256887 69.845237 11.070707 -0.019674
43.219735 69.845237 10.975375 -0.027968
47.182583 69.845237 10.880923 0.082606
51.145431 69.845237 11.020741 -0.136317
55.108279 69.845237 10.916874 -0.175835
59.071127 69.845237 10.852424 -0.065965
63.033975 69.845237 10.800847 -0.148711
66.996822 69.845237 10.956899 -0.289166
-131.145575 65.882389 1.796492 -16.373940
-127.182727 65.882389 -14.976258 -16.143097
-123.219879 65.882389 10.988366 0.597813
-119.257031 65.882389 11.134282 0.789425
-115.294183 65.882389 11.078227 0.810500
-111.331335 65.882389 0.000000 0.000000
-107.368487 65.882389 0.000000 0.000000
-103.405639 65.882389 0.000000 0.000000
-99.442791 65.882389 0.000000 0.000000
-95.479943 65.882389 0.000000 0.000000
-91.517095 65.882389 11.764399 0.708349
-87.554247 65.882389 11.941344 0.662298
-83.591400 65.882389 11.954359 0.406416
-79.628552 65.882389 11.873168 0.615087
-75.665704 65.882389 11.859934 0.464968
-71.702856 65.882389 11.881590 0.075462
-67.740008 65.882389 11.718180 0.191101
-63.777160 65.882389 11.941229 -0.187931
-59.814312 65.882389 11.756264 -0.197008
-55.851464 65.882389 11.850919 -0.267393
-51.888616 65.882389 11.756804 -0.331469
-47.925768 65.882389 11.593271 -0.180728
-43.962920 65.882389 11.591390 -0.341766
-40.000072 65.882389 11.557371 -0.205449
-36.037224 65.882389 11.611616 -0.428850
-32.074376 65.882389 11.565371 -0.284250
-28.111528 65.882389 11.494038 -0.425840
-24.148680 65.882389 11.478643 -0.332218
-20.185832 65.882389 11.369956 -0.509916
-16.222984 65.882389 11.375090 -0.446628
-12.260136 65.882389 0.000000 0.000000
-8.297289 65.882389 0.000000 0.000000
-4.334441 65.882389 10.992758 -0.299307
-0.371593 65.882389 10.949229 -0.274429
3.591255 65.882389 11.000319 -0.461649
7.554103 65.882389 11.080563 -0.244397
11.516951 65.882389 10.959487 -0.256566
15.479799 65.882389 10.938993 -0.319406
19.442647 65.882389 10.888824 -0.357204
23.405495 65.882389 11.007873 -0.164223
27.368343 65.882389 10.992599 0.083159
31.331191 65.882389 10.937140 -0.137816
35.294039 65.882389 11.024834 -0.154555
39.256887 65.882389 10.882147 -0.173976
43.219735 65.882389 10.910339 -0.112872
47.182583 65.882389 11.089873 0.011303
51.145431 65.882389 10.971292 -0.404683
55.108279 65.882389 11.042021 -0.055299
59.071127 65.882389 10.918452 -0.117538
63.033975 65.882389 10.890373 -0.092235
66.996822 65.882389 10.841735 -0.000904
-131.145575 61.919541 0.139407 11.341252
-127.182727 61.919541 -8.700455 7.169147
-123.219879 61.919541 10.907768 0.541563
-119.257031 61.919541 11.319986 1.031138
-115.294183 61.919541 11.117572 0.679065
-111.331335 61.919541 0.000000 0.000000
-107.368487 61.919541 0.000000 0.000000
-103.405639 61.919541 0.000000 0.000000
-99.442791 61.919541 0.000000 0.000000
-95.479943 61.919541 0.000000 0.000000
-91.517095 61.919541 11.801599 0.710477
-87.554247 61.919541 12.011058 0.604714
-83.591400 61.919541 11.798381 0.457521
-79.628552 61.919541 12.158355 0.329985
-75.665704 61.919541 11.997066 0.340983
-71.702856 61.919541 11.858353 -0.094657
-67.740008 61.919541 12.032971 0.225108
-63.777160 61.919541 11.977669 -0.072803
-59.814312 61.919541 11.881019 -0.051853
-55.851464 61.919541 11.858940 -0.311781
-51.888616 61.919541 11.744565 0.066967
-47.925768 61.919541 11.555754 -0.212064
-43.962920 61.919541 11.727050 -0.186960
-40.000072 61.919541 11.660561 -0.272085
-36.037224 61.919541 11.564496 -0.393827
-32.074376 61.919541 11.457153 -0.322018
-28.111528 61.919541 11.590722 -0.489978
-24.148680 61.919541 11.280933 -0.329917
-20.185832 61.919541 11.274484 -0.382111
-16.222984 61.919541 11.197655 -0.433070
-12.260136 61.919541 0.000000 0.000000
-8.297289 61.919541 0.000000 0.000000
-4.334441 61.919541 11.049341 -0.486151
-0.371593 61.919541 11.056386 -0.326866
3.591255 61.919541 10.890911 -0.443058
7.554103 61.919541 10.974838 -0.325733
11.516951 61.919541 10.867167 -0.136774
15.479799 61.919541 10.935780 -0.132495
19.442647 61.919541 10.938660 -0.260639
23.405495 61.919541 10.826570 -0.182273
27.368343 61.919541 10.874837 -0.114302
31.331191 61.919541 10.988096 -0.237870
35.294039 61.919541 11.041014 0.029098
39.256887 61.919541 10.860424 0.012771
43.219735 61.919541 10.942813 0.011734
47.182583 61.919541 11.001139 -0.041702
51.145431 61.919541 11.029661 0.004547
55.108279 61.919541 10.929497 0.006473
59.071127 61.919541 11.020363 -0.175476
63.033975 61.919541 11.015793 -0.411144
66.996822 61.919541 10.959386 -0.022103
-131.145575 57.956694 -15.914812 -2.552357
-127.182727 57.956694 10.704739 1.022920
-123.219879 57.956694 10.659444 0.628958
-119.257031 57.956694 11.068372 0.634023
-115.294183 57.956694 11.245248 0.755992
-111.331335 57.956694 0.000000 0.000000
-107.368487 57.956694 0.000000 0.000000
-103.405639 57.956694 0.000000 0.000000
-99.442791 57.956694 0.000000 0.000000
-95.479943 57.956694 11.987428 0.977822
-91.517095 57.956694 11.743642 0.809696
-87.554247 57.956694 12.356361 0.736305
-83.591400 57.956694 12.114042 0.593871
-79.628552 57.956694 12.149697 0.426469
-75.665704 57.956694 12.206808 0.076418
-71.702856 57.956694 11.991164 0.382604
-67.740008 57.956694 12.018713 -0.182321
-63.777160 57.956694 12.045777 0.291150
-59.814312 57.956694 11.980699 -0.062728
-55.851464 57.956694 11.826875 -0.292741
-51.888616 57.956694 11.935452 -0.128422
-47.925768 57.956694 11.775538 -0.273529
-43.962920 57.956694 11.620903 -0.357687
-40.000072 57.956694 11.814438 -0.431878
-36.037224 57.956694 11.631245 -0.310684
-32.074376 57.956694 11.597677 -0.365809
-28.111528 57.956694 11.644791 -0.517051
-24.148680 57.956694 11.217611 -0.535383
-20.185832 57.956694 11.345969 -0.558885
-16.222984 57.956694 11.442928 -0.566240
-12.260136 57.956694 0.000000 0.000000
-8.297289 57.956694 0.000000 0.000000
-4.334441 57.956694 10.951859 -0.460898
-0.371593 57.956694 10.809922 -0.483898
3.591255 57.956694 11.070062 -0.363326
7.554103 57.956694 11.016935 -0.130517
11.516951 57.956694 10.815111 -0.291127
15.479799 57.956694 10.949747 -0.107406
19.442647 57.956694 10.940704 -0.318587
23.405495 57.956694 10.950246 -0.293361
27.368343 57.956694 10.901111 -0.244824
31.331191 57.956694 10.969943 -0.083282
35.294039 57.956694 11.049897 -0.148913
39.256887 57.956694 10.867939 -0.043982
43.219735 57.956694 10.954642 -0.069209
47.182583 57.956694 10.730668 -0.128390
51.145431 57.956694 10.972647 -0.246261
55.108279 57.956694 11.055894 0.028782
59.071127 57.956694 10.897161 -0.197869
63.033975 57.956694 10.959067 -0.365891
66.996822 57.956694 11.045297 0.128021
-131.145575 53.993846 7.097277 -3.097228
-127.182727 53.993846 2.060321 -17.918163
-123.219879 53.993846 10.826984 0.775753
-119.257031 53.993846 10.735337 0.760499
-115.294183 53.993846 10.808131 1.123088
-111.331335 53.993846 0.000000 0.000000
-107.368487 53.993846 0.000000 0.000000
-103.405639 53.993846 0.000000 0.000000
-99.442791 53.993846 0.000000 0.000000
-95.479943 53.993846 11.935676 1.022956
-91.517095 53.993846 12.109172 1.071627
-87.554247 53.993846 12.455374 0.789806
-83.591400 53.993846 12.273236 0.475431
-79.628552 53.993846 12.166398 0.462176
-75.665704 53.993846 12.198875 0.195314
-71.702856 53.993846 12.104182 0.040434
-67.740008 53.993846 12.049087 -0.143506
-63.777160 53.993846 12.209377 -0.051301
-59.814312 53.993846 12.030443 -0.145852
-55.851464 53.993846 11.975128 -0.108068
-51.888616 53.993846 12.017078 -0.110411
-47.925768 53.993846 11.896875 -0.456702
-43.962920 53.993846 11.955302 -0.377311
-40.000072 53.993846 11.645439 -0.454609
-36.037224 53.993846 11.669898 -0.468224
-32.074376 53.993846 11.603891 -0.602775
-28.111528 53.993846 11.608711 -0.536934
-24.148680 53.993846 11.439651 -0.626386
-20.185832 53.993846 11.237433 -0.563089
-16.222984 53.993846 11.323207 -0.585769
-12.260136 53.993846 11.285178 -0.627927
-8.297289 53.993846 0.000000 0.000000
-4.334441 53.993846 10.931933 -0.545335
-0.371593 53.993846 11.018687 -0.420169
3.591255 53.993846 10.896353 -0.354885
7.554103 53.993846 10.895331 -0.414485
11.516951 53.993846 10.653403 -0.046886
15.479799 53.993846 10.758384 -0.251695
19.442647 53.993846 10.896438 0.171421
23.405495 53.993846 10.925599 -0.180899
27.368343 53.993846 10.841342 0.163334
31.331191 53.993846 10.862535 -0.175382
35.294039 53.993846 10.776340 -0.235543
39.256887 53.993846 10.965814 -0.004437
43.219735 53.993846 10.840395 -0.414523
47.182583 53.993846 10.991442 -0.266573
51.145431 53.993846 10.763134 -0.118092
55.108279 53.993846 10.898949 -0.163535
59.071127 53.993846 10.945057 0.007543
63.033975 53.993846 11.015667 0.175948
66.996822 53.993846 10.948407 -0.373650
-131.145575 50.030998 -10.307816 -16.615492
-127.182727 50.030998 10.611716 1.392593
-123.219879 50.030998 10.130861 0.951014
-119.257031 50.030998 10.624581 0.943546
-115.294183 50.030998 10.794116 1.055453
-111.331335 50.030998 0.000000 0.000000
-107.368487 50.030998 0.000000 0.000000
-103.405639 50.030998 0.000000 0.000000
-99.442791 50.030998 0.000000 0.000000
-95.479943 50.030998 12.027288 1.244384
-91.517095 50.030998 12.197229 1.012806
-87.554247 50.030998 12.291550 0.593866
-83.591400 50.030998 12.399379 0.721479
-79.628552 50.030998 12.430223 0.431603
-75.665704 50.030998 12.458511 0.157709
-71.702856 50.030998 12.379058 -0.084931
-67.740008 50.030998 12.193465 -0.104973
-63.777160 50.030998 12.195198 -0.208036
-59.814312 50.030998 12.166909 -0.312439
-55.851464 50.030998 12.110825 -0.320997
-51.888616 50.030998 11.936010 -0.433936
-47.925768 50.030998 11.787855 -0.451677
-43.962920 50.030998 11.611894 -0.681646
-40.000072 50.030998 11.632195 -0.629617
-36.037224 50.030998 11.782873 -0.425466
-32.074376 50.030998 11.804845 -0.679263
-28.111528 50.030998 11.628695 -0.495261
-24.148680 50.030998 11.534093 -0.593684
-20.185832 50.030998 11.506893 -0.618187
-16.222984 50.030998 10.977862 -0.670437
-12.260136 50.030998 11.253134 -0.705994
-8.297289 50.030998 0.000000 0.000000
-4.334441 50.030998 10.747967 -0.555959
-0.371593 50.030998 10.688415 -0.539854
3.591255 50.030998 10.997484 -0.425024
7.554103 50.030998 10.744288 -0.359856
11.516951 50.030998 10.609385 -0.114520
15.479799 50.030998 10.853810 -0.160485
19.442647 50.030998 10.857936 -0.180987
23.405495 50.030998 10.928195 -0.323639
27.368343 50.030998 10.685281 0.004111
31.331191 50.030998 10.825476 -0.197042
35.294039 50.030998 10.915594 0.168551
39.256887 50.030998 11.090940 0.045652
43.219735 50.030998 11.088929 -0.223293
47.182583 50.030998 10.860893 -0.098460
51.145431 50.030998 10.827864 -0.278626
55.108279 50.030998 10.724011 0.107610
59.071127 50.030998 11.152381 -0.072646
63.033975 50.030998 10.824798 0.092533
66.996822 50.030998 10.963531 0.017995
-131.145575 46.068150 10.209635 9.053229
-127.182727 46.068150 1.013613 16.657885
-123.219879 46.068150 10.474898 0.830348
-119.257031 46.068150 10.518873 0.958392
-115.294183 46.068150 10.532787 1.362529
-111.331335 46.068150 10.741514 1.775033
-107.368487 46.068150 0.000000 0.000000
-103.405639 46.068150 0.000000 0.000000
-99.442791 46.068150 0.000000 0.000000
-95.479943 46.068150 12.231887 1.302159
-91.517095 46.068150 12.705771 1.036095
-87.554247 46.068150 12.708999 0.846005
-83.591400 46.068150 12.826194 0.547385
-79.628552 46.068150 12.379801 0.561148
-75.665704 46.068150 12.464270 0.333313
-71.702856 46.068150 12.618807 0.072904
-67.740008 46.068150 12.403686 -0.192426
-63.777160 46.068150 12.343186 -0.276464
-59.814312 46.068150 12.224519 -0.300703
-55.851464 46.068150 12.091960 -0.431228
-51.888616 46.068150 12.275700 -0.457332
-47.925768 46.068150 11.976500 -0.562975
-43.962920 46.068150 11.996828 -0.553097
-40.000072 46.068150 11.658526 -0.727723
-36.037224 46.068150 11.635243 -0.602419
-32.074376 46.068150 11.877743 -0.650507
-28.111528 46.068150 11.641438 -0.620842
-24.148680 46.068150 11.660559 -0.728273
-20.185832 46.068150 11.255378 -0.748251
-16.222984 46.068150 11.149884 -0.776332
-12.260136 46.068150 11.129568 -0.869816
-8.297289 46.068150 0.000000 0.000000
-4.334441 46.068150 10.908826 -0.855103
-0.371593 46.068150 11.109648 -0.604380
3.591255 46.068150 10.642805 -0.614362
7.554103 46.068150 10.550081 -0.663863
11.516951 46.068150 10.472365 -0.209590
15.479799 46.068150 10.857811 -0.124391
19.442647 46.068150 10.965681 -0.160694
23.405495 46.068150 11.016928 -0.391409
27.368343 46.068150 10.693057 -0.363934
31.331191 46.068150 10.612468 0.441408
35.294039 46.068150 10.865264 0.018837
39.256887 46.068150 10.870893 -0.472982
43.219735 46.068150 11.021835 -0.426874
47.182583 46.068150 10.814502 -0.532545
51.145431 46.068150 10.631755 -0.425854
55.108279 46.068150 10.753176 -0.298037
59.071127 46.068150 10.615520 -0.501730
63.033975 46.068150 10.954975 -0.398985
66.996822 46.068150 10.787902 -0.532005
-131.145575 42.105302 -11.995256 14.214387
-127.182727 42.105302 -3.095352 2.857807
-123.219879 42.105302 9.945902 0.998013
-119.257031 42.105302 10.662367 0.894596
-115.294183 42.105302 10.196931 1.621156
-111.331335 42.105302 10.318409 1.921225
-107.368487 42.105302 0.000000 0.000000
-103.405639 42.105302 0.000000 0.000000
-99.442791 42.105302 12.361945 2.438525
-95.479943 42.105302 12.721423 1.725650
-91.517095 42.105302 12.762267 0.860696
-87.554247 42.105302 12.816746 0.689059
-83.591400 42.105302 13.056437 0.596786
-79.628552 42.105302 12.732481 0.491277
-75.665704 42.105302 12.741695 0.081027
-71.702856 42.105302 12.613697 -0.022054
-67.740008 42.105302 12.613668 -0.225022
-63.777160 42.105302 12.409895 -0.539331
-59.814312 42.105302 12.101288 -0.512675
-55.851464 42.105302 12.113356 -0.552608
-51.888616 42.105302 12.169114 -0.483936
-47.925768 42.105302 12.023146 -0.717996
-43.962920 42.105302 11.683943 -0.717016
-40.000072 42.105302 11.877790 -0.451686
-36.037224 42.105302 11.883995 -0.676789
-32.074376 42.105302 11.581331 -0.601545
-28.111528 42.105302 11.556563 -0.837074
-24.148680 42.105302 11.718266 -0.845581
-20.185832 42.105302 11.445722 -0.928067
-16.222984 42.105302 11.488344 -0.830929
-12.260136 42.105302 11.138707 -1.119083
-8.297289 42.105302 0.000000 0.000000
-4.334441 42.105302 10.782672 -0.354069
-0.371593 42.105302 11.140523 -0.760127
3.591255 42.105302 10.633876 -1.029395
7.554103 42.105302 10.317751 -0.855839
11.516951 42.105302 10.468027 -0.698725
15.479799 42.105302 10.768733 -0.576615
19.442647 42.105302 11.093571 -0.384773
23.405495 42.105302 11.475445 -0.209760
27.368343 42.105302 10.800744 -0.868219
31.331191 42.105302 9.334819 0.454603
35.294039 42.105302 7.438439 2.288312
39.256887 42.105302 10.203703 0.481597
43.219735 42.105302 10.631104 -0.320499
47.182583 42.105302 10.775817 -0.105179
51.145431 42.105302 10.457689 -0.523880
55.108279 42.105302 11.478761 -0.876176
59.071127 42.105302 10.860664 -0.935065
63.033975 42.105302 10.455376 0.351292
66.996822 42.105302 10.314571 0.871086
-131.145575 38.142454 -13.968297 15.232534
-127.182727 38.142454 16.407001 7.791552
-123.219879 38.142454 9.723921 0.461548
-119.257031 38.142454 9.561213 1.490107
-115.294183 38.142454 9.398095 1.142084
-111.331335 38.142454 9.758686 2.465997
-107.368487 38.142454 0.000000 0.000000
-103.405639 38.142454 0.000000 0.000000
-99.442791 38.142454 0.000000 0.000000
-95.479943 38.142454 0.000000 0.000000
-91.517095 38.142454 0.000000 0.000000
-87.554247 38.142454 0.000000 0.000000
-83.591400 38.142454 0.000000 0.000000
-79.628552 38.142454 0.000000 0.000000
-75.665704 38.142454 0.000000 0.000000
-71.702856 38.142454 0.000000 0.000000
-67.740008 38.142454 0.000000 0.000000
-63.777160 38.142454 0.000000 0.000000
-59.814312 38.142454 0.000000 0.000000
-55.851464 38.142454 0.000000 0.000000
-51.888616 38.142454 0.000000 0.000000
-47.925768 38.142454 0.000000 0.000000
-43.962920 38.142454 0.000000 0.000000
-40.000072 38.142454 0.000000 0.000000
-36.037224 38.142454 0.000000 0.000000
-32.074376 38.142454 0.000000 0.000000
-28.111528 38.142454 0.000000 0.000000
-24.148680 38.142454 11.636523 -0.855435
-20.185832 38.142454 11.063807 -1.296977
-16.222984 38.142454 11.031857 -0.745429
-12.260136 38.142454 11.565287 -1.697701
-8.297289 38.142454 0.000000 0.000000
-4.334441 38.142454 5.196106 2.374074
-0.371593 38.142454 11.718476 -1.108142
3.591255 38.142454 10.703503 -1.829695
7.554103 38.142454 10.288795 -1.404225
11.516951 38.142454 10.208276 -1.661658
15.479799 38.142454 9.672846 -0.582967
19.442647 38.142454 10.371242 1.707677
23.405495 38.142454 11.554698 0.607764
27.368343 38.142454 9.890483 -1.604359
31.331191 38.142454 7.691739 0.225883
35.294039 38.142454 7.993848 0.568961
39.256887 38.142454 8.619209 1.656987
43.219735 38.142454 9.635870 -0.306925
47.182583 38.142454 10.143963 -0.441749
51.145431 38.142454 10.850277 -1.391444
55.108279 38.142454 11.047061 -1.394509
59.071127 38.142454 9.820552 -0.589472
63.033975 38.142454 9.540986 0.524933
66.996822 38.142454 9.677582 1.573014
-131.145575 34.179606 -13.002867 -7.815138
-127.182727 34.179606 -10.086955 -9.518896
-123.219879 34.179606 2.700978 6.200908
-119.257031 34.179606 9.777961 0.312072
-115.294183 34.179606 0.000000 0.000000
-111.331335 34.179606 0.000000 0.000000
-107.368487 34.179606 0.000000 0.000000
-103.405639 34.179606 0.000000 0.000000
-99.442791 34.179606 0.000000 0.000000
-95.479943 34.179606 0.000000 0.000000
-91.517095 34.179606 0.000000 0.000000
-87.554247 34.179606 0.000000 0.000000
-83.591400 34.179606 0.000000 0.000000
-79.628552 34.179606 0.000000 0.000000
-75.665704 34.179606 0.000000 0.000000
-71.702856 34.179606 0.000000 0.000000
-67.740008 34.179606 0.000000 0.000000
-63.777160 34.179606 0.000000 0.000000
-59.814312 34.179606 0.000000 0.000000
-55.851464 34.179606 0.000000 0.000000
-51.888616 34.179606 0.000000 0.000000
-47.925768 34.179606 0.000000 0.000000
-43.962920 34.179606 0.000000 0.000000
-40.000072 34.179606 0.000000 0.000000
-36.037224 34.179606 0.000000 0.000000
-32.074376 34.179606 0.000000 0.000000
-28.111528 34.179606 0.000000 0.000000
-24.148680 34.179606 0.000000 0.000000
-20.185832 34.179606 0.000000 0.000000
-16.222984 34.179606 0.000000 0.000000
-12.260136 34.179606 0.000000 0.000000
-8.297289 34.179606 0.000000 0.000000
-4.334441 34.179606 0.000000 0.000000
-0.371593 34.179606 7.005085 3.050083
3.591255 34.179606 9.971650 -2.228248
7.554103 34.179606 10.196557 -2.226638
11.516951 34.179606 9.948989 -1.959460
15.479799 34.179606 8.378631 1.765409
19.442647 34.179606 9.520229 2.456377
23.405495 34.179606 9.584085 0.748310
27.368343 34.179606 9.893084 -1.865360
31.331191 34.179606 -7.942191 -3.642769
35.294039 34.179606 10.490524 -0.839449
39.256887 34.179606 11.063361 1.646076
43.219735 34.179606 9.901837 1.436516
47.182583 34.179606 10.534267 -1.500729
51.145431 34.179606 10.684575 -1.719482
55.108279 34.179606 10.947187 -1.467822
59.071127 34.179606 9.504264 -0.820707
63.033975 34.179606 9.885534 2.067050
66.996822 34.179606 10.475077 1.870115
-131.145575 30.216758 12.552289 15.172436
-127.182727 30.216758 -15.966908 16.377682
-123.219879 30.216758 0.000000 0.000000
-119.257031 30.216758 0.000000 0.000000
-115.294183 30.216758 0.000000 0.000000
-111.331335 30.216758 0.000000 0.000000
-107.368487 30.216758 0.000000 0.000000
-103.405639 30.216758 0.000000 0.000000
-99.442791 30.216758 0.000000 0.000000
-95.479943 30.216758 0.000000 0.000000
-91.517095 30.216758 0.000000 0.000000
-87.554247 30.216758 0.000000 0.000000
-83.591400 30.216758 0.000000 0.000000
-79.628552 30.216758 0.000000 0.000000
-75.665704 30.216758 0.000000 0.000000
-71.702856 30.216758 0.000000 0.000000
-67.740008 30.216758 0.000000 0.000000
-63.777160 30.216758 0.000000 0.000000
-59.814312 30.216758 0.000000 0.000000
-55.851464 30.216758 0.000000 0.000000
-51.888616 30.216758 0.000000 0.000000
-47.925768 30.216758 0.000000 0.000000
-43.962920 30.216758 0.000000 0.000000
-40.000072 30.216758 0.000000 0.000000
-36.037224 30.216758 0.000000 0.000000
-32.074376 30.216758 0.000000 0.000000
-28.111528 30.216758 0.000000 0.000000
-24.148680 30.216758 0.000000 0.000000
-20.185832 30.216758 0.000000 0.000000
-16.222984 30.216758 0.000000 0.000000
-12.260136 30.216758 0.000000 0.000000
-8.297289 30.216758 0.000000 0.000000
-4.334441 30.216758 0.000000 0.000000
-0.371593 30.216758 0.000000 0.000000
3.591255 30.216758 0.000000 0.000000
7.554103 30.216758 9.572281 -1.118553
11.516951 30.216758 10.641479 -2.119746
15.479799 30.216758 11.493271 1.767046
19.442647 30.216758 10.387747 0.868100
23.405495 30.216758 8.889274 0.271057
27.368343 30.216758 9.806524 -0.919916
31.331191 30.216758 10.548801 -1.031941
35.294039 30.216758 10.533238 0.105089
39.256887 30.216758 11.537803 1.632863
43.219735 30.216758 10.577338 1.444395
47.182583 30.216758 9.875949 0.883210
51.145431 30.216758 10.584989 -1.058358
55.108279 30.216758 10.833041 -1.437978
59.071127 30.216758 11.860979 -0.656668
63.033975 30.216758 12.010954 0.575353
66.996822 30.216758 10.944734 0.872930
-131.145575 26.253910 -12.821023 -0.969554
-127.182727 26.253910 -8.853489 13.936668
-123.219879 26.253910 0.000000 0.000000
-119.257031 26.253910 0.000000 0.000000
-115.294183 26.253910 0.000000 0.000000
-111.331335 26.253910 0.000000 0.000000
-107.368487 26.253910 0.000000 0.000000
-103.405639 26.253910 0.000000 0.000000
-99.442791 26.253910 0.000000 0.000000
-95.479943 26.253910 0.000000 0.000000
-91.517095 26.253910 0.000000 0.000000
-87.554247 26.253910 0.000000 0.000000
-83.591400 26.253910 0.000000 0.000000
-79.628552 26.253910 0.000000 0.000000
-75.665704 26.253910 0.000000 0.000000
-71.702856 26.253910 0.000000 0.000000
-67.740008 26.253910 0.000000 0.000000
-63.777160 26.253910 0.000000 0.000000
-59.814312 26.253910 0.000000 0.000000
-55.851464 26.253910 0.000000 0.000000
-51.888616 26.253910 0.000000 0.000000
-47.925768 26.253910 0.000000 0.000000
-43.962920 26.253910 0.000000 0.000000
-40.000072 26.253910 0.000000 0.000000
-36.037224 26.253910 0.000000 0.000000
-32.074376 26.253910 0.000000 0.000000
-28.111528 26.253910 0.000000 0.000000
-24.148680 26.253910 0.000000 0.000000
-20.185832 26.253910 0.000000 0.000000
-16.222984 26.253910 0.000000 0.000000
-12.260136 26.253910 0.000000 0.000000
-8.297289 26.253910 0.000000 0.000000
-4.334441 26.253910 0.000000 0.000000
-0.371593 26.253910 0.000000 0.000000
3.591255 26.253910 0.000000 0.000000
7.554103 26.253910 0.000000 0.000000
11.516951 26.253910 11.316926 -0.354172
15.479799 26.253910 10.778203 0.410442
19.442647 26.253910 10.391938 0.834885
23.405495 26.253910 10.056830 0.434740
27.368343 26.253910 10.250368 -0.505168
31.331191 26.253910 10.854688 -0.453549
35.294039 26.253910 11.147975 -0.081196
39.256887 26.253910 10.966787 0.424307
43.219735 26.253910 10.833797 0.325729
47.182583 26.253910 10.201288 0.504145
51.145431 26.253910 10.495759 0.378053
55.108279 26.253910 10.961056 -0.725935
59.071127 26.253910 11.482401 -0.661842
63.033975 26.253910 10.992232 0.585569
66.996822 26.253910 10.799049 0.459949
-131.145575 22.291062 2.401831 -14.834657
-127.182727 22.291062 5.262743 0.871718
-123.219879 22.291062 0.000000 0.000000
-119.257031 22.291062 0.000000 0.000000
-115.294183 22.291062 0.000000 0.000000
-111.331335 22.291062 0.000000 0.000000
-107.368487 22.291062 0.000000 0.000000
-103.405639 22.291062 0.000000 0.000000
-99.442791 22.291062 0.000000 0.000000
-95.479943 22.291062 0.000000 0.000000
-91.517095 22.291062 0.000000 0.000000
-87.554247 22.291062 0.000000 0.000000
-83.591400 22.291062 0.000000 0.000000
-79.628552 22.291062 0.000000 0.000000
-75.665704 22.291062 0.000000 0.000000
-71.702856 22.291062 0.000000 0.000000
-67.740008 22.291062 0.000000 0.000000
-63.777160 22.291062 0.000000 0.000000
-59.814312 22.291062 0.000000 0.000000
-55.851464 22.291062 0.000000 0.000000
-51.888616 22.291062 0.000000 0.000000
-47.925768 22.291062 0.000000 0.000000
-43.962920 22.291062 0.000000 0.000000
-40.000072 22.291062 0.000000 0.000000
-36.037224 22.291062 0.000000 0.000000
-32.074376 22.291062 0.000000 0.000000
-28.111528 22.291062 0.000000 0.000000
-24.148680 22.291062 0.000000 0.000000
-20.185832 22.291062 0.000000 0.000000
-16.222984 22.291062 0.000000 0.000000
-12.260136 22.291062 0.000000 0.000000
-8.297289 22.291062 0.000000 0.000000
-4.334441 22.291062 10.633699 0.969239
-0.371593 22.291062 10.243901 0.651818
3.591255 22.291062 10.401302 0.531204
7.554103 22.291062 10.597337 0.192547
11.516951 22.291062 10.845841 0.475866
15.479799 22.291062 10.422544 0.117481
19.442647 22.291062 10.743930 0.372216
23.405495 22.291062 10.392449 0.121113
27.368343 22.291062 10.721663 -0.114224
31.331191 22.291062 10.883591 -0.063263
35.294039 22.291062 10.828454 0.218405
39.256887 22.291062 10.875266 0.095405
43.219735 22.291062 10.720058 0.500142
47.182583 22.291062 10.869317 -0.444840
51.145431 22.291062 10.840995 -0.461291
55.108279 22.291062 11.016355 -0.075071
59.071127 22.291062 10.846845 -0.182125
63.033975 22.291062 10.707836 -0.066326
66.996822 22.291062 10.663835 0.325375
-131.145575 18.328214 4.298740 -7.284305
-127.182727 18.328214 -2.091874 13.535419
-123.219879 18.328214 6.848546 -9.093185
-119.257031 18.328214 10.011617 -2.720028
-115.294183 18.328214 -3.857517 12.972566
-111.331335 18.328214 -12.191339 1.574901
-107.368487 18.328214 0.000000 0.000000
-103.405639 18.328214 0.000000 0.000000
-99.442791 18.328214 0.000000 0.000000
-95.479943 18.328214 0.000000 0.000000
-91.517095 18.328214 0.000000 0.000000
-87.554247 18.328214 0.000000 0.000000
-83.591400 18.328214 0.000000 0.000000
-79.628552 18.328214 0.000000 0.000000
-75.665704 18.328214 0.000000 0.000000
-71.702856 18.328214 0.000000 0.000000
-67.740008 18.328214 0.000000 0.000000
-63.777160 18.328214 0.000000 0.000000
-59.814312 18.328214 0.000000 0.000000
-55.851464 18.328214 0.000000 0.000000
-51.888616 18.328214 11.379062 0.690153
-47.925768 18.328214 11.958427 0.503200
-43.962920 18.328214 11.301985 0.723575
-40.000072 18.328214 11.605219 0.804962
-36.037224 18.328214 11.636803 0.690846
-32.074376 18.328214 11.358442 0.697008
-28.111528 18.328214 11.293361 0.868970
-24.148680 18.328214 11.125815 0.735367
-20.185832 18.328214 11.168197 0.703444
-16.222984 18.328214 10.789054 0.685601
-12.260136 18.328214 11.087196 0.476735
-8.297289 18.328214 10.984990 0.632401
-4.334441 18.328214 10.743171 0.708635
-0.371593 18.328214 10.844429 0.474818
3.591255 18.328214 10.715089 0.395254
7.554103 18.328214 10.641495 0.179621
11.516951 18.328214 10.717390 0.406515
15.479799 18.328214 10.509666 0.494438
19.442647 18.328214 10.770705 0.358546
23.405495 18.328214 10.679145 0.415594
27.368343 18.328214 11.105273 -0.555211
31.331191 18.328214 10.803967 -0.160735
35.294039 18.328214 10.864507 0.245649
39.256887 18.328214 10.765359 0.442964
43.219735 18.328214 10.786263 0.373893
47.182583 18.328214 10.745152 -0.220328
51.145431 18.328214 10.654881 -0.417962
55.108279 18.328214 10.623868 -0.359822
59.071127 18.328214 10.751549 0.234707
63.033975 18.328214 11.022433 0.288494
66.996822 18.328214 10.861993 0.465663
-131.145575 14.365366 0.137184 12.995270
-127.182727 14.365366 12.840882 0.879841
-123.219879 14.365366 -14.637525 -10.665474
-119.257031 14.365366 -1.076018 -7.896477
-115.294183 14.365366 -7.711373 -17.362015
-111.331335 14.365366 10.716416 -1.148225
-107.368487 14.365366 11.198737 -0.945376
-103.405639 14.365366 10.857085 -0.775797
-99.442791 14.365366 11.771716 -1.037695
-95.479943 14.365366 12.007889 -0.917675
-91.517095 14.365366 11.968672 -0.648779
-87.554247 14.365366 12.174619 -0.617906
-83.591400 14.365366 12.016828 -0.289911
-79.628552 14.365366 12.342649 -0.498599
-75.665704 14.365366 12.081800 -0.143027
-71.702856 14.365366 11.904990 -0.225051
-67.740008 14.365366 12.204046 0.201630
-63.777160 14.365366 12.035717 0.340989
-59.814312 14.365366 11.955637 0.215677
-55.851464 14.365366 11.982914 0.485527
-51.888616 14.365366 11.830463 0.330548
-47.925768 14.365366 11.496812 0.592432
-43.962920 14.365366 11.737978 0.616177
-40.000072 14.365366 11.715732 0.643866
-36.037224 14.365366 11.692701 0.660225
-32.074376 14.365366 11.517031 0.806798
-28.111528 14.365366 11.365890 0.670328
-24.148680 14.365366 11.270671 0.744230
-20.185832 14.365366 10.971823 0.781730
-16.222984 14.365366 11.087273 0.775408
-12.260136 14.365366 10.675566 0.979722
-8.297289 14.365366 10.855268 0.747953
-4.334441 14.365366 10.950391 0.417076
-0.371593 14.365366 10.911292 0.625836
3.591255 14.365366 10.841410 0.215475
7.554103 14.365366 10.724298 0.211861
11.516951 14.365366 10.808729 0.391687
15.479799 14.365366 10.824287 -0.146083
19.442647 14.365366 10.901178 -0.384667
23.405495 14.365366 10.575307 0.412084
27.368343 14.365366 10.799580 -0.262995
31.331191 14.365366 10.499112 0.655941
35.294039 14.365366 10.883015 0.306380
39.256887 14.365366 10.240941 0.394553
43.219735 14.365366 10.695944 0.363001
47.182583 14.365366 10.955539 -0.231880
51.145431 14.365366 11.056169 0.019951
55.108279 14.365366 10.523812 -0.523878
59.071127 14.365366 11.312735 0.161757
63.033975 14.365366 11.458443 -0.392656
66.996822 14.365366 10.862455 0.552447
-131.145575 10.402518 10.791184 -2.230296
-127.182727 10.402518 11.813644 -2.298337
-123.219879 10.402518 -3.548836 15.679439
-119.257031 10.402518 10.550411 -0.465645
-115.294183 10.402518 16.059422 15.943860
-111.331335 10.402518 10.565024 -0.675124
-107.368487 10.402518 11.081274 -0.769044
-103.405639 10.402518 10.945647 -0.718418
-99.442791 10.402518 11.177816 -0.659284
-95.479943 10.402518 11.650409 -0.786146
-91.517095 10.402518 11.823387 -0.579352
-87.554247 10.402518 11.685406 -0.539624
-83.591400 10.402518 12.088815 -0.399834
-79.628552 10.402518 11.891794 0.195231
-75.665704 10.402518 11.873761 -0.301673
-71.702856 10.402518 11.916796 0.367954
-67.740008 10.402518 11.880454 -0.134149
-63.777160 10.402518 11.971048 0.227136
-59.814312 10.402518 11.734481 0.242611
-55.851464 10.402518 11.973948 0.574880
-51.888616 10.402518 11.821399 0.426458
-47.925768 10.402518 11.647429 0.640855
-43.962920 10.402518 11.445524 0.340718
-40.000072 10.402518 11.507663 0.548372
-36.037224 10.402518 11.137948 0.355067
-32.074376 10.402518 11.213531 0.515864
-28.111528 10.402518 11.409901 0.578834
-24.148680 10.402518 11.163524 0.690966
-20.185832 10.402518 11.298379 0.560914
-16.222984 10.402518 11.057251 0.740059
-12.260136 10.402518 11.094612 0.433636
-8.297289 10.402518 10.983652 0.482770
-4.334441 10.402518 10.946987 0.551089
-0.371593 10.402518 10.387824 0.326421
3.591255 10.402518 10.722413 0.374419
7.554103 10.402518 10.909411 0.528997
11.516951 10.402518 10.558881 0.280836
15.479799 10.402518 10.671100 0.368809
19.442647 10.402518 10.648660 0.488759
23.405495 10.402518 11.131822 0.060243
27.368343 10.402518 11.109344 -0.062050
31.331191 10.402518 10.889619 0.012436
35.294039 10.402518 10.946419 0.354293
39.256887 10.402518 10.830688 0.238098
43.219735 10.402518 10.571523 0.327537
47.182583 10.402518 10.381526 0.678727
51.145431 10.402518 10.926382 0.383904
55.108279 10.402518 11.115145 0.282640
59.071127 10.402518 10.497856 0.074948
63.033975 10.402518 10.681066 -0.312342
66.996822 10.402518 10.623972 0.399550
-131.145575 6.439670 -14.728732 -10.910952
-127.182727 6.439670 15.698443 -14.196606
-123.219879 6.439670 7.227924 16.295458
-119.257031 6.439670 10.244234 7.584513
-115.294183 6.439670 10.756239 -1.016622
-111.331335 6.439670 11.947404 -1.633388
-107.368487 6.439670 11.076492 -0.837768
-103.405639 6.439670 10.841448 -0.912645
-99.442791 6.439670 11.284713 -0.648453
-95.479943 6.439670 11.460096 -0.630080
-91.517095 6.439670 11.537238 -0.471302
-87.554247 6.439670 11.722524 -0.441055
-83.591400 6.439670 11.623578 -0.201625
-79.628552 6.439670 11.605224 -0.155874
-75.665704 6.439670 11.890623 -0.237805
-71.702856 6.439670 11.865467 -0.057684
-67.740008 6.439670 11.738662 0.182829
-63.777160 6.439670 11.997090 0.753738
-59.814312 6.439670 11.731347 0.225088
-55.851464 6.439670 11.840934 0.537944
-51.888616 6.439670 11.858022 0.519046
-47.925768 6.439670 11.625294 0.424600
-43.962920 6.439670 11.811681 0.671484
-40.000072 6.439670 11.410412 0.576439
-36.037224 6.439670 11.712656 0.639475
-32.074376 6.439670 11.481931 0.607960
-28.111528 6.439670 11.137732 0.676198
-24.148680 6.439670 10.964726 0.500471
-20.185832 6.439670 11.195399 0.648909
-16.222984 6.439670 11.174722 0.684431
-12.260136 6.439670 11.210393 0.513057
-8.297289 6.439670 10.893335 0.628538
-4.334441 6.439670 10.769440 0.383634
-0.371593 6.439670 11.089252 0.517748
3.591255 6.439670 11.122039 0.655726
7.554103 6.439670 11.184743 0.487836
11.516951 6.439670 10.661232 0.758621
15.479799 6.439670 10.890060 0.223927
19.442647 6.439670 11.135820 0.384825
23.405495 6.439670 10.912747 0.242342
27.368343 6.439670 10.926375 -0.219146
31.331191 6.439670 10.644929 -0.045057
35.294039 6.439670 10.920221 0.057970
39.256887 6.439670 10.802248 0.370752
43.219735 6.439670 10.280508 -0.102763
47.182583 6.439670 10.959807 -0.153221
51.145431 6.439670 10.822973 -0.241518
55.108279 6.439670 11.103104 -0.395459
59.071127 6.439670 10.969745 0.104124
63.033975 6.439670 10.899879 0.153924
66.996822 6.439670 10.456716 0.433806
-131.145575 2.476822 5.196225 2.070577
-127.182727 2.476822 18.056700 -8.056580
-123.219879 2.476822 7.496994 -17.139801
-119.257031 2.476822 6.023229 9.992105
-115.294183 2.476822 -0.263461 -13.429619
-111.331335 2.476822 11.681342 -0.417725
-107.368487 2.476822 11.304281 -0.458870
-103.405639 2.476822 8.004848 -10.660991
-99.442791 2.476822 10.474359 -0.114605
-95.479943 2.476822 11.034858 -0.975590
-91.517095 2.476822 11.349001 -0.575955
-87.554247 2.476822 11.598941 -0.084486
-83.591400 2.476822 11.703762 -0.519310
-79.628552 2.476822 11.798116 -0.393092
-75.665704 2.476822 11.519868 0.249565
-71.702856 2.476822 11.608924 0.064503
-67.740008 2.476822 11.532215 0.224292
-63.777160 2.476822 12.189640 -0.327865
-59.814312 2.476822 11.300589 0.077975
-55.851464 2.476822 11.149171 0.412058
-51.888616 2.476822 11.860570 -0.161922
-47.925768 2.476822 11.573756 0.579054
-43.962920 2.476822 11.705336 0.809125
-40.000072 2.476822 11.174919 0.552276
-36.037224 2.476822 11.310852 0.556297
-32.074376 2.476822 11.841541 0.334153
-28.111528 2.476822 11.565048 0.784519
-24.148680 2.476822 11.434093 0.595714
-20.185832 2.476822 11.098753 0.385947
-16.222984 2.476822 10.733436 0.739916
-12.260136 2.476822 11.296713 0.294542
-8.297289 2.476822 10.939221 0.345593
-4.334441 2.476822 11.233871 0.581950
-0.371593 2.476822 10.812482 0.656477
3.591255 2.476822 11.061575 0.375990
7.554103 2.476822 10.887466 -0.078616
11.516951 2.476822 11.217619 0.559225
15.479799 2.476822 10.827370 0.333641
19.442647 2.476822 10.646749 0.003289
23.405495 2.476822 10.756458 -0.167479
27.368343 2.476822 11.016814 0.328663
31.331191 2.476822 10.463710 0.484368
35.294039 2.476822 11.013720 0.083749
39.256887 2.476822 10.646968 0.145630
43.219735 2.476822 10.994633 0.131988
47.182583 2.476822 10.985110 -0.222265
51.145431 2.476822 10.751066 -0.232730
55.108279 2.476822 10.937258 0.280756
59.071127 2.476822 10.850667 -0.264426
63.033975 2.476822 10.988041 -0.065368
66.996822 2.476822 10.979483 0.598201
-131.145575 -1.486026 15.204351 16.948061
-127.182727 -1.486026 12.565370 14.981915
-123.219879 -1.486026 12.059494 -1.603499
-119.257031 -1.486026 10.254817 3.125073
-115.294183 -1.486026 10.091247 -0.623945
-111.331335 -1.486026 11.268523 1.251941
-107.368487 -1.486026 11.268531 -0.366420
-103.405639 -1.486026 11.366685 -1.564781
-99.442791 -1.486026 10.700381 -0.033576
-95.479943 -1.486026 11.051161 -0.281597
-91.517095 -1.486026 11.560452 -0.561541
-87.554247 -1.486026 11.525679 -0.087968
-83.591400 -1.486026 11.609929 -0.421341
-79.628552 -1.486026 11.385502 -0.121647
-75.665704 -1.486026 11.534310 -0.105976
-71.702856 -1.486026 11.453953 -0.189036
-67.740008 -1.486026 11.437866 0.034329
-63.777160 -1.486026 11.625234 0.396037
-59.814312 -1.486026 11.542394 0.509474
-55.851464 -1.486026 11.693427 0.098799
-51.888616 -1.486026 11.702007 0.518484
-47.925768 -1.486026 11.397184 0.555854
-43.962920 -1.486026 11.182341 0.417309
-40.000072 -1.486026 11.451415 0.454736
-36.037224 -1.486026 11.444377 0.556451
-32.074376 -1.486026 11.460805 0.497092
-28.111528 -1.486026 11.456669 -4.105680
-24.148680 -1.486026 11.288928 0.677879
-20.185832 -1.486026 10.845608 0.426270
-16.222984 -1.486026 11.057716 0.453901
-12.260136 -1.486026 10.991003 0.247614
-8.297289 -1.486026 10.900446 0.537408
-4.334441 -1.486026 11.254278 0.520931
-0.371593 -1.486026 10.873485 0.020961
3.591255 -1.486026 10.767382 0.170261
7.554103 -1.486026 10.652822 0.444977
11.516951 -1.486026 10.482194 0.729553
15.479799 -1.486026 11.191401 0.286896
19.442647 -1.486026 10.863304 0.098257
23.405495 -1.486026 10.981569 0.411891
27.368343 -1.486026 10.502426 0.602147
31.331191 -1.486026 10.779071 0.470126
35.294039 -1.486026 11.169197 0.297307
39.256887 -1.486026 11.079743 0.319789
43.219735 -1.486026 10.888189 0.275172
47.182583 -1.486026 10.655507 0.229622
51.145431 -1.486026 10.801674 -0.166687
55.108279 -1.486026 10.830532 0.232401
59.071127 -1.486026 11.577198 -0.285340
63.033975 -1.486026 10.857982 0.251440
66.996822 -1.486026 10.842277 -0.147037
-131.145575 -5.448874 7.759766 -2.568839
-127.182727 -5.448874 0.787940 -1.221364
-123.219879 -5.448874 -2.386461 6.773676
-119.257031 -5.448874 8.722984 14.005965
-115.294183 -5.448874 12.318587 0.860440
-111.331335 -5.448874 11.999491 -1.008951
-107.368487 -5.448874 11.799012 -0.461315
-103.405639 -5.448874 10.670319 -0.465511
-99.442791 -5.448874 11.075405 -0.802386
-95.479943 -5.448874 11.090103 -0.475598
-91.517095 -5.448874 11.030804 -0.123459
-87.554247 -5.448874 11.562787 -0.168488
-83.591400 -5.448874 11.241994 -0.430001
-79.628552 -5.448874 11.138843 0.124296
-75.665704 -5.448874 12.017722 -0.002504
-71.702856 -5.448874 11.450658 -0.054732
-67.740008 -5.448874 11.578603 -0.251700
-63.777160 -5.448874 11.521449 0.047092
-59.814312 -5.448874 11.449077 0.134409
-55.851464 -5.448874 11.298343 0.400142
-51.888616 -5.448874 11.766554 0.006381
-47.925768 -5.448874 11.600022 0.788029
-43.962920 -5.448874 11.407333 0.326422
-40.000072 -5.448874 11.273355 0.449893
-36.037224 -5.448874 11.385256 0.322401
-32.074376 -5.448874 10.986597 0.437093
-28.111528 -5.448874 11.864518 0.500573
-24.148680 -5.448874 10.966017 0.347041
-20.185832 -5.448874 11.158848 0.633847
-16.222984 -5.448874 11.009772 0.411981
-12.260136 -5.448874 11.350146 0.077978
-8.297289 -5.448874 10.866861 0.843925
-4.334441 -5.448874 11.189689 0.328395
-0.371593 -5.448874 10.616285 0.410878
3.591255 -5.448874 10.890836 0.585497
7.554103 -5.448874 10.657578 0.403467
11.516951 -5.448874 10.733520 0.293183
15.479799 -5.448874 10.910730 0.432321
19.442647 -5.448874 10.917819 0.265341
23.405495 -5.448874 10.932628 0.063718
27.368343 -5.448874 10.684542 -0.040855
31.331191 -5.448874 10.049031 0.228747
35.294039 -5.448874 11.158091 0.391564
39.256887 -5.448874 11.069336 0.219807
43.219735 -5.448874 10.461136 0.028070
47.182583 -5.448874 10.888228 0.252396
51.145431 -5.448874 10.933933 0.414529
55.108279 -5.448874 11.138098 0.091954
59.071127 -5.448874 10.866613 -0.093970
63.033975 -5.448874 11.008147 0.076723
66.996822 -5.448874 11.003100 -0.231686
-131.145575 -9.411722 -4.057191 8.977161
-127.182727 -9.411722 16.930859 10.962733
-123.219879 -9.411722 13.696113 7.811465
-119.257031 -9.411722 10.496644 0.199741
-115.294183 -9.411722 11.708397 -0.414014
-111.331335 -9.411722 10.674404 -0.347317
-107.368487 -9.411722 8.855268 11.854547
-103.405639 -9.411722 11.759906 0.590433
-99.442791 -9.411722 11.006470 -0.430823
-95.479943 -9.411722 11.634137 -0.076165
-91.517095 -9.411722 11.197602 -0.377915
-87.554247 -9.411722 11.777369 -0.612806
-83.591400 -9.411722 11.341353 -0.110290
-79.628552 -9.411722 11.091467 -0.220715
-75.665704 -9.411722 11.196932 0.120091
-71.702856 -9.411722 11.515159 0.111982
-67.740008 -9.411722 11.437211 0.098654
-63.777160 -9.411722 11.643891 -0.469254
-59.814312 -9.411722 11.592083 0.697556
-55.851464 -9.411722 10.866591 0.204349
-51.888616 -9.411722 11.107191 -0.126144
-47.925768 -9.411722 11.266848 0.249191
-43.962920 -9.411722 11.148248 -0.055551
-40.000072 -9.411722 11.205894 0.301552
-36.037224 -9.411722 11.665675 0.747436
-32.074376 -9.411722 10.592566 -0.033971
-28.111528 -9.411722 11.412831 0.069675
-24.148680 -9.411722 11.113316 0.606666
-20.185832 -9.411722 11.687257 0.384906
-16.222984 -9.411722 11.390525 0.323492
-12.260136 -9.411722 10.989859 0.306585
-8.297289 -9.411722 11.352823 0.591666
-4.334441 -9.411722 11.191629 0.274534
-0.371593 -9.411722 11.085301 0.350228
3.591255 -9.411722 11.034597 0.247287
7.554103 -9.411722 10.801805 0.362164
11.516951 -9.411722 11.028579 0.295836
15.479799 -9.411722 10.904557 0.012519
19.442647 -9.411722 10.934326 0.307553
23.405495 -9.411722 10.966990 0.302345
27.368343 -9.411722 10.765990 -0.084962
31.331191 -9.411722 11.704538 0.743466
35.294039 -9.411722 11.608312 0.340837
39.256887 -9.411722 10.639333 -0.124589
43.219735 -9.411722 10.509813 0.415798
47.182583 -9.411722 10.723710 0.419948
51.145431 -9.411722 10.871629 0.437303
55.108279 -9.411722 10.895644 -0.336192
59.071127 -9.411722 10.884772 0.230891
63.033975 -9.411722 10.657399 0.236951
66.996822 -9.411722 9.822963 0.239819
-131.145575 -13.374570 8.806388 13.437127
-127.182727 -13.374570 8.506231 15.278539
-123.219879 -13.374570 -8.823227 -7.063394
-119.257031 -13.374570 -2.985492 1.807454
-115.294183 -13.374570 1.571954 -1.608999
-111.331335 -13.374570 10.469854 -0.422737
-107.368487 -13.374570 -0.645913 -17.570639
-103.405639 -13.374570 11.112701 -0.151979
-99.442791 -13.374570 11.760027 -0.416228
-95.479943 -13.374570 11.187780 -0.148292
-91.517095 -13.374570 11.691949 -0.078956
-87.554247 -13.374570 11.155394 -0.690763
-83.591400 -13.374570 11.177597 -0.072072
-79.628552 -13.374570 11.409093 -0.197646
-75.665704 -13.374570 11.442425 0.344521
-71.702856 -13.374570 11.812107 0.363596
-67.740008 -13.374570 11.228421 0.233996
-63.777160 -13.374570 11.407939 0.329592
-59.814312 -13.374570 11.396878 0.266607
-55.851464 -13.374570 11.049835 -0.134009
-51.888616 -13.374570 11.057546 0.365169
-47.925768 -13.374570 11.084805 0.117829
-43.962920 -13.374570 11.360153 0.440401
-40.000072 -13.374570 10.888021 0.384994
-36.037224 -13.374570 11.199217 0.408785
-32.074376 -13.374570 11.295993 0.641923
-28.111528 -13.374570 11.396075 0.542727
-24.148680 -13.374570 11.795190 0.427042
-20.185832 -13.374570 11.291797 0.278890
-16.222984 -13.374570 11.236739 0.456273
-12.260136 -13.374570 11.103208 0.158720
-8.297289 -13.374570 11.106309 0.143412
-4.334441 -13.374570 11.286841 0.374841
-0.371593 -13.374570 11.215404 0.547220
3.591255 -13.374570 10.847852 0.438478
7.554103 -13.374570 11.065094 -0.052743
11.516951 -13.374570 10.965749 0.258814
15.479799 -13.374570 10.994243 0.420007
19.442647 -13.374570 11.161824 0.447203
23.405495 -13.374570 10.987990 0.392345
27.368343 -13.374570 10.715734 0.529227
31.331191 -13.374570 11.156816 -0.033853
35.294039 -13.374570 10.945939 -0.047655
39.256887 -13.374570 10.953773 0.566226
43.219735 -13.374570 10.936666 0.358943
47.182583 -13.374570 10.925141 1.105182
51.145431 -13.374570 10.956679 -0.093497
55.108279 -13.374570 10.842542 0.349680
59.071127 -13.374570 11.065378 -0.067335
63.033975 -13.374570 10.710235 0.601531
66.996822 -13.374570 11.372330 -0.422309
-131.145575 -17.337417 0.791940 -7.416796
-127.182727 -17.337417 3.957455 3.094639
-123.219879 -17.337417 -2.787269 2.720010
-119.257031 -17.337417 7.030945 0.836450
-115.294183 -17.337417 12.945764 -1.360891
-111.331335 -17.337417 11.602399 -0.041145
-107.368487 -17.337417 11.752685 -0.534042
-103.405639 -17.337417 2.557884 9.297964
-99.442791 -17.337417 11.717546 0.400344
-95.479943 -17.337417 11.084140 -0.605896
-91.517095 -17.337417 12.123368 0.743448
-87.554247 -17.337417 11.245146 -0.286250
-83.591400 -17.337417 11.210649 0.136810
-79.628552 -17.337417 11.557532 -0.091076
-75.665704 -17.337417 11.211535 0.296687
-71.702856 -17.337417 11.344808 0.632240
-67.740008 -17.337417 11.497518 0.026038
-63.777160 -17.337417 11.789904 0.316850
-59.814312 -17.337417 11.265348 0.282269
-55.851464 -17.337417 11.567757 0.305187
-51.888616 -17.337417 11.579767 0.212483
-47.925768 -17.337417 10.955045 0.426480
-43.962920 -17.337417 11.378271 0.489702
-40.000072 -17.337417 11.071324 0.315685
-36.037224 -17.337417 11.554180 0.327431
-32.074376 -17.337417 11.228091 0.465552
-28.111528 -17.337417 11.563807 0.137628
-24.148680 -17.337417 11.268684 0.440186
-20.185832 -17.337417 11.387779 0.285174
-16.222984 -17.337417 10.920844 0.539032
-12.260136 -17.337417 11.150303 -0.013030
-8.297289 -17.337417 10.960478 0.359548
-4.334441 -17.337417 11.033111 0.535735
-0.371593 -17.337417 11.030230 0.345183
3.591255 -17.337417 11.412973 0.395317
7.554103 -17.337417 11.057131 0.589445
11.516951 -17.337417 11.186479 0.369237
15.479799 -17.337417 10.632531 0.488742
19.442647 -17.337417 10.898267 -0.137745
23.405495 -17.337417 10.818847 0.147736
27.368343 -17.337417 10.931839 0.644649
31.331191 -17.337417 10.399938 0.372341
35.294039 -17.337417 10.702259 0.018748
39.256887 -17.337417 11.028707 0.133415
43.219735 -17.337417 10.321366 0.311581
47.182583 -17.337417 10.746834 0.493017
51.145431 -17.337417 11.163492 0.610394
55.108279 -17.337417 11.072588 0.014959
59.071127 -17.337417 11.013347 0.069523
63.033975 -17.337417 10.254212 0.978459
66.996822 -17.337417 11.435439 -0.290391
-131.145575 -21.300265 -9.810003 5.257018
-127.182727 -21.300265 5.662333 -12.454492
-123.219879 -21.300265 -10.609347 -13.798104
-119.257031 -21.300265 -5.994817 -2.104650
-115.294183 -21.300265 7.378955 6.675531
-111.331335 -21.300265 10.599115 -0.512956
-107.368487 -21.300265 -2.784133 -3.660473
-103.405639 -21.300265 11.713051 0.596010
-99.442791 -21.300265 -3.989873 14.325505
-95.479943 -21.300265 10.901227 -0.281596
-91.517095 -21.300265 11.623862 0.164360
-87.554247 -21.300265 11.140359 0.468648
-83.591400 -21.300265 10.898311 0.146609
-79.628552 -21.300265 11.077514 0.425019
-75.665704 -21.300265 11.552866 -0.009070
-71.702856 -21.300265 11.010854 0.238761
-67.740008 -21.300265 11.175620 -0.149894
-63.777160 -21.300265 11.186919 0.208324
-59.814312 -21.300265 11.144350 0.146156
-55.851464 -21.300265 11.321684 -0.120171
-51.888616 -21.300265 11.052094 0.558594
-47.925768 -21.300265 11.334265 0.367223
-43.962920 -21.300265 11.077024 -0.041222
-40.000072 -21.300265 11.319820 0.382301
-36.037224 -21.300265 11.346889 0.448918
-32.074376 -21.300265 10.817302 0.827351
-28.111528 -21.300265 11.449113 0.087457
-24.148680 -21.300265 10.845892 0.726513
-20.185832 -21.300265 10.703746 0.844259
-16.222984 -21.300265 11.605911 0.343077
-12.260136 -21.300265 11.127888 0.327696
-8.297289 -21.300265 11.416158 0.567620
-4.334441 -21.300265 10.827373 -0.051504
-0.371593 -21.300265 11.050015 0.218023
3.591255 -21.300265 11.305045 0.317461
7.554103 -21.300265 10.616064 -0.182131
11.516951 -21.300265 10.952914 0.406488
15.479799 -21.300265 10.661675 0.297455
19.442647 -21.300265 10.912048 0.254497
23.405495 -21.300265 10.980029 0.298513
27.368343 -21.300265 10.705559 0.353950
31.331191 -21.300265 11.641915 0.476514
35.294039 -21.300265 10.953965 0.272579
39.256887 -21.300265 10.681829 0.370747
43.219735 -21.300265 10.884027 0.121817
47.182583 -21.300265 10.409875 0.278286
51.145431 -21.300265 11.036674 0.084505
55.108279 -21.300265 11.178023 -0.115247
59.071127 -21.300265 7.028036 -11.410103
63.033975 -21.300265 10.724780 0.345542
66.996822 -21.300265 10.830356 -0.354431
-131.145575 -25.263113 -14.653058 9.306021
-127.182727 -25.263113 -9.077925 12.443591
-123.219879 -25.263113 5.160394 3.566311
-119.257031 -25.263113 8.668739 0.511757
-115.294183 -25.263113 -7.513892 12.120847
-111.331335 -25.263113 11.624574 0.608647
-107.368487 -25.263113 10.312882 0.434089
-103.405639 -25.263113 11.009089 -0.373316
-99.442791 -25.263113 11.251338 0.078082
-95.479943 -25.263113 11.154025 0.106274
-91.517095 -25.263113 10.598585 0.214680
-87.554247 -25.263113 10.956862 0.258481
-83.591400 -25.263113 11.593392 0.438841
-79.628552 -25.263113 11.267251 0.327756
-75.665704 -25.263113 10.901008 0.627701
-71.702856 -25.263113 11.122229 -0.432854
-67.740008 -25.263113 11.749424 -0.017873
-63.777160 -25.263113 11.557617 0.082553
-59.814312 -25.263113 11.078257 0.067147
-55.851464 -25.263113 10.846483 0.390405
-51.888616 -25.263113 11.207663 -0.070827
-47.925768 -25.263113 11.447505 0.616353
-43.962920 -25.263113 11.717804 0.303465
-40.000072 -25.263113 11.220639 0.116736
-36.037224 -25.263113 11.618252 0.382811
-32.074376 -25.263113 11.119260 0.390036
-28.111528 -25.263113 10.625979 0.109962
-24.148680 -25.263113 11.015780 0.019331
-20.185832 -25.263113 10.977903 -0.075310
-16.222984 -25.263113 11.056856 -0.054733
-12.260136 -25.263113 10.883029 0.297502
-8.297289 -25.263113 10.987795 0.352247
-4.334441 -25.263113 11.091129 0.070161
-0.371593 -25.263113 11.106273 0.473969
3.591255 -25.263113 10.733317 0.603448
7.554103 -25.263113 11.355526 0.139378
11.516951 -25.263113 11.008395 0.147524
15.479799 -25.263113 10.813434 0.205674
19.442647 -25.263113 11.078528 -0.214374
23.405495 -25.263113 11.083791 -0.097239
27.368343 -25.263113 10.836499 0.154712
31.331191 -25.263113 10.980075 0.246630
35.294039 -25.263113 11.187741 0.562276
39.256887 -25.263113 11.000828 -0.269144
43.219735 -25.263113 10.812489 -0.001985
47.182583 -25.263113 10.680904 0.377716
51.145431 -25.263113 10.934934 -0.521014
55.108279 -25.263113 11.566046 0.397737
59.071127 -25.263113 10.717649 -0.521680
63.033975 -25.263113 11.769096 0.083397
66.996822 -25.263113 11.506500 -0.499440
-131.145575 -29.225961 5.596532 13.525084
-127.182727 -29.225961 17.719210 13.085738
-123.219879 -29.225961 5.448307 -6.852568
-119.257031 -29.225961 -6.542851 -8.913360
-115.294183 -29.225961 11.495281 1.513650
-111.331335 -29.225961 12.045067 -0.405057
-107.368487 -29.225961 9.815732 -0.498947
-103.405639 -29.225961 10.735344 -0.183716
-99.442791 -29.225961 10.515634 0.512885
-95.479943 -29.225961 11.741335 1.740008
-91.517095 -29.225961 11.206409 0.276898
-87.554247 -29.225961 10.783147 0.403976
-83.591400 -29.225961 11.175541 0.121098
-79.628552 -29.225961 10.905657 0.270024
-75.665704 -29.225961 10.724520 0.443215
-71.702856 -29.225961 11.489525 0.023697
-67.740008 -29.225961 12.194914 0.403659
-63.777160 -29.225961 11.895118 -0.093931
-59.814312 -29.225961 11.583874 0.391457
-55.851464 -29.225961 11.598169 0.295359
-51.888616 -29.225961 10.915339 0.186139
-47.925768 -29.225961 11.176857 0.340839
-43.962920 -29.225961 11.331389 0.227153
-40.000072 -29.225961 11.076243 0.411071
-36.037224 -29.225961 10.319166 0.338722
-32.074376 -29.225961 11.368365 0.609517
-28.111528 -29.225961 10.692909 0.838056
-24.148680 -29.225961 11.083130 0.401137
-20.185832 -29.225961 10.867374 0.612466
-16.222984 -29.225961 11.260377 0.460486
-12.260136 -29.225961 11.144066 0.751469
-8.297289 -29.225961 11.094680 0.190407
-4.334441 -29.225961 11.072062 0.139489
-0.371593 -29.225961 11.307142 0.070862
3.591255 -29.225961 10.884160 -0.207719
7.554103 -29.225961 11.502847 -0.181057
11.516951 -29.225961 10.860361 0.253454
15.479799 -29.225961 10.315652 0.391262
19.442647 -29.225961 10.445385 0.315588
23.405495 -29.225961 11.077952 -0.157957
27.368343 -29.225961 9.981698 0.201196
31.331191 -29.225961 10.381960 0.006520
35.294039 -29.225961 11.009451 -0.449148
39.256887 -29.225961 11.153154 -0.042394
43.219735 -29.225961 10.857115 0.514331
47.182583 -29.225961 10.744058 0.443294
51.145431 -29.225961 10.717019 0.278997
55.108279 -29.225961 10.668409 0.629385
59.071127 -29.225961 10.159101 -0.184393
63.033975 -29.225961 10.055486 0.268977
66.996822 -29.225961 11.394675 0.543879
-131.145575 -33.188809 -5.149837 -10.736196
-127.182727 -33.188809 13.143283 -4.038849
-123.219879 -33.188809 -4.011470 -17.637043
-119.257031 -33.188809 2.542464 0.242716
-115.294183 -33.188809 -14.966509 -12.721329
-111.331335 -33.188809 -12.908750 -10.624220
-107.368487 -33.188809 8.886076 -0.229977
-103.405639 -33.188809 11.642182 0.566761
-99.442791 -33.188809 10.229804 -0.071500
-95.479943 -33.188809 11.719009 -0.805407
-91.517095 -33.188809 12.876042 0.021836
-87.554247 -33.188809 11.114343 -0.035546
-83.591400 -33.188809 11.849839 -0.034651
-79.628552 -33.188809 11.773632 0.307991
-75.665704 -33.188809 11.350893 -0.274015
-71.702856 -33.188809 11.611409 -0.262537
-67.740008 -33.188809 10.831388 -0.025500
-63.777160 -33.188809 11.221379 0.283000
-59.814312 -33.188809 10.979239 0.775020
-55.851464 -33.188809 11.049338 -0.239876
-51.888616 -33.188809 11.160846 -0.018091
-47.925768 -33.188809 10.905272 -0.139467
-43.962920 -33.188809 10.803265 0.384304
-40.000072 -33.188809 10.858922 0.066673
-36.037224 -33.188809 11.691390 0.248052
-32.074376 -33.188809 11.647044 0.529705
-28.111528 -33.188809 11.240832 0.270999
-24.148680 -33.188809 11.288800 0.225515
-20.185832 -33.188809 11.207284 -0.127672
-16.222984 -33.188809 10.967525 0.442161
-12.260136 -33.188809 10.780343 0.470379
-8.297289 -33.188809 11.216228 0.045595
-4.334441 -33.188809 11.491412 1.077934
-0.371593 -33.188809 11.136854 0.259337
3.591255 -33.188809 11.183275 0.421458
7.554103 -33.188809 11.084708 0.217214
11.516951 -33.188809 10.830720 0.103744
15.479799 -33.188809 10.119198 0.471760
19.442647 -33.188809 10.682980 0.300665
23.405495 -33.188809 11.326258 0.725973
27.368343 -33.188809 10.988236 0.025816
31.331191 -33.188809 10.915464 0.223904
35.294039 -33.188809 10.859012 -0.471971
39.256887 -33.188809 11.286089 -0.220674
43.219735 -33.188809 11.202268 -0.160361
47.182583 -33.188809 10.786186 0.355729
51.145431 -33.188809 10.828717 0.138870
55.108279 -33.188809 10.920183 0.426664
59.071127 -33.188809 10.546786 -0.403240
63.033975 -33.188809 9.099257 0.251378
66.996822 -33.188809 10.745130 -0.359404
-131.145575 -37.151657 13.134430 5.615615
-127.182727 -37.151657 -4.728964 -5.339841
-123.219879 -37.151657 9.969876 1.111565
-119.257031 -37.151657 -3.779690 3.669033
-115.294183 -37.151657 9.506865 0.160956
-111.331335 -37.151657 11.631281 0.690959
-107.368487 -37.151657 11.398867 -1.204508
-103.405639 -37.151657 11.685526 -1.205401
-99.442791 -37.151657 10.967111 0.232559
-95.479943 -37.151657 9.610283 -0.284376
-91.517095 -37.151657 10.622167 -0.250914
-87.554247 -37.151657 11.505638 -0.334811
-83.591400 -37.151657 11.013614 -0.640065
-79.628552 -37.151657 10.775754 -0.793312
-75.665704 -37.151657 12.146350 -0.377151
-71.702856 -37.151657 10.798615 0.015899
-67.740008 -37.151657 10.661063 0.229567
-63.777160 -37.151657 11.150303 0.306707
-59.814312 -37.151657 11.345349 -0.287750
-55.851464 -37.151657 10.875059 0.052099
-51.888616 -37.151657 10.825394 -0.309463
-47.925768 -37.151657 11.081440 0.160357
-43.962920 -37.151657 10.321246 0.205418
-40.000072 -37.151657 11.126372 0.138424
-36.037224 -37.151657 11.924388 0.303484
-32.074376 -37.151657 11.048227 0.074944
-28.111528 -37.151657 10.731028 0.577890
-24.148680 -37.151657 10.853550 -0.192518
-20.185832 -37.151657 11.693588 1.076986
-16.222984 -37.151657 11.215989 -0.153923
-12.260136 -37.151657 11.413998 0.382698
-8.297289 -37.151657 11.399026 -0.844466
-4.334441 -37.151657 10.745205 0.555231
-0.371593 -37.151657 10.544954 -0.121000
3.591255 -37.151657 11.270906 0.139471
7.554103 -37.151657 10.362687 0.259748
11.516951 -37.151657 11.112498 0.271651
15.479799 -37.151657 10.872391 0.276702
19.442647 -37.151657 11.335424 0.159261
23.405495 -37.151657 10.098263 0.687492
27.368343 -37.151657 11.064342 -0.249022
31.331191 -37.151657 10.594965 0.261981
35.294039 -37.151657 10.548898 0.418782
39.256887 -37.151657 10.828211 0.210502
43.219735 -37.151657 10.566577 0.341229
47.182583 -37.151657 10.881913 0.017504
51.145431 -37.151657 9.709028 -0.407088
55.108279 -37.151657 10.683486 0.601108
59.071127 -37.151657 8.922058 -0.047091
63.033975 -37.151657 10.572381 0.810473
66.996822 -37.151657 -11.545166 16.591738
-131.145575 -41.114505 -7.277090 -13.310122
-127.182727 -41.114505 -2.674645 -18.304703
-123.219879 -41.114505 14.360876 -7.707794
-119.257031 -41.114505 12.698584 -2.637314
-115.294183 -41.114505 16.403631 -3.820436
-111.331335 -41.114505 18.061741 4.962816
-107.368487 -41.114505 9.919065 -1.150649
-103.405639 -41.114505 9.957774 0.758745
-99.442791 -41.114505 9.871895 -0.422195
-95.479943 -41.114505 11.151658 -0.452556
-91.517095 -41.114505 11.515961 -0.408633
-87.554247 -41.114505 10.812351 0.570539
-83.591400 -41.114505 12.346087 0.997684
-79.628552 -41.114505 11.445051 0.451026
-75.665704 -41.114505 11.136924 0.191484
-71.702856 -41.114505 11.054436 0.148876
-67.740008 -41.114505 10.929631 0.266298
-63.777160 -41.114505 10.649805 -0.518343
-59.814312 -41.114505 10.934927 0.161762
-55.851464 -41.114505 10.435703 -0.252888
-51.888616 -41.114505 10.913287 0.351797
-47.925768 -41.114505 11.471113 0.297680
-43.962920 -41.114505 10.777427 0.481225
-40.000072 -41.114505 11.067731 0.677471
-36.037224 -41.114505 10.433611 0.301551
-32.074376 -41.114505 10.945785 0.078853
-28.111528 -41.114505 10.708439 0.482360
-24.148680 -41.114505 11.319587 0.108903
-20.185832 -41.114505 11.326685 1.007570
-16.222984 -41.114505 10.665464 -0.119824
-12.260136 -41.114505 10.732514 -0.013426
-8.297289 -41.114505 11.591931 0.579541
-4.334441 -41.114505 9.491104 1.569124
-0.371593 -41.114505 11.381910 0.230065
3.591255 -41.114505 10.866910 0.136147
7.554103 -41.114505 10.527485 0.669330
11.516951 -41.114505 11.285007 0.227187
15.479799 -41.114505 10.839120 0.308813
19.442647 -41.114505 10.938932 0.834626
23.405495 -41.114505 11.868306 0.176233
27.368343 -41.114505 10.860033 -0.001567
31.331191 -41.114505 11.485414 0.634327
35.294039 -41.114505 10.351759 -0.224092
39.256887 -41.114505 10.814508 -0.559402
43.219735 -41.114505 10.496509 0.359337
47.182583 -41.114505 10.008782 -0.477418
51.145431 -41.114505 10.704178 0.545478
55.108279 -41.114505 10.812397 0.084937
59.071127 -41.114505 10.841773 -0.471523
63.033975 -41.114505 11.110910 0.075659
66.996822 -41.114505 -8.681886 -6.383181
-131.145575 -45.077353 -9.397194 -8.393564
-127.182727 -45.077353 11.048912 7.588411
-123.219879 -45.077353 -3.927877 16.460392
-119.257031 -45.077353 11.555732 -12.507006
-115.294183 -45.077353 -13.073832 12.392558
-111.331335 -45.077353 14.688054 -16.549307
-107.368487 -45.077353 12.819059 0.277284
-103.405639 -45.077353 -4.067901 -0.534139
-99.442791 -45.077353 11.410057 1.002280
-95.479943 -45.077353 -3.216139 -2.021085
-91.517095 -45.077353 11.069611 0.291634
-87.554247 -45.077353 10.885304 0.221212
-83.591400 -45.077353 11.677110 0.767108
-79.628552 -45.077353 12.048203 0.250883
-75.665704 -45.077353 -0.191142 -15.443256
-71.702856 -45.077353 11.182693 -0.598516
-67.740008 -45.077353 10.407123 0.248369
-63.777160 -45.077353 10.657975 0.061201
-59.814312 -45.077353 11.330245 0.476573
-55.851464 -45.077353 10.971351 -0.203184
-51.888616 -45.077353 11.400857 -0.270793
-47.925768 -45.077353 10.413052 0.484333
-43.962920 -45.077353 11.322148 0.211723
-40.000072 -45.077353 10.990788 -0.105838
-36.037224 -45.077353 10.703883 -0.298296
-32.074376 -45.077353 10.836466 -0.012050
-28.111528 -45.077353 11.039816 0.002172
-24.148680 -45.077353 11.438645 -0.003812
-20.185832 -45.077353 10.885083 0.065497
-16.222984 -45.077353 10.384428 0.391993
-12.260136 -45.077353 10.623699 0.536248
-8.297289 -45.077353 11.098857 0.587424
-4.334441 -45.077353 10.788119 0.088628
-0.371593 -45.077353 11.269311 0.766726
3.591255 -45.077353 11.357661 -0.118192
7.554103 -45.077353 10.866977 0.485233
11.516951 -45.077353 10.585666 0.181338
15.479799 -45.077353 11.350948 -0.056398
19.442647 -45.077353 10.731447 0.696815
23.405495 -45.077353 11.411219 0.514044
27.368343 -45.077353 10.079142 0.773077
31.331191 -45.077353 10.978740 0.129307
35.294039 -45.077353 11.572970 -0.540520
39.256887 -45.077353 11.530967 -0.242533
43.219735 -45.077353 10.570699 0.657655
47.182583 -45.077353 10.134999 1.426316
51.145431 -45.077353 10.640832 0.306302
55.108279 -45.077353 11.465565 0.124291
59.071127 -45.077353 10.971608 0.810885
63.033975 -45.077353 12.555527 0.803640
66.996822 -45.077353 10.733498 1.229866
-131.145575 -49.040201 -5.436395 -12.655792
-127.182727 -49.040201 6.044981 -8.009558
-123.219879 -49.040201 7.551446 13.777088
-119.257031 -49.040201 -9.958419 6.416800
-115.294183 -49.040201 15.086614 -1.533079
-111.331335 -49.040201 10.669841 0.607906
-107.368487 -49.040201 -11.870015 7.661372
-103.405639 -49.040201 11.398606 0.434968
-99.442791 -49.040201 10.879038 0.950861
-95.479943 -49.040201 11.719778 0.221505
-91.517095 -49.040201 9.905885 -0.046716
-87.554247 -49.040201 12.157313 -0.852090
-83.591400 -49.040201 10.394261 0.178172
-79.628552 -49.040201 11.373537 -0.353094
-75.665704 -49.040201 11.076620 0.752760
-71.702856 -49.040201 18.111282 11.538153
-67.740008 -49.040201 11.769178 0.920265
-63.777160 -49.040201 11.857559 0.283679
-59.814312 -49.040201 10.810806 0.260564
-55.851464 -49.040201 10.363875 1.097975
-51.888616 -49.040201 11.345996 0.017633
-47.925768 -49.040201 11.110096 0.417652
-43.962920 -49.040201 10.643244 -0.194726
-40.000072 -49.040201 11.385591 -0.126856
-36.037224 -49.040201 10.855480 0.489400
-32.074376 -49.040201 10.741910 0.062666
-28.111528 -49.040201 11.011471 0.430544
-24.148680 -49.040201 11.850753 -0.154078
-20.185832 -49.040201 11.198414 0.181681
-16.222984 -49.040201 11.134292 0.068494
-12.260136 -49.040201 11.531382 -0.108078
-8.297289 -49.040201 10.826880 0.506252
-4.334441 -49.040201 11.280967 0.808203
-0.371593 -49.040201 10.591063 0.260847
3.591255 -49.040201 11.026646 1.023959
7.554103 -49.040201 10.247840 0.510155
11.516951 -49.040201 11.932453 0.139308
15.479799 -49.040201 9.861721 0.331641
19.442647 -49.040201 11.310327 0.305449
23.405495 -49.040201 10.705264 1.943507
27.368343 -49.040201 11.850676 -0.479678
31.331191 -49.040201 10.718637 -0.155630
35.294039 -49.040201 9.292736 0.509636
39.256887 -49.040201 10.949622 0.490402
43.219735 -49.040201 10.764612 0.015328
47.182583 -49.040201 11.796986 -0.275518
51.145431 -49.040201 11.323327 -0.650893
55.108279 -49.040201 9.670749 -0.214417
59.071127 -49.040201 11.013105 3.465840
63.033975 -49.040201 9.946041 1.536774
66.996822 -49.040201 12.661008 -0.160106
-131.145575 -53.003049 0.000000 0.000000
-127.182727 -53.003049 0.000000 0.000000
-123.219879 -53.003049 0.000000 0.000000
-119.257031 -53.003049 0.000000 0.000000
-115.294183 -53.003049 0.000000 0.000000
-111.331335 -53.003049 0.000000 0.000000
-107.368487 -53.003049 0.000000 0.000000
-103.405639 -53.003049 0.000000 0.000000
-99.442791 -53.003049 0.000000 0.000000
-95.479943 -53.003049 0.000000 0.000000
-91.517095 -53.003049 0.000000 0.000000
-87.554247 -53.003049 0.000000 0.000000
-83.591400 -53.003049 0.000000 0.000000
-79.628552 -53.003049 0.000000 0.000000
-75.665704 -53.003049 0.000000 0.000000
-71.702856 -53.003049 0.000000 0.000000
-67.740008 -53.003049 0.000000 0.000000
-63.777160 -53.003049 0.000000 0.000000
-59.814312 -53.003049 0.000000 0.000000
-55.851464 -53.003049 0.000000 0.000000
-51.888616 -53.003049 0.000000 0.000000
-47.925768 -53.003049 0.000000 0.000000
-43.962920 -53.003049 0.000000 0.000000
-40.000072 -53.003049 0.000000 0.000000
-36.037224 -53.003049 0.000000 0.000000
-32.074376 -53.003049 0.000000 0.000000
-28.111528 -53.003049 0.000000 0.000000
-24.148680 -53.003049 0.000000 0.000000
-20.185832 -53.003049 0.000000 0.000000
-16.222984 -53.003049 0.000000 0.000000
-12.260136 -53.003049 0.000000 0.000000
-8.297289 -53.003049 0.000000 0.000000
-4.334441 -53.003049 0.000000 0.000000
-0.371593 -53.003049 0.000000 0.000000
3.591255 -53.003049 0.000000 0.000000
7.554103 -53.003049 0.000000 0.000000
11.516951 -53.003049 0.000000 0.000000
15.479799 -53.003049 0.000000 0.000000
19.442647 -53.003049 0.000000 0.000000
23.405495 -53.003049 0.000000 0.000000
27.368343 -53.003049 0.000000 0.000000
31.331191 -53.003049 0.000000 0.000000
35.294039 -53.003049 0.000000 0.000000
39.256887 -53.003049 0.000000 0.000000
43.219735 -53.003049 0.000000 0.000000
47.182583 -53.003049 0.000000 0.000000
51.145431 -53.003049 0.000000 0.000000
55.108279 -53.003049 0.000000 0.000000
59.071127 -53.003049 0.000000 0.000000
63.033975 -53.003049 0.000000 0.000000
66.996822 -53.003049 0.000000 0.000000
