TITLE = "B00007"
VARIABLES = "position", "position(2)", "Vx", "Vy"
ZONE T="Frame 0", I=51, J=39
-131.145575 97.585173 11.076666 0.313673
-127.182727 97.585173 11.267689 0.594909
-123.219879 97.585173 11.010929 0.578395
-119.257031 97.585173 11.295652 0.636531
-115.294183 97.585173 11.217713 0.573846
-111.331335 97.585173 0.000000 0.000000
-107.368487 97.585173 0.000000 0.000000
-103.405639 97.585173 0.000000 0.000000
-99.442791 97.585173 0.000000 0.000000
-95.479943 97.585173 0.000000 0.000000
-91.517095 97.585173 0.000000 0.000000
-87.554247 97.585173 11.529202 0.309644
-83.591400 97.585173 11.332698 0.425833
-79.628552 97.585173 11.487072 0.326971
-75.665704 97.585173 11.339992 0.175663
-71.702856 97.585173 11.369076 0.224703
-67.740008 97.585173 11.582329 0.116936
-63.777160 97.585173 11.405187 0.095076
-59.814312 97.585173 11.511001 -0.088022
-55.851464 97.585173 11.236860 0.124207
-51.888616 97.585173 11.282997 0.007385
-47.925768 97.585173 11.540519 -0.041210
-43.962920 97.585173 11.363455 0.172598
-40.000072 97.585173 11.442878 0.327060
-36.037224 97.585173 11.217682 0.004481
-32.074376 97.585173 11.487863 -0.063594
-28.111528 97.585173 11.340946 -0.263567
-24.148680 97.585173 11.329177 0.109780
-20.185832 97.585173 11.537969 0.161187
-16.222984 97.585173 11.016101 -0.102574
-12.260136 97.585173 0.000000 0.000000
-8.297289 97.585173 0.000000 0.000000
-4.334441 97.585173 0.000000 0.000000
-0.371593 97.585173 11.096681 -0.158455
3.591255 97.585173 11.060459 0.083115
7.554103 97.585173 11.183343 -0.069290
11.516951 97.585173 11.035178 -0.046447
15.479799 97.585173 11.150686 -0.086201
19.442647 97.585173 11.110106 0.095063
23.405495 97.585173 11.000176 -0.037198
27.368343 97.585173 10.958299 -0.140550
31.331191 97.585173 11.109348 -0.191682
35.294039 97.585173 10.870728 0.000552
39.256887 97.585173 10.884432 0.195656
43.219735 97.585173 11.003276 0.054273
47.182583 97.585173 10.990340 0.063605
51.145431 97.585173 10.890204 0.214112
55.108279 97.585173 11.085306 0.072044
59.071127 97.585173 10.882027 -0.009253
63.033975 97.585173 10.967417 0.097115
66.996822 97.585173 11.038921 0.045266
-131.145575 93.622325 10.859804 0.690882
-127.182727 93.622325 11.008880 0.330915
-123.219879 93.622325 10.871368 0.443444
-119.257031 93.622325 11.163977 0.206349
-115.294183 93.622325 11.037111 0.511888
-111.331335 93.622325 0.000000 0.000000
-107.368487 93.622325 0.000000 0.000000
-103.405639 93.622325 0.000000 0.000000
-99.442791 93.622325 0.000000 0.000000
-95.479943 93.622325 0.000000 0.000000
-91.517095 93.622325 0.000000 0.000000
-87.554247 93.622325 11.438313 0.293378
-83.591400 93.622325 11.433212 0.400672
-79.628552 93.622325 11.652263 0.336496
-75.665704 93.622325 11.360717 0.298488
-71.702856 93.622325 11.635174 0.244120
-67.740008 93.622325 11.599733 0.354212
-63.777160 93.622325 11.667068 0.183758
-59.814312 93.622325 11.305716 0.194362
-55.851464 93.622325 11.698553 -0.109265
-51.888616 93.622325 11.403243 0.090732
-47.925768 93.622325 11.470974 -0.036409
-43.962920 93.622325 11.626998 0.146821
-40.000072 93.622325 11.421043 -0.103391
-36.037224 93.622325 11.470711 -0.139575
-32.074376 93.622325 11.305474 -0.041406
-28.111528 93.622325 11.336883 0.011156
-24.148680 93.622325 11.232283 -0.111234
-20.185832 93.622325 11.124499 -0.192978
-16.222984 93.622325 11.153189 -0.101242
-12.260136 93.622325 0.000000 0.000000
-8.297289 93.622325 0.000000 0.000000
-4.334441 93.622325 0.000000 0.000000
-0.371593 93.622325 11.006908 -0.120320
3.591255 93.622325 11.134741 -0.134508
7.554103 93.622325 11.021321 -0.197364
11.516951 93.622325 11.187812 -0.065973
15.479799 93.622325 10.985742 -0.297745
19.442647 93.622325 10.984920 -0.053024
23.405495 93.622325 11.007183 -0.014437
27.368343 93.622325 11.113374 0.180932
31.331191 93.622325 11.039406 0.049417
35.294039 93.622325 10.949075 0.005816
39.256887 93.622325 10.926380 -0.039657
43.219735 93.622325 11.023575 0.175600
47.182583 93.622325 10.978448 0.025536
51.145431 93.622325 11.023486 -0.200975
55.108279 93.622325 11.003795 0.195129
59.071127 93.622325 10.943013 0.093681
63.033975 93.622325 10.989564 0.301687
66.996822 93.622325 11.022305 -0.013891
-131.145575 89.659477 -13.396232 2.336563
-127.182727 89.659477 11.014014 0.558356
-123.219879 89.659477 11.228686 0.443347
-119.257031 89.659477 11.528111 0.462565
-115.294183 89.659477 11.120101 0.464762
-111.331335 89.659477 0.000000 0.000000
-107.368487 89.659477 0.000000 0.000000
-103.405639 89.659477 0.000000 0.000000
-99.442791 89.659477 0.000000 0.000000
-95.479943 89.659477 0.000000 0.000000
-91.517095 89.659477 0.000000 0.000000
-87.554247 89.659477 11.576860 0.438637
-83.591400 89.659477 11.577902 0.443742
-79.628552 89.659477 11.438281 0.330405
-75.665704 89.659477 11.578890 0.319312
-71.702856 89.659477 11.506349 0.274125
-67.740008 89.659477 11.531379 0.191127
-63.777160 89.659477 11.397042 0.302181
-59.814312 89.659477 11.584028 0.066124
-55.851464 89.659477 11.475080 0.124918
-51.888616 89.659477 11.454938 0.077229
-47.925768 89.659477 11.544797 -0.033865
-43.962920 89.659477 11.485859 -0.004242
-40.000072 89.659477 11.480930 -0.049945
-36.037224 89.659477 11.301254 0.003216
-32.074376 89.659477 11.361201 -0.063568
-28.111528 89.659477 11.099539 -0.316530
-24.148680 89.659477 11.382786 -0.145295
-20.185832 89.659477 11.619649 -0.286646
-16.222984 89.659477 11.093031 -0.197860
-12.260136 89.659477 0.000000 0.000000
-8.297289 89.659477 0.000000 0.000000
-4.334441 89.659477 0.000000 0.000000
-0.371593 89.659477 11.093465 -0.087268
3.591255 89.659477 11.044287 -0.102765
7.554103 89.659477 11.142629 -0.004347
11.516951 89.659477 11.208144 -0.117151
15.479799 89.659477 11.022653 0.152438
19.442647 89.659477 10.922511 -0.230414
23.405495 89.659477 11.026402 -0.039585
27.368343 89.659477 11.007778 -0.208657
31.331191 89.659477 11.036450 -0.207169
35.294039 89.659477 10.935151 -0.217220
39.256887 89.659477 10.964401 0.044417
43.219735 89.659477 10.996318 -0.056712
47.182583 89.659477 10.857823 -0.061172
51.145431 89.659477 10.923008 0.156003
55.108279 89.659477 10.921193 0.048696
59.071127 89.659477 10.966809 -0.053631
63.033975 89.659477 10.733669 0.258356
66.996822 89.659477 11.027658 0.110400
-131.145575 85.696629 12.704460 -18.172184
-127.182727 85.696629 11.422882 0.372009
-123.219879 85.696629 10.958390 0.829195
-119.257031 85.696629 11.252129 0.383664
-115.294183 85.696629 11.510044 0.589811
-111.331335 85.696629 0.000000 0.000000
-107.368487 85.696629 0.000000 0.000000
-103.405639 85.696629 0.000000 0.000000
-99.442791 85.696629 0.000000 0.000000
-95.479943 85.696629 0.000000 0.000000
-91.517095 85.696629 0.000000 0.000000
-87.554247 85.696629 11.568624 0.375092
-83.591400 85.696629 11.484825 0.483675
-79.628552 85.696629 11.496197 0.434727
-75.665704 85.696629 11.492065 0.297428
-71.702856 85.696629 11.567087 0.141340
-67.740008 85.696629 11.483705 0.148554
-63.777160 85.696629 11.695105 -0.000644
-59.814312 85.696629 11.619469 0.227350
-55.851464 85.696629 11.594212 -0.003247
-51.888616 85.696629 11.293558 -0.008284
-47.925768 85.696629 11.565658 -0.035762
-43.962920 85.696629 11.497450 -0.092089
-40.000072 85.696629 11.473565 -0.019306
-36.037224 85.696629 11.358483 -0.014519
-32.074376 85.696629 11.462427 -0.158667
-28.111528 85.696629 11.288126 -0.225154
-24.148680 85.696629 11.492810 -0.047230
-20.185832 85.696629 11.441895 -0.152003
-16.222984 85.696629 11.511849 0.051766
-12.260136 85.696629 0.000000 0.000000
-8.297289 85.696629 0.000000 0.000000
-4.334441 85.696629 0.000000 0.000000
-0.371593 85.696629 11.075740 -0.149028
3.591255 85.696629 11.077039 -0.139044
7.554103 85.696629 11.061824 -0.225054
11.516951 85.696629 11.040842 -0.144438
15.479799 85.696629 11.091363 0.103884
19.442647 85.696629 10.975388 -0.132417
23.405495 85.696629 10.931738 -0.004275
27.368343 85.696629 11.045966 -0.027174
31.331191 85.696629 11.020507 -0.056451
35.294039 85.696629 10.929027 -0.032310
39.256887 85.696629 10.996698 -0.013282
43.219735 85.696629 11.168435 0.075212
47.182583 85.696629 11.096885 0.102924
51.145431 85.696629 10.932295 0.138341
55.108279 85.696629 11.000293 0.080621
59.071127 85.696629 10.885777 -0.220097
63.033975 85.696629 10.974048 -0.014713
66.996822 85.696629 11.074075 0.042846
-131.145575 81.733781 -15.458776 -17.669548
-127.182727 81.733781 11.314397 0.420416
-123.219879 81.733781 11.622474 -0.183622
-119.257031 81.733781 11.055810 0.623707
-115.294183 81.733781 11.349749 0.474731
-111.331335 81.733781 0.000000 0.000000
-107.368487 81.733781 0.000000 0.000000
-103.405639 81.733781 0.000000 0.000000
-99.442791 81.733781 0.000000 0.000000
-95.479943 81.733781 0.000000 0.000000
-91.517095 81.733781 0.000000 0.000000
-87.554247 81.733781 11.580500 0.425903
-83.591400 81.733781 11.552563 0.408520
-79.628552 81.733781 11.790811 0.136187
-75.665704 81.733781 11.581121 0.293280
-71.702856 81.733781 11.423718 0.246378
-67.740008 81.733781 11.696345 0.210031
-63.777160 81.733781 11.559661 0.173800
-59.814312 81.733781 11.508253 0.258262
-55.851464 81.733781 11.595509 0.036140
-51.888616 81.733781 11.489583 0.217897
-47.925768 81.733781 11.368982 0.081223
-43.962920 81.733781 11.452258 -0.018233
-40.000072 81.733781 11.410057 -0.185458
-36.037224 81.733781 11.555366 -0.201853
-32.074376 81.733781 11.301401 -0.109357
-28.111528 81.733781 11.446751 -0.095220
-24.148680 81.733781 11.398134 -0.145081
-20.185832 81.733781 11.302214 -0.113751
-16.222984 81.733781 11.106083 -0.082970
-12.260136 81.733781 0.000000 0.000000
-8.297289 81.733781 0.000000 0.000000
-4.334441 81.733781 0.000000 0.000000
-0.371593 81.733781 11.196633 -0.013047
3.591255 81.733781 11.099633 -0.134253
7.554103 81.733781 11.026776 -0.190760
11.516951 81.733781 10.927207 0.051843
15.479799 81.733781 10.897137 -0.081961
19.442647 81.733781 11.030025 -0.236534
23.405495 81.733781 11.008410 0.068810
27.368343 81.733781 10.782948 0.087783
31.331191 81.733781 10.969678 -0.082022
35.294039 81.733781 10.944524 0.269114
39.256887 81.733781 11.070927 -0.117979
43.219735 81.733781 10.946144 -0.083704
47.182583 81.733781 11.016653 -0.046057
51.145431 81.733781 10.977346 0.011944
55.108279 81.733781 10.942637 0.157684
59.071127 81.733781 10.986966 0.066065
63.033975 81.733781 10.949176 0.127887
66.996822 81.733781 11.041305 0.096224
-131.145575 77.770933 11.004151 0.868937
-127.182727 77.770933 11.203606 0.690388
-123.219879 77.770933 11.102723 0.617120
-119.257031 77.770933 11.344055 0.673680
-115.294183 77.770933 11.200130 0.555752
-111.331335 77.770933 0.000000 0.000000
-107.368487 77.770933 0.000000 0.000000
-103.405639 77.770933 0.000000 0.000000
-99.442791 77.770933 0.000000 0.000000
-95.479943 77.770933 0.000000 0.000000
-91.517095 77.770933 11.712675 0.565070
-87.554247 77.770933 11.366162 0.523335
-83.591400 77.770933 11.618502 0.306854
-79.628552 77.770933 11.692716 0.529900
-75.665704 77.770933 11.504461 0.278018
-71.702856 77.770933 11.741608 0.308894
-67.740008 77.770933 11.655531 0.073944
-63.777160 77.770933 11.520075 0.203588
-59.814312 77.770933 11.677934 0.021085
-55.851464 77.770933 11.705283 -0.002275
-51.888616 77.770933 11.547609 0.137422
-47.925768 77.770933 11.534088 -0.108147
-43.962920 77.770933 11.556593 -0.145354
-40.000072 77.770933 11.478568 0.026763
-36.037224 77.770933 11.462350 -0.223599
-32.074376 77.770933 11.332488 -0.204290
-28.111528 77.770933 11.284378 -0.196878
-24.148680 77.770933 11.243097 -0.277140
-20.185832 77.770933 11.132282 -0.092829
-16.222984 77.770933 11.289509 -0.256592
-12.260136 77.770933 0.000000 0.000000
-8.297289 77.770933 0.000000 0.000000
-4.334441 77.770933 0.000000 0.000000
-0.371593 77.770933 11.024045 0.014354
3.591255 77.770933 10.995481 -0.245957
7.554103 77.770933 10.932567 -0.190810
11.516951 77.770933 11.009201 -0.127832
15.479799 77.770933 11.122048 -0.210643
19.442647 77.770933 10.866524 0.017990
23.405495 77.770933 11.088161 -0.040115
27.368343 77.770933 11.013674 -0.220431
31.331191 77.770933 10.954874 -0.004181
35.294039 77.770933 10.811975 0.127590
39.256887 77.770933 10.900063 -0.046039
43.219735 77.770933 10.909580 -0.080104
47.182583 77.770933 11.005708 0.173225
51.145431 77.770933 10.958487 0.075898
55.108279 77.770933 10.969653 -0.042225
59.071127 77.770933 10.942846 -0.122233
63.033975 77.770933 10.917667 0.125254
66.996822 77.770933 11.052684 -0.180523
-131.145575 73.808085 11.257863 0.410490
-127.182727 73.808085 -7.829860 -3.815798
-123.219879 73.808085 11.122665 0.502465
-119.257031 73.808085 11.263824 0.761496
-115.294183 73.808085 11.299297 0.601342
-111.331335 73.808085 0.000000 0.000000
-107.368487 73.808085 0.000000 0.000000
-103.405639 73.808085 0.000000 0.000000
-99.442791 73.808085 0.000000 0.000000
-95.479943 73.808085 0.000000 0.000000
-91.517095 73.808085 11.643579 0.456903
-87.554247 73.808085 11.590941 0.494852
-83.591400 73.808085 11.586357 0.351848
-79.628552 73.808085 11.789289 0.628482
-75.665704 73.808085 11.587183 0.235189
-71.702856 73.808085 11.772437 0.268093
-67.740008 73.808085 11.759378 0.184976
-63.777160 73.808085 11.790653 0.055674
-59.814312 73.808085 11.722196 0.122634
-55.851464 73.808085 11.465197 -0.022944
-51.888616 73.808085 11.618201 -0.162921
-47.925768 73.808085 11.493213 -0.079669
-43.962920 73.808085 11.515561 -0.099494
-40.000072 73.808085 11.558605 -0.110493
-36.037224 73.808085 11.356186 -0.166951
-32.074376 73.808085 11.461482 -0.159170
-28.111528 73.808085 11.289020 -0.241999
-24.148680 73.808085 11.255706 -0.211279
-20.185832 73.808085 11.282226 -0.163642
-16.222984 73.808085 11.247849 -0.212249
-12.260136 73.808085 0.000000 0.000000
-8.297289 73.808085 0.000000 0.000000
-4.334441 73.808085 0.000000 0.000000
-0.371593 73.808085 10.892890 -0.374818
3.591255 73.808085 11.029984 -0.172760
7.554103 73.808085 11.010688 -0.142137
11.516951 73.808085 10.965204 -0.247762
15.479799 73.808085 11.122246 -0.097118
19.442647 73.808085 10.942054 -0.233042
23.405495 73.808085 10.963717 -0.016827
27.368343 73.808085 11.016607 -0.112570
31.331191 73.808085 10.944336 -0.002105
35.294039 73.808085 11.011297 -0.077719
39.256887 73.808085 10.930930 -0.086999
43.219735 73.808085 11.055728 -0.043064
47.182583 73.808085 11.006429 -0.060873
51.145431 73.808085 10.949256 -0.030834
55.108279 73.808085 10.905357 0.050208
59.071127 73.808085 11.120479 0.056545
63.033975 73.808085 10.915977 0.005348
66.996822 73.808085 10.939802 0.176444
-131.145575 69.845237 -3.490490 -14.221682
-127.182727 69.845237 11.219214 0.481298
-123.219879 69.845237 11.007183 0.699308
-119.257031 69.845237 11.140858 0.846443
-115.294183 69.845237 11.496363 0.700805
-111.331335 69.845237 0.000000 0.000000
-107.368487 69.845237 0.000000 0.000000
-103.405639 69.845237 0.000000 0.000000
-99.442791 69.845237 0.000000 0.000000
-95.479943 69.845237 0.000000 0.000000
-91.517095 69.845237 11.694514 0.679613
-87.554247 69.845237 11.733017 0.551879
-83.591400 69.845237 11.847764 0.259512
-79.628552 69.845237 11.788123 0.318026
-75.665704 69.845237 11.636914 0.013327
-71.702856 69.845237 11.752904 -0.090874
-67.740008 69.845237 11.673791 0.164251
-63.777160 69.845237 11.712962 0.151340
-59.814312 69.845237 11.654899 -0.216095
-55.851464 69.845237 11.839061 -0.039912
-51.888616 69.845237 11.744204 -0.052343
-47.925768 69.845237 11.515312 -0.056218
-43.962920 69.845237 11.568326 -0.073211
-40.000072 69.845237 11.628389 -0.127464
-36.037224 69.845237 11.438881 -0.202941
-32.074376 69.845237 11.564180 -0.214439
-28.111528 69.845237 11.426030 -0.203260
-24.148680 69.845237 11.329153 -0.357183
-20.185832 69.845237 11.368315 -0.236252
-16.222984 69.845237 11.212798 -0.236484
-12.260136 69.845237 0.000000 0.000000
-8.297289 69.845237 0.000000 0.000000
-4.334441 69.845237 0.000000 0.000000
-0.371593 69.845237 10.993103 -0.341382
3.591255 69.845237 11.049493 -0.044076
7.554103 69.845237 10.898829 -0.197248
11.516951 69.845237 11.049681 -0.302099
15.479799 69.845237 10.950612 -0.158370
19.442647 69.845237 11.024299 -0.109692
23.405495 69.845237 11.114991 -0.164781
27.368343 69.845237 11.042079 0.016003
31.331191 69.845237 10.920200 0.052793
35.294039 69.845237 11.073669 -0.257875
39.256887 69.845237 10.950779 0.083365
43.219735 69.845237 10.955790 -0.071979
47.182583 69.845237 10.886867 -0.247569
51.145431 69.845237 10.934160 0.104002
55.108279 69.845237 10.895377 -0.092955
59.071127 69.845237 10.889546 0.105132
63.033975 69.845237 10.991071 0.112757
66.996822 69.845237 11.156876 -0.179847
-131.145575 65.882389 1.198174 8.186599
-127.182727 65.882389 11.088770 0.414958
-123.219879 65.882389 10.885716 0.729359
-119.257031 65.882389 11.324549 0.757753
-115.294183 65.882389 11.425497 0.798427
-111.331335 65.882389 0.000000 0.000000
-107.368487 65.882389 0.000000 0.000000
-103.405639 65.882389 0.000000 0.000000
-99.442791 65.882389 0.000000 0.000000
-95.479943 65.882389 0.000000 0.000000
-91.517095 65.882389 11.771871 0.501408
-87.554247 65.882389 11.754577 0.492939
-83.591400 65.882389 11.930124 0.580899
-79.628552 65.882389 11.946468 0.243744
-75.665704 65.882389 11.864269 0.416399
-71.702856 65.882389 11.810319 0.337187
-67.740008 65.882389 11.827501 0.195109
-63.777160 65.882389 11.741262 0.108382
-59.814312 65.882389 11.865308 -0.090707
-55.851464 65.882389 11.824546 -0.124123
-51.888616 65.882389 11.823228 -0.153574
-47.925768 65.882389 11.703999 -0.267889
-43.962920 65.882389 11.717898 -0.297835
-40.000072 65.882389 11.515780 -0.187534
-36.037224 65.882389 11.440108 -0.243202
-32.074376 65.882389 11.675164 -0.319581
-28.111528 65.882389 11.506322 -0.347502
-24.148680 65.882389 11.235002 -0.332155
-20.185832 65.882389 11.284040 -0.259400
-16.222984 65.882389 11.133398 -0.339380
-12.260136 65.882389 0.000000 0.000000
-8.297289 65.882389 0.000000 0.000000
-4.334441 65.882389 10.995546 -0.345036
-0.371593 65.882389 10.872525 -0.230545
3.591255 65.882389 11.048321 -0.213089
7.554103 65.882389 11.002845 -0.154460
11.516951 65.882389 10.841599 -0.151247
15.479799 65.882389 10.891465 -0.041137
19.442647 65.882389 10.964748 -0.240230
23.405495 65.882389 10.907372 -0.094967
27.368343 65.882389 10.820267 0.129643
31.331191 65.882389 10.872005 -0.117089
35.294039 65.882389 10.840831 -0.217361
39.256887 65.882389 10.869864 -0.243946
43.219735 65.882389 10.866042 -0.154146
47.182583 65.882389 10.909809 0.083904
51.145431 65.882389 10.938677 -0.047197
55.108279 65.882389 10.867035 -0.028113
59.071127 65.882389 10.654917 0.098611
63.033975 65.882389 11.119347 -0.161638
66.996822 65.882389 10.925339 -0.259142
-131.145575 61.919541 -0.596956 -14.460218
-127.182727 61.919541 10.809035 0.693404
-123.219879 61.919541 10.916923 1.134204
-119.257031 61.919541 11.105531 0.939561
-115.294183 61.919541 11.133720 1.265491
-111.331335 61.919541 0.000000 0.000000
-107.368487 61.919541 0.000000 0.000000
-103.405639 61.919541 0.000000 0.000000
-99.442791 61.919541 0.000000 0.000000
-95.479943 61.919541 0.000000 0.000000
-91.517095 61.919541 11.792239 0.677581
-87.554247 61.919541 11.936124 0.546133
-83.591400 61.919541 11.841496 0.567947
-79.628552 61.919541 11.951763 0.402227
-75.665704 61.919541 11.949498 0.433690
-71.702856 61.919541 11.990612 -0.138670
-67.740008 61.919541 11.919996 -0.103184
-63.777160 61.919541 11.905781 -0.083825
-59.814312 61.919541 11.952829 -0.117690
-55.851464 61.919541 11.992266 -0.159226
-51.888616 61.919541 11.670512 -0.192090
-47.925768 61.919541 11.507824 -0.173752
-43.962920 61.919541 11.770075 -0.349989
-40.000072 61.919541 11.659407 -0.349084
-36.037224 61.919541 11.441379 -0.256200
-32.074376 61.919541 11.516802 -0.522192
-28.111528 61.919541 11.476794 -0.294287
-24.148680 61.919541 11.539960 -0.420956
-20.185832 61.919541 11.271444 -0.395969
-16.222984 61.919541 11.293329 -0.370336
-12.260136 61.919541 0.000000 0.000000
-8.297289 61.919541 0.000000 0.000000
-4.334441 61.919541 11.054723 -0.330211
-0.371593 61.919541 11.109770 -0.459301
3.591255 61.919541 10.986188 -0.286255
7.554103 61.919541 10.917778 -0.251429
11.516951 61.919541 10.884914 -0.233522
15.479799 61.919541 10.959044 -0.097846
19.442647 61.919541 10.943769 -0.099254
23.405495 61.919541 10.890667 -0.203801
27.368343 61.919541 10.944230 -0.115824
31.331191 61.919541 10.943594 -0.226636
35.294039 61.919541 10.933321 0.015224
39.256887 61.919541 10.931129 -0.178369
43.219735 61.919541 10.805832 -0.048190
47.182583 61.919541 10.758565 -0.032732
51.145431 61.919541 10.871632 -0.132285
55.108279 61.919541 10.820850 0.268375
59.071127 61.919541 10.956768 0.038276
63.033975 61.919541 11.003954 -0.089832
66.996822 61.919541 11.018921 0.047835
-131.145575 57.956694 6.150222 -9.438231
-127.182727 57.956694 -1.140722 -11.192374
-123.219879 57.956694 10.574275 0.803047
-119.257031 57.956694 11.065299 0.807647
-115.294183 57.956694 11.124048 1.187788
-111.331335 57.956694 0.000000 0.000000
-107.368487 57.956694 0.000000 0.000000
-103.405639 57.956694 0.000000 0.000000
-99.442791 57.956694 0.000000 0.000000
-95.479943 57.956694 11.732253 0.863450
-91.517095 57.956694 11.842423 0.810394
-87.554247 57.956694 12.007052 0.943977
-83.591400 57.956694 11.675492 0.394667
-79.628552 57.956694 11.966169 0.531471
-75.665704 57.956694 11.985832 0.260708
-71.702856 57.956694 11.917384 -0.041909
-67.740008 57.956694 11.940811 0.153935
-63.777160 57.956694 11.800779 -0.028653
-59.814312 57.956694 11.857818 -0.283785
-55.851464 57.956694 11.854607 -0.370705
-51.888616 57.956694 11.847196 -0.231739
-47.925768 57.956694 11.682036 -0.352439
-43.962920 57.956694 11.863351 -0.287969
-40.000072 57.956694 11.514365 -0.354720
-36.037224 57.956694 11.653132 -0.456443
-32.074376 57.956694 11.553336 -0.417125
-28.111528 57.956694 11.427216 -0.326400
-24.148680 57.956694 11.275450 -0.532169
-20.185832 57.956694 11.395883 -0.505850
-16.222984 57.956694 11.129069 -0.501710
-12.260136 57.956694 0.000000 0.000000
-8.297289 57.956694 0.000000 0.000000
-4.334441 57.956694 10.925228 -0.432072
-0.371593 57.956694 10.899117 -0.434548
3.591255 57.956694 10.762732 -0.535307
7.554103 57.956694 10.925392 -0.258796
11.516951 57.956694 10.837300 -0.234242
15.479799 57.956694 10.813410 -0.315685
19.442647 57.956694 11.020996 -0.085461
23.405495 57.956694 10.798025 -0.224637
27.368343 57.956694 11.044516 -0.159334
31.331191 57.956694 10.906515 -0.062161
35.294039 57.956694 11.013577 -0.229831
39.256887 57.956694 10.846045 0.101921
43.219735 57.956694 10.988547 0.266391
47.182583 57.956694 10.809315 -0.051835
51.145431 57.956694 10.945756 0.045974
55.108279 57.956694 10.996542 0.148954
59.071127 57.956694 10.988213 -0.179716
63.033975 57.956694 10.814360 -0.312213
66.996822 57.956694 10.969923 0.063393
-131.145575 53.993846 7.670341 15.558159
-127.182727 53.993846 10.743365 0.281764
-123.219879 53.993846 10.812286 1.618180
-119.257031 53.993846 10.835020 0.955122
-115.294183 53.993846 11.003322 1.051499
-111.331335 53.993846 0.000000 0.000000
-107.368487 53.993846 0.000000 0.000000
-103.405639 53.993846 0.000000 0.000000
-99.442791 53.993846 0.000000 0.000000
-95.479943 53.993846 12.009055 1.250721
-91.517095 53.993846 12.098632 0.898813
-87.554247 53.993846 12.216641 0.658678
-83.591400 53.993846 12.001311 0.560400
-79.628552 53.993846 12.188051 0.446503
-75.665704 53.993846 12.216449 0.418424
-71.702856 53.993846 12.243019 -0.002564
-67.740008 53.993846 12.091502 0.064183
-63.777160 53.993846 12.198182 -0.050233
-59.814312 53.993846 12.037756 -0.240119
-55.851464 53.993846 11.949768 -0.305992
-51.888616 53.993846 12.034781 -0.309509
-47.925768 53.993846 11.726845 -0.393651
-43.962920 53.993846 11.796339 -0.470328
-40.000072 53.993846 11.713755 -0.438844
-36.037224 53.993846 11.602954 -0.511637
-32.074376 53.993846 11.675574 -0.483735
-28.111528 53.993846 11.596632 -0.571202
-24.148680 53.993846 11.429908 -0.433502
-20.185832 53.993846 11.119628 -0.637230
-16.222984 53.993846 10.920538 -0.529824
-12.260136 53.993846 10.956653 -0.578931
-8.297289 53.993846 0.000000 0.000000
-4.334441 53.993846 10.916018 -0.630878
-0.371593 53.993846 10.751722 -0.233991
3.591255 53.993846 10.996607 -0.464474
7.554103 53.993846 10.899313 -0.223826
11.516951 53.993846 10.825386 -0.276485
15.479799 53.993846 10.699092 -0.115265
19.442647 53.993846 10.747337 -0.292143
23.405495 53.993846 10.849283 -0.215724
27.368343 53.993846 10.873533 -0.210002
31.331191 53.993846 10.828891 -0.094674
35.294039 53.993846 10.777345 -0.070418
39.256887 53.993846 10.905534 0.091795
43.219735 53.993846 11.061867 -0.049359
47.182583 53.993846 10.874032 -0.513543
51.145431 53.993846 10.893461 -0.260202
55.108279 53.993846 11.046159 -0.334890
59.071127 53.993846 11.128869 -0.072393
63.033975 53.993846 11.013129 -0.030520
66.996822 53.993846 10.899392 -0.243150
-131.145575 50.030998 10.231889 0.155657
-127.182727 50.030998 16.822317 -6.982480
-123.219879 50.030998 10.930682 0.991845
-119.257031 50.030998 10.661345 0.913717
-115.294183 50.030998 10.698702 1.396817
-111.331335 50.030998 0.000000 0.000000
-107.368487 50.030998 0.000000 0.000000
-103.405639 50.030998 0.000000 0.000000
-99.442791 50.030998 0.000000 0.000000
-95.479943 50.030998 12.089372 1.170525
-91.517095 50.030998 12.182814 0.991040
-87.554247 50.030998 12.432796 0.773952
-83.591400 50.030998 12.424443 0.705979
-79.628552 50.030998 12.256842 0.503851
-75.665704 50.030998 12.286719 0.341548
-71.702856 50.030998 12.272884 -0.114887
-67.740008 50.030998 12.086004 0.116542
-63.777160 50.030998 12.174879 -0.155924
-59.814312 50.030998 11.982781 -0.203835
-55.851464 50.030998 12.103792 -0.192090
-51.888616 50.030998 12.091422 -0.408227
-47.925768 50.030998 11.886133 -0.472382
-43.962920 50.030998 11.936174 -0.483530
-40.000072 50.030998 11.826840 -0.404713
-36.037224 50.030998 11.370797 -0.665649
-32.074376 50.030998 11.699534 -0.512472
-28.111528 50.030998 11.591579 -0.515541
-24.148680 50.030998 11.426213 -0.579928
-20.185832 50.030998 11.028728 -0.660520
-16.222984 50.030998 11.297800 -0.675371
-12.260136 50.030998 11.180509 -0.642527
-8.297289 50.030998 0.000000 0.000000
-4.334441 50.030998 10.858059 -0.617958
-0.371593 50.030998 10.885358 -0.584662
3.591255 50.030998 10.743361 -0.593598
7.554103 50.030998 10.789409 -0.443954
11.516951 50.030998 10.833856 -0.306754
15.479799 50.030998 10.840940 -0.362717
19.442647 50.030998 10.794200 -0.337805
23.405495 50.030998 10.733103 0.125425
27.368343 50.030998 10.688162 -0.079620
31.331191 50.030998 10.813978 -0.023426
35.294039 50.030998 10.934864 0.184430
39.256887 50.030998 10.965339 -0.196241
43.219735 50.030998 10.789223 -0.228246
47.182583 50.030998 10.764530 -0.191878
51.145431 50.030998 10.885266 0.028056
55.108279 50.030998 10.843786 0.055432
59.071127 50.030998 11.058681 -0.179801
63.033975 50.030998 10.978465 -0.435589
66.996822 50.030998 11.060064 -0.299998
-131.145575 46.068150 15.380598 3.662529
-127.182727 46.068150 10.498179 0.413872
-123.219879 46.068150 10.595292 0.733482
-119.257031 46.068150 10.696764 0.884894
-115.294183 46.068150 10.504397 0.969376
-111.331335 46.068150 10.990545 1.779767
-107.368487 46.068150 0.000000 0.000000
-103.405639 46.068150 0.000000 0.000000
-99.442791 46.068150 0.000000 0.000000
-95.479943 46.068150 12.233167 1.501462
-91.517095 46.068150 12.691727 1.127485
-87.554247 46.068150 12.389647 0.832466
-83.591400 46.068150 12.733604 0.534595
-79.628552 46.068150 12.410196 0.250593
-75.665704 46.068150 12.428969 0.017943
-71.702856 46.068150 12.313758 -0.110095
-67.740008 46.068150 12.188179 -0.160221
-63.777160 46.068150 12.316370 -0.202466
-59.814312 46.068150 12.117738 -0.393983
-55.851464 46.068150 11.896116 -0.458849
-51.888616 46.068150 12.092187 -0.458157
-47.925768 46.068150 12.038583 -0.527282
-43.962920 46.068150 11.761960 -0.604715
-40.000072 46.068150 11.744104 -0.568118
-36.037224 46.068150 11.890579 -0.606815
-32.074376 46.068150 11.725680 -0.654266
-28.111528 46.068150 11.588202 -0.573584
-24.148680 46.068150 11.420657 -0.786757
-20.185832 46.068150 11.154974 -0.785861
-16.222984 46.068150 11.129257 -0.683800
-12.260136 46.068150 11.074533 -0.795062
-8.297289 46.068150 0.000000 0.000000
-4.334441 46.068150 10.971586 -0.699864
-0.371593 46.068150 10.913343 -0.767138
3.591255 46.068150 10.664459 -0.696505
7.554103 46.068150 10.588279 -0.490660
11.516951 46.068150 10.644100 -0.256145
15.479799 46.068150 11.003061 -0.115058
19.442647 46.068150 10.780886 -0.388093
23.405495 46.068150 10.783766 -0.270024
27.368343 46.068150 10.649718 0.103793
31.331191 46.068150 10.552231 0.331844
35.294039 46.068150 10.915524 0.495998
39.256887 46.068150 11.004679 -0.362468
43.219735 46.068150 11.011592 -0.398530
47.182583 46.068150 10.698366 -0.481456
51.145431 46.068150 10.448748 0.111836
55.108279 46.068150 10.983876 0.121905
59.071127 46.068150 10.713907 -0.317072
63.033975 46.068150 10.939395 0.197125
66.996822 46.068150 10.709417 -0.473879
-131.145575 42.105302 10.260826 -0.462889
-127.182727 42.105302 9.897518 1.692454
-123.219879 42.105302 10.808709 0.875023
-119.257031 42.105302 10.272099 0.723985
-115.294183 42.105302 10.131784 1.916028
-111.331335 42.105302 10.377149 2.026102
-107.368487 42.105302 0.000000 0.000000
-103.405639 42.105302 0.000000 0.000000
-99.442791 42.105302 12.557730 2.169497
-95.479943 42.105302 12.571605 1.696146
-91.517095 42.105302 12.808079 1.185626
-87.554247 42.105302 12.944850 0.841684
-83.591400 42.105302 13.075509 0.488265
-79.628552 42.105302 12.772539 0.396225
-75.665704 42.105302 12.764344 0.207936
-71.702856 42.105302 12.720293 -0.135719
-67.740008 42.105302 12.455458 -0.210726
-63.777160 42.105302 12.316300 -0.378839
-59.814312 42.105302 12.393537 -0.434072
-55.851464 42.105302 11.834393 -0.339909
-51.888616 42.105302 12.328303 -0.532785
-47.925768 42.105302 12.066952 -0.701164
-43.962920 42.105302 11.653197 -0.815429
-40.000072 42.105302 11.834558 -0.646485
-36.037224 42.105302 11.329389 -0.693648
-32.074376 42.105302 11.803683 -0.751933
-28.111528 42.105302 11.663128 -0.636170
-24.148680 42.105302 11.501494 -0.704129
-20.185832 42.105302 11.415599 -0.832016
-16.222984 42.105302 11.509817 -0.847344
-12.260136 42.105302 11.029598 -0.897652
-8.297289 42.105302 0.000000 0.000000
-4.334441 42.105302 11.215763 -0.617854
-0.371593 42.105302 10.870568 -0.791423
3.591255 42.105302 10.336223 -0.800152
7.554103 42.105302 10.119185 -0.578975
11.516951 42.105302 10.559532 -0.190960
15.479799 42.105302 11.130706 -0.480943
19.442647 42.105302 10.904203 -0.484552
23.405495 42.105302 11.052525 -0.900957
27.368343 42.105302 9.974260 -0.161901
31.331191 42.105302 9.789580 0.543944
35.294039 42.105302 9.238347 2.274374
39.256887 42.105302 10.550848 -0.412569
43.219735 42.105302 11.133783 -0.532041
47.182583 42.105302 10.593198 -0.572779
51.145431 42.105302 10.521804 -0.393851
55.108279 42.105302 10.793484 -1.002802
59.071127 42.105302 9.251911 0.373403
63.033975 42.105302 10.453599 0.540097
66.996822 42.105302 11.268250 0.159052
-131.145575 38.142454 -6.872899 1.921941
-127.182727 38.142454 8.531700 -8.632470
-123.219879 38.142454 9.652262 6.638347
-119.257031 38.142454 10.078212 1.014964
-115.294183 38.142454 9.404106 1.276929
-111.331335 38.142454 9.252015 2.110475
-107.368487 38.142454 0.000000 0.000000
-103.405639 38.142454 0.000000 0.000000
-99.442791 38.142454 0.000000 0.000000
-95.479943 38.142454 0.000000 0.000000
-91.517095 38.142454 0.000000 0.000000
-87.554247 38.142454 0.000000 0.000000
-83.591400 38.142454 0.000000 0.000000
-79.628552 38.142454 0.000000 0.000000
-75.665704 38.142454 0.000000 0.000000
-71.702856 38.142454 0.000000 0.000000
-67.740008 38.142454 0.000000 0.000000
-63.777160 38.142454 0.000000 0.000000
-59.814312 38.142454 0.000000 0.000000
-55.851464 38.142454 0.000000 0.000000
-51.888616 38.142454 0.000000 0.000000
-47.925768 38.142454 0.000000 0.000000
-43.962920 38.142454 0.000000 0.000000
-40.000072 38.142454 0.000000 0.000000
-36.037224 38.142454 0.000000 0.000000
-32.074376 38.142454 0.000000 0.000000
-28.111528 38.142454 0.000000 0.000000
-24.148680 38.142454 11.697418 -1.045835
-20.185832 38.142454 11.140615 -1.225859
-16.222984 38.142454 11.845253 -0.738700
-12.260136 38.142454 10.991910 -1.678443
-8.297289 38.142454 0.000000 0.000000
-4.334441 38.142454 11.627501 -0.210192
-0.371593 38.142454 10.839382 -2.073332
3.591255 38.142454 9.922201 -1.625275
7.554103 38.142454 9.630844 -0.904335
11.516951 38.142454 9.848318 -0.318892
15.479799 38.142454 10.692926 -0.367807
19.442647 38.142454 11.282223 0.758827
23.405495 38.142454 10.540247 -1.034716
27.368343 38.142454 9.366029 -1.018335
31.331191 38.142454 7.789922 -0.025314
35.294039 38.142454 8.409714 1.366406
39.256887 38.142454 9.524314 1.215411
43.219735 38.142454 10.933745 -1.694917
47.182583 38.142454 10.655961 -1.577355
51.145431 38.142454 10.543592 -1.473958
55.108279 38.142454 10.353258 -1.257020
59.071127 38.142454 8.620903 1.066958
63.033975 38.142454 9.389943 1.770331
66.996822 38.142454 8.489999 2.269940
-131.145575 34.179606 7.258178 -8.176863
-127.182727 34.179606 7.487430 -3.016225
-123.219879 34.179606 -10.807989 -11.258911
-119.257031 34.179606 9.675215 0.431861
-115.294183 34.179606 0.000000 0.000000
-111.331335 34.179606 0.000000 0.000000
-107.368487 34.179606 0.000000 0.000000
-103.405639 34.179606 0.000000 0.000000
-99.442791 34.179606 0.000000 0.000000
-95.479943 34.179606 0.000000 0.000000
-91.517095 34.179606 0.000000 0.000000
-87.554247 34.179606 0.000000 0.000000
-83.591400 34.179606 0.000000 0.000000
-79.628552 34.179606 0.000000 0.000000
-75.665704 34.179606 0.000000 0.000000
-71.702856 34.179606 0.000000 0.000000
-67.740008 34.179606 0.000000 0.000000
-63.777160 34.179606 0.000000 0.000000
-59.814312 34.179606 0.000000 0.000000
-55.851464 34.179606 0.000000 0.000000
-51.888616 34.179606 0.000000 0.000000
-47.925768 34.179606 0.000000 0.000000
-43.962920 34.179606 0.000000 0.000000
-40.000072 34.179606 0.000000 0.000000
-36.037224 34.179606 0.000000 0.000000
-32.074376 34.179606 0.000000 0.000000
-28.111528 34.179606 0.000000 0.000000
-24.148680 34.179606 0.000000 0.000000
-20.185832 34.179606 0.000000 0.000000
-16.222984 34.179606 0.000000 0.000000
-12.260136 34.179606 0.000000 0.000000
-8.297289 34.179606 0.000000 0.000000
-4.334441 34.179606 0.000000 0.000000
-0.371593 34.179606 9.552451 -3.049819
3.591255 34.179606 9.652260 -2.486524
7.554103 34.179606 9.629155 -2.320304
11.516951 34.179606 6.226142 1.433737
15.479799 34.179606 9.018044 1.848969
19.442647 34.179606 8.615788 1.193611
23.405495 34.179606 9.923800 -1.118032
27.368343 34.179606 9.478052 -1.917539
31.331191 34.179606 9.333416 0.016138
35.294039 34.179606 10.722997 1.637665
39.256887 34.179606 9.504379 1.855820
43.219735 34.179606 9.466717 -0.544705
47.182583 34.179606 10.586999 -1.441044
51.145431 34.179606 10.831701 -1.625533
55.108279 34.179606 10.767423 -2.887212
59.071127 34.179606 8.840173 1.855808
63.033975 34.179606 9.788187 2.023516
66.996822 34.179606 9.693222 1.410636
-131.145575 30.216758 12.366990 16.469585
-127.182727 30.216758 9.967943 0.445203
-123.219879 30.216758 0.000000 0.000000
-119.257031 30.216758 0.000000 0.000000
-115.294183 30.216758 0.000000 0.000000
-111.331335 30.216758 0.000000 0.000000
-107.368487 30.216758 0.000000 0.000000
-103.405639 30.216758 0.000000 0.000000
-99.442791 30.216758 0.000000 0.000000
-95.479943 30.216758 0.000000 0.000000
-91.517095 30.216758 0.000000 0.000000
-87.554247 30.216758 0.000000 0.000000
-83.591400 30.216758 0.000000 0.000000
-79.628552 30.216758 0.000000 0.000000
-75.665704 30.216758 0.000000 0.000000
-71.702856 30.216758 0.000000 0.000000
-67.740008 30.216758 0.000000 0.000000
-63.777160 30.216758 0.000000 0.000000
-59.814312 30.216758 0.000000 0.000000
-55.851464 30.216758 0.000000 0.000000
-51.888616 30.216758 0.000000 0.000000
-47.925768 30.216758 0.000000 0.000000
-43.962920 30.216758 0.000000 0.000000
-40.000072 30.216758 0.000000 0.000000
-36.037224 30.216758 0.000000 0.000000
-32.074376 30.216758 0.000000 0.000000
-28.111528 30.216758 0.000000 0.000000
-24.148680 30.216758 0.000000 0.000000
-20.185832 30.216758 0.000000 0.000000
-16.222984 30.216758 0.000000 0.000000
-12.260136 30.216758 0.000000 0.000000
-8.297289 30.216758 0.000000 0.000000
-4.334441 30.216758 0.000000 0.000000
-0.371593 30.216758 0.000000 0.000000
3.591255 30.216758 0.000000 0.000000
7.554103 30.216758 10.533316 -1.760225
11.516951 30.216758 12.335086 0.225731
15.479799 30.216758 10.375664 1.943011
19.442647 30.216758 9.895118 0.879153
23.405495 30.216758 9.070423 -0.112574
27.368343 30.216758 10.312878 -1.699576
31.331191 30.216758 10.826210 -0.489526
35.294039 30.216758 11.575296 1.009360
39.256887 30.216758 10.424508 1.610568
43.219735 30.216758 10.178864 0.902465
47.182583 30.216758 10.348520 -0.622282
51.145431 30.216758 10.923963 -0.985276
55.108279 30.216758 11.487920 -1.045105
59.071127 30.216758 11.616087 0.209892
63.033975 30.216758 10.671268 0.919837
66.996822 30.216758 9.843543 0.418167
-131.145575 26.253910 9.720108 1.741813
-127.182727 26.253910 -15.235779 -4.053137
-123.219879 26.253910 0.000000 0.000000
-119.257031 26.253910 0.000000 0.000000
-115.294183 26.253910 0.000000 0.000000
-111.331335 26.253910 0.000000 0.000000
-107.368487 26.253910 0.000000 0.000000
-103.405639 26.253910 0.000000 0.000000
-99.442791 26.253910 0.000000 0.000000
-95.479943 26.253910 0.000000 0.000000
-91.517095 26.253910 0.000000 0.000000
-87.554247 26.253910 0.000000 0.000000
-83.591400 26.253910 0.000000 0.000000
-79.628552 26.253910 0.000000 0.000000
-75.665704 26.253910 0.000000 0.000000
-71.702856 26.253910 0.000000 0.000000
-67.740008 26.253910 0.000000 0.000000
-63.777160 26.253910 0.000000 0.000000
-59.814312 26.253910 0.000000 0.000000
-55.851464 26.253910 0.000000 0.000000
-51.888616 26.253910 0.000000 0.000000
-47.925768 26.253910 0.000000 0.000000
-43.962920 26.253910 0.000000 0.000000
-40.000072 26.253910 0.000000 0.000000
-36.037224 26.253910 0.000000 0.000000
-32.074376 26.253910 0.000000 0.000000
-28.111528 26.253910 0.000000 0.000000
-24.148680 26.253910 0.000000 0.000000
-20.185832 26.253910 0.000000 0.000000
-16.222984 26.253910 0.000000 0.000000
-12.260136 26.253910 0.000000 0.000000
-8.297289 26.253910 0.000000 0.000000
-4.334441 26.253910 0.000000 0.000000
-0.371593 26.253910 0.000000 0.000000
3.591255 26.253910 0.000000 0.000000
7.554103 26.253910 0.000000 0.000000
11.516951 26.253910 11.400836 0.464630
15.479799 26.253910 10.564830 1.287799
19.442647 26.253910 9.874161 0.631212
23.405495 26.253910 9.750923 0.211409
27.368343 26.253910 10.686908 -0.221108
31.331191 26.253910 11.476996 0.183223
35.294039 26.253910 11.180012 0.662546
39.256887 26.253910 10.669501 0.639858
43.219735 26.253910 10.094872 0.472212
47.182583 26.253910 10.451743 -0.287714
51.145431 26.253910 10.876189 -1.297490
55.108279 26.253910 11.334713 -0.736777
59.071127 26.253910 11.892176 0.228058
63.033975 26.253910 10.776410 0.445282
66.996822 26.253910 10.192394 0.637224
-131.145575 22.291062 -7.695971 -4.889271
-127.182727 22.291062 7.274982 -17.418150
-123.219879 22.291062 0.000000 0.000000
-119.257031 22.291062 0.000000 0.000000
-115.294183 22.291062 0.000000 0.000000
-111.331335 22.291062 0.000000 0.000000
-107.368487 22.291062 0.000000 0.000000
-103.405639 22.291062 0.000000 0.000000
-99.442791 22.291062 0.000000 0.000000
-95.479943 22.291062 0.000000 0.000000
-91.517095 22.291062 0.000000 0.000000
-87.554247 22.291062 0.000000 0.000000
-83.591400 22.291062 0.000000 0.000000
-79.628552 22.291062 0.000000 0.000000
-75.665704 22.291062 0.000000 0.000000
-71.702856 22.291062 0.000000 0.000000
-67.740008 22.291062 0.000000 0.000000
-63.777160 22.291062 0.000000 0.000000
-59.814312 22.291062 0.000000 0.000000
-55.851464 22.291062 0.000000 0.000000
-51.888616 22.291062 0.000000 0.000000
-47.925768 22.291062 0.000000 0.000000
-43.962920 22.291062 0.000000 0.000000
-40.000072 22.291062 0.000000 0.000000
-36.037224 22.291062 0.000000 0.000000
-32.074376 22.291062 0.000000 0.000000
-28.111528 22.291062 0.000000 0.000000
-24.148680 22.291062 0.000000 0.000000
-20.185832 22.291062 0.000000 0.000000
-16.222984 22.291062 0.000000 0.000000
-12.260136 22.291062 0.000000 0.000000
-8.297289 22.291062 0.000000 0.000000
-4.334441 22.291062 10.375840 0.960087
-0.371593 22.291062 10.419167 0.610216
3.591255 22.291062 10.425537 0.319891
7.554103 22.291062 10.494050 0.394356
11.516951 22.291062 10.838702 0.561679
15.479799 22.291062 10.575309 0.523251
19.442647 22.291062 10.564671 0.489635
23.405495 22.291062 10.530060 0.380728
27.368343 22.291062 10.752527 0.163155
31.331191 22.291062 11.065825 0.208494
35.294039 22.291062 10.985751 0.144523
39.256887 22.291062 10.822558 0.275933
43.219735 22.291062 10.661058 0.311549
47.182583 22.291062 10.634517 0.428888
51.145431 22.291062 9.971129 0.021429
55.108279 22.291062 11.110737 0.185924
59.071127 22.291062 11.205387 0.377746
63.033975 22.291062 10.716610 0.365290
66.996822 22.291062 10.831171 0.415188
-131.145575 18.328214 -0.331201 16.632441
-127.182727 18.328214 -8.913074 13.132624
-123.219879 18.328214 13.953039 2.982522
-119.257031 18.328214 9.735329 0.067859
-115.294183 18.328214 14.844815 -2.491135
-111.331335 18.328214 -9.145803 -3.594731
-107.368487 18.328214 0.000000 0.000000
-103.405639 18.328214 0.000000 0.000000
-99.442791 18.328214 0.000000 0.000000
-95.479943 18.328214 0.000000 0.000000
-91.517095 18.328214 0.000000 0.000000
-87.554247 18.328214 0.000000 0.000000
-83.591400 18.328214 0.000000 0.000000
-79.628552 18.328214 0.000000 0.000000
-75.665704 18.328214 0.000000 0.000000
-71.702856 18.328214 0.000000 0.000000
-67.740008 18.328214 0.000000 0.000000
-63.777160 18.328214 0.000000 0.000000
-59.814312 18.328214 0.000000 0.000000
-55.851464 18.328214 0.000000 0.000000
-51.888616 18.328214 12.009930 0.319920
-47.925768 18.328214 11.606208 0.525576
-43.962920 18.328214 11.135220 0.743974
-40.000072 18.328214 11.462255 0.689650
-36.037224 18.328214 11.788725 0.518996
-32.074376 18.328214 11.587009 0.715806
-28.111528 18.328214 11.363877 0.731020
-24.148680 18.328214 11.301565 0.750340
-20.185832 18.328214 11.456030 0.819963
-16.222984 18.328214 11.274137 0.737496
-12.260136 18.328214 10.995672 0.776268
-8.297289 18.328214 11.043790 0.624657
-4.334441 18.328214 10.817350 0.791143
-0.371593 18.328214 10.523520 0.551163
3.591255 18.328214 10.685378 0.470498
7.554103 18.328214 10.594396 0.176493
11.516951 18.328214 10.806545 0.258533
15.479799 18.328214 10.588389 0.486421
19.442647 18.328214 10.591995 0.522098
23.405495 18.328214 10.669188 0.175478
27.368343 18.328214 11.053079 0.417993
31.331191 18.328214 10.584217 -0.301796
35.294039 18.328214 10.939308 0.293223
39.256887 18.328214 11.336889 -0.498761
43.219735 18.328214 10.868237 0.184338
47.182583 18.328214 10.650993 0.216632
51.145431 18.328214 10.616440 0.455888
55.108279 18.328214 10.688498 0.270911
59.071127 18.328214 10.794986 -0.099694
63.033975 18.328214 10.760577 -0.433776
66.996822 18.328214 10.644859 0.273324
-131.145575 14.365366 -5.390953 -6.608377
-127.182727 14.365366 -6.577351 -5.562778
-123.219879 14.365366 7.684164 -13.839168
-119.257031 14.365366 -10.498057 7.577442
-115.294183 14.365366 -5.728823 7.838870
-111.331335 14.365366 10.376571 -0.825730
-107.368487 14.365366 10.638807 -0.624885
-103.405639 14.365366 11.227987 -1.075059
-99.442791 14.365366 11.281572 -0.854713
-95.479943 14.365366 11.635737 -0.613594
-91.517095 14.365366 12.163692 -0.964180
-87.554247 14.365366 12.157034 -0.718385
-83.591400 14.365366 12.066657 -0.511159
-79.628552 14.365366 12.022289 -0.226819
-75.665704 14.365366 12.050873 0.063503
-71.702856 14.365366 12.058265 0.135240
-67.740008 14.365366 11.961978 0.248579
-63.777160 14.365366 12.098826 0.130994
-59.814312 14.365366 11.824233 0.575573
-55.851464 14.365366 11.775385 0.552208
-51.888616 14.365366 11.733623 0.099863
-47.925768 14.365366 11.257955 0.285469
-43.962920 14.365366 11.791428 0.484911
-40.000072 14.365366 11.361185 0.711850
-36.037224 14.365366 11.658854 0.647098
-32.074376 14.365366 11.598046 0.592568
-28.111528 14.365366 11.420713 0.703114
-24.148680 14.365366 11.180653 0.774816
-20.185832 14.365366 11.146572 0.874143
-16.222984 14.365366 10.929540 0.759412
-12.260136 14.365366 11.019926 0.881972
-8.297289 14.365366 10.925348 0.760333
-4.334441 14.365366 10.700675 0.888324
-0.371593 14.365366 10.835625 0.531282
3.591255 14.365366 10.882234 0.525558
7.554103 14.365366 10.773759 0.274873
11.516951 14.365366 10.534660 0.560525
15.479799 14.365366 10.792404 0.713636
19.442647 14.365366 10.807731 -0.037507
23.405495 14.365366 10.654008 0.209316
27.368343 14.365366 10.900800 0.147381
31.331191 14.365366 10.645544 0.434188
35.294039 14.365366 10.962753 0.309979
39.256887 14.365366 -5.920913 -17.895739
43.219735 14.365366 10.421107 0.098751
47.182583 14.365366 10.747408 0.154188
51.145431 14.365366 11.038726 0.192544
55.108279 14.365366 11.639479 -1.519598
59.071127 14.365366 11.007723 -0.065097
63.033975 14.365366 10.826099 0.470044
66.996822 14.365366 10.722607 -0.018080
-131.145575 10.402518 -13.057767 -8.994110
-127.182727 10.402518 -6.441669 1.136999
-123.219879 10.402518 -13.910205 8.294766
-119.257031 10.402518 17.402845 11.890544
-115.294183 10.402518 10.455317 10.306953
-111.331335 10.402518 11.080291 -0.258034
-107.368487 10.402518 11.250003 -1.023506
-103.405639 10.402518 11.650494 -1.105219
-99.442791 10.402518 11.678008 -0.652585
-95.479943 10.402518 11.620635 -0.527579
-91.517095 10.402518 11.702451 -0.395692
-87.554247 10.402518 11.774249 -0.450227
-83.591400 10.402518 11.893142 -0.348300
-79.628552 10.402518 12.003341 -0.048686
-75.665704 10.402518 12.140649 -0.224545
-71.702856 10.402518 11.727896 0.417451
-67.740008 10.402518 11.917227 0.373954
-63.777160 10.402518 11.855713 0.355096
-59.814312 10.402518 11.847116 0.259911
-55.851464 10.402518 11.451528 0.318201
-51.888616 10.402518 11.825549 0.291948
-47.925768 10.402518 11.696382 0.350145
-43.962920 10.402518 11.373755 0.402398
-40.000072 10.402518 12.007419 0.490108
-36.037224 10.402518 11.611175 0.681368
-32.074376 10.402518 11.338128 0.645940
-28.111528 10.402518 11.109020 0.738760
-24.148680 10.402518 11.441063 0.555306
-20.185832 10.402518 10.957896 0.651224
-16.222984 10.402518 11.338796 0.601075
-12.260136 10.402518 11.243888 0.549205
-8.297289 10.402518 11.114554 0.606109
-4.334441 10.402518 10.862082 0.607797
-0.371593 10.402518 10.989242 0.458425
3.591255 10.402518 10.875620 0.620401
7.554103 10.402518 10.885917 0.240869
11.516951 10.402518 10.880139 0.495654
15.479799 10.402518 10.789129 0.379685
19.442647 10.402518 10.832462 0.049993
23.405495 10.402518 10.778463 0.692610
27.368343 10.402518 10.116436 0.711262
31.331191 10.402518 10.659518 0.349821
35.294039 10.402518 10.802876 0.114627
39.256887 10.402518 10.710702 0.342608
43.219735 10.402518 10.755436 -0.011402
47.182583 10.402518 10.791672 -0.308443
51.145431 10.402518 10.723609 0.406823
55.108279 10.402518 10.514653 0.247671
59.071127 10.402518 11.124350 0.309723
63.033975 10.402518 10.689393 0.179720
66.996822 10.402518 11.217621 -0.069325
-131.145575 6.439670 -12.306459 -7.884307
-127.182727 6.439670 -2.555270 9.692209
-123.219879 6.439670 7.440158 -17.446857
-119.257031 6.439670 11.228921 0.730839
-115.294183 6.439670 11.874593 -0.518608
-111.331335 6.439670 10.359261 -0.834085
-107.368487 6.439670 11.467117 -0.576880
-103.405639 6.439670 11.536057 -0.581420
-99.442791 6.439670 11.104950 -0.436208
-95.479943 6.439670 11.022228 -0.553015
-91.517095 6.439670 11.193748 -0.052220
-87.554247 6.439670 11.786457 -0.556374
-83.591400 6.439670 11.711234 -0.270993
-79.628552 6.439670 11.844703 -0.105804
-75.665704 6.439670 12.201446 -0.311710
-71.702856 6.439670 12.048332 -0.129274
-67.740008 6.439670 11.753497 0.308432
-63.777160 6.439670 11.632920 0.261258
-59.814312 6.439670 11.987751 0.309363
-55.851464 6.439670 11.898548 0.186886
-51.888616 6.439670 11.260345 0.542867
-47.925768 6.439670 11.622923 0.523575
-43.962920 6.439670 11.364371 0.497748
-40.000072 6.439670 11.516052 0.548627
-36.037224 6.439670 11.280141 0.547197
-32.074376 6.439670 11.258490 0.444475
-28.111528 6.439670 11.045155 0.486721
-24.148680 6.439670 11.082363 0.506111
-20.185832 6.439670 11.051715 0.638238
-16.222984 6.439670 11.226212 0.506729
-12.260136 6.439670 11.240266 0.571594
-8.297289 6.439670 11.134642 0.674188
-4.334441 6.439670 11.208940 0.438794
-0.371593 6.439670 10.768914 0.612893
3.591255 6.439670 10.884097 0.440932
7.554103 6.439670 10.644580 0.451625
11.516951 6.439670 10.481812 0.454250
15.479799 6.439670 10.724963 0.445892
19.442647 6.439670 10.634215 0.584570
23.405495 6.439670 10.810551 0.246518
27.368343 6.439670 11.016118 -0.244338
31.331191 6.439670 10.572034 0.258245
35.294039 6.439670 11.065326 -0.086528
39.256887 6.439670 10.891405 0.228189
43.219735 6.439670 10.511151 0.495484
47.182583 6.439670 11.113350 0.112446
51.145431 6.439670 10.838737 0.066579
55.108279 6.439670 10.488285 0.669527
59.071127 6.439670 11.235341 0.174551
63.033975 6.439670 10.738634 0.284508
66.996822 6.439670 10.877209 -0.469894
-131.145575 2.476822 7.502357 -1.731413
-127.182727 2.476822 16.058935 -15.702152
-123.219879 2.476822 -12.362893 13.494432
-119.257031 2.476822 7.211383 -2.110828
-115.294183 2.476822 -14.994165 -6.384160
-111.331335 2.476822 11.089004 -0.571694
-107.368487 2.476822 10.740813 -0.307010
-103.405639 2.476822 10.951367 -0.231263
-99.442791 2.476822 11.718664 0.119273
-95.479943 2.476822 11.224464 -0.084812
-91.517095 2.476822 11.496980 -0.666419
-87.554247 2.476822 11.251423 -0.452824
-83.591400 2.476822 11.452364 -0.598629
-79.628552 2.476822 11.408006 -0.361247
-75.665704 2.476822 11.780902 0.172401
-71.702856 2.476822 11.804660 0.079222
-67.740008 2.476822 11.560169 -0.174040
-63.777160 2.476822 11.692591 0.336832
-59.814312 2.476822 11.685208 0.578146
-55.851464 2.476822 11.615872 0.025845
-51.888616 2.476822 11.694425 0.202740
-47.925768 2.476822 11.456672 0.419503
-43.962920 2.476822 11.818306 0.431637
-40.000072 2.476822 11.282011 0.618948
-36.037224 2.476822 11.561288 0.322531
-32.074376 2.476822 11.479441 0.578816
-28.111528 2.476822 11.082807 0.447955
-24.148680 2.476822 11.134451 0.284765
-20.185832 2.476822 10.744949 0.460106
-16.222984 2.476822 11.456529 0.504925
-12.260136 2.476822 10.972527 0.300553
-8.297289 2.476822 10.755892 0.248292
-4.334441 2.476822 11.294874 0.524920
-0.371593 2.476822 11.477768 0.482437
3.591255 2.476822 10.935126 0.511575
7.554103 2.476822 11.007338 0.431892
11.516951 2.476822 10.727714 0.159085
15.479799 2.476822 10.791047 0.493915
19.442647 2.476822 10.945325 0.423088
23.405495 2.476822 10.851680 0.024838
27.368343 2.476822 10.884885 -0.392615
31.331191 2.476822 10.903124 0.108674
35.294039 2.476822 10.708810 0.506911
39.256887 2.476822 10.664049 0.441476
43.219735 2.476822 10.552390 0.545366
47.182583 2.476822 10.565722 0.368341
51.145431 2.476822 10.978612 -0.076679
55.108279 2.476822 10.703611 -0.158206
59.071127 2.476822 11.043084 -0.278374
63.033975 2.476822 10.708261 0.177852
66.996822 2.476822 11.021958 -0.185329
-131.145575 -1.486026 -0.417815 -17.414749
-127.182727 -1.486026 -17.048376 -9.528568
-123.219879 -1.486026 10.164927 -0.200886
-119.257031 -1.486026 -1.222238 -14.878916
-115.294183 -1.486026 6.695232 6.143889
-111.331335 -1.486026 -0.950389 -16.834763
-107.368487 -1.486026 12.070542 -0.592361
-103.405639 -1.486026 11.839622 -0.576987
-99.442791 -1.486026 11.688423 -0.817776
-95.479943 -1.486026 11.202952 -0.314740
-91.517095 -1.486026 11.885448 -0.795041
-87.554247 -1.486026 11.848372 -0.680969
-83.591400 -1.486026 12.016139 -0.746366
-79.628552 -1.486026 11.095707 -0.189216
-75.665704 -1.486026 11.988401 -0.058628
-71.702856 -1.486026 11.493235 0.006616
-67.740008 -1.486026 11.392499 0.350694
-63.777160 -1.486026 11.478988 0.227548
-59.814312 -1.486026 11.415875 0.460663
-55.851464 -1.486026 11.143083 0.356302
-51.888616 -1.486026 11.027516 0.273663
-47.925768 -1.486026 11.227853 0.626971
-43.962920 -1.486026 11.715033 0.303366
-40.000072 -1.486026 11.343492 0.368700
-36.037224 -1.486026 11.480036 0.378435
-32.074376 -1.486026 11.055439 0.548378
-28.111528 -1.486026 11.041421 -0.025398
-24.148680 -1.486026 11.731499 0.123079
-20.185832 -1.486026 11.183370 0.700189
-16.222984 -1.486026 11.157956 0.600931
-12.260136 -1.486026 11.110628 0.254350
-8.297289 -1.486026 10.875283 0.570898
-4.334441 -1.486026 10.946380 0.301463
-0.371593 -1.486026 11.035718 0.208747
3.591255 -1.486026 10.719451 0.712659
7.554103 -1.486026 11.049919 0.650311
11.516951 -1.486026 10.603297 0.272646
15.479799 -1.486026 11.093694 -0.155921
19.442647 -1.486026 11.003989 0.194839
23.405495 -1.486026 10.787620 0.283500
27.368343 -1.486026 10.606850 0.325068
31.331191 -1.486026 10.316649 0.649380
35.294039 -1.486026 10.657978 0.435873
39.256887 -1.486026 11.281691 -0.025952
43.219735 -1.486026 10.847464 0.157639
47.182583 -1.486026 10.651863 0.139087
51.145431 -1.486026 10.748215 0.180150
55.108279 -1.486026 10.088716 0.615123
59.071127 -1.486026 11.146312 -0.327191
63.033975 -1.486026 10.933030 -0.307030
66.996822 -1.486026 11.067273 -0.459183
-131.145575 -5.448874 -4.962701 13.003040
-127.182727 -5.448874 -5.344785 14.294930
-123.219879 -5.448874 2.955104 -17.732588
-119.257031 -5.448874 11.382944 -0.996528
-115.294183 -5.448874 -10.353218 11.285872
-111.331335 -5.448874 -0.053440 -1.230596
-107.368487 -5.448874 10.558780 -0.623985
-103.405639 -5.448874 11.674853 -0.558289
-99.442791 -5.448874 11.353255 -0.553996
-95.479943 -5.448874 11.523873 -0.528040
-91.517095 -5.448874 11.160797 -0.371519
-87.554247 -5.448874 11.318996 -0.323047
-83.591400 -5.448874 11.744529 -1.035566
-79.628552 -5.448874 11.405847 -0.266874
-75.665704 -5.448874 11.756811 0.558653
-71.702856 -5.448874 11.314376 0.116398
-67.740008 -5.448874 11.546689 0.259221
-63.777160 -5.448874 11.313592 -0.118955
-59.814312 -5.448874 11.428992 0.349291
-55.851464 -5.448874 11.508157 0.433419
-51.888616 -5.448874 11.769521 0.592668
-47.925768 -5.448874 11.387167 0.337778
-43.962920 -5.448874 11.184362 0.417396
-40.000072 -5.448874 11.049842 0.452794
-36.037224 -5.448874 11.496845 0.274394
-32.074376 -5.448874 11.048524 0.229793
-28.111528 -5.448874 10.998426 0.631581
-24.148680 -5.448874 11.076827 0.144270
-20.185832 -5.448874 11.170576 0.456900
-16.222984 -5.448874 10.786890 0.610272
-12.260136 -5.448874 11.052313 0.487696
-8.297289 -5.448874 10.963049 0.572375
-4.334441 -5.448874 11.168694 0.773330
-0.371593 -5.448874 11.106820 0.145662
3.591255 -5.448874 11.049271 0.555224
7.554103 -5.448874 10.491006 0.499247
11.516951 -5.448874 11.091846 0.387922
15.479799 -5.448874 10.945491 0.436703
19.442647 -5.448874 10.971644 0.487096
23.405495 -5.448874 10.762245 0.319372
27.368343 -5.448874 10.693397 0.183018
31.331191 -5.448874 10.814041 0.078929
35.294039 -5.448874 10.886710 0.224213
39.256887 -5.448874 11.105755 0.472994
43.219735 -5.448874 10.921637 0.046449
47.182583 -5.448874 10.778649 -0.167442
51.145431 -5.448874 11.074450 0.222535
55.108279 -5.448874 10.891217 0.079602
59.071127 -5.448874 10.847365 -0.390058
63.033975 -5.448874 10.494125 0.674107
66.996822 -5.448874 11.652667 0.160850
-131.145575 -9.411722 5.157918 -16.001425
-127.182727 -9.411722 6.183763 -4.292963
-123.219879 -9.411722 -6.712051 -8.633130
-119.257031 -9.411722 11.969559 0.369289
-115.294183 -9.411722 10.874466 -0.440377
-111.331335 -9.411722 10.230185 0.403772
-107.368487 -9.411722 11.010454 -0.415431
-103.405639 -9.411722 10.667412 0.314911
-99.442791 -9.411722 11.849844 0.359780
-95.479943 -9.411722 11.433292 -0.222525
-91.517095 -9.411722 11.463753 -0.254347
-87.554247 -9.411722 10.971905 -0.200181
-83.591400 -9.411722 11.656235 -0.269701
-79.628552 -9.411722 11.250740 -0.540282
-75.665704 -9.411722 11.433311 0.053910
-71.702856 -9.411722 11.595547 -0.056207
-67.740008 -9.411722 11.613221 0.196591
-63.777160 -9.411722 11.267595 0.074053
-59.814312 -9.411722 11.323180 0.302120
-55.851464 -9.411722 11.479262 0.221140
-51.888616 -9.411722 11.072677 0.375021
-47.925768 -9.411722 11.218836 0.239156
-43.962920 -9.411722 11.537350 0.286678
-40.000072 -9.411722 11.174919 0.527771
-36.037224 -9.411722 11.388698 0.496784
-32.074376 -9.411722 11.304460 0.361449
-28.111528 -9.411722 11.053416 0.208106
-24.148680 -9.411722 11.461032 0.269315
-20.185832 -9.411722 11.118168 0.464420
-16.222984 -9.411722 10.772286 0.389214
-12.260136 -9.411722 11.106160 0.433773
-8.297289 -9.411722 11.359792 0.366449
-4.334441 -9.411722 11.021228 0.147700
-0.371593 -9.411722 11.048352 0.494417
3.591255 -9.411722 11.284517 0.567390
7.554103 -9.411722 11.119356 0.323731
11.516951 -9.411722 10.668224 0.616914
15.479799 -9.411722 10.935016 0.323457
19.442647 -9.411722 10.821754 0.108548
23.405495 -9.411722 10.733676 0.163516
27.368343 -9.411722 11.018073 0.184163
31.331191 -9.411722 10.613552 0.251223
35.294039 -9.411722 10.591730 0.556306
39.256887 -9.411722 10.868529 -0.014969
43.219735 -9.411722 10.729835 -0.153993
47.182583 -9.411722 10.606495 0.388787
51.145431 -9.411722 10.412449 0.414409
55.108279 -9.411722 11.222555 0.348547
59.071127 -9.411722 10.723139 0.584952
63.033975 -9.411722 10.889535 0.667663
66.996822 -9.411722 10.630176 0.208538
-131.145575 -13.374570 10.911875 -10.445241
-127.182727 -13.374570 -9.474721 5.897396
-123.219879 -13.374570 12.731654 -7.351488
-119.257031 -13.374570 9.910356 0.263653
-115.294183 -13.374570 10.780744 0.450760
-111.331335 -13.374570 11.315007 0.403189
-107.368487 -13.374570 9.894857 0.203657
-103.405639 -13.374570 11.647184 -0.583953
-99.442791 -13.374570 11.647249 -0.561033
-95.479943 -13.374570 11.293949 -0.089001
-91.517095 -13.374570 11.669259 -0.112423
-87.554247 -13.374570 10.761849 -0.022894
-83.591400 -13.374570 11.621219 -0.044588
-79.628552 -13.374570 11.448216 -0.093749
-75.665704 -13.374570 11.588242 -0.046595
-71.702856 -13.374570 11.278422 -0.133500
-67.740008 -13.374570 11.556670 -0.196829
-63.777160 -13.374570 11.245028 0.131939
-59.814312 -13.374570 11.416862 0.369375
-55.851464 -13.374570 11.453882 0.146567
-51.888616 -13.374570 10.937809 0.080342
-47.925768 -13.374570 11.115092 0.033699
-43.962920 -13.374570 11.331847 -0.091482
-40.000072 -13.374570 11.649989 0.536779
-36.037224 -13.374570 11.482892 0.407801
-32.074376 -13.374570 10.971692 0.198828
-28.111528 -13.374570 11.085142 0.350739
-24.148680 -13.374570 11.191776 0.354447
-20.185832 -13.374570 11.275159 0.313143
-16.222984 -13.374570 11.196351 0.455047
-12.260136 -13.374570 11.097885 0.437412
-8.297289 -13.374570 10.813868 0.325964
-4.334441 -13.374570 11.345412 0.354792
-0.371593 -13.374570 10.804426 0.417795
3.591255 -13.374570 11.078880 0.267797
7.554103 -13.374570 11.047381 0.192929
11.516951 -13.374570 11.077162 -0.073125
15.479799 -13.374570 11.397924 0.333354
19.442647 -13.374570 10.873017 0.293901
23.405495 -13.374570 11.021481 0.111300
27.368343 -13.374570 10.802016 0.127807
31.331191 -13.374570 10.693594 -0.368540
35.294039 -13.374570 10.991757 0.294439
39.256887 -13.374570 10.936807 0.042239
43.219735 -13.374570 11.151147 -0.179635
47.182583 -13.374570 10.943924 0.112220
51.145431 -13.374570 11.199911 0.070775
55.108279 -13.374570 11.124738 0.199288
59.071127 -13.374570 10.899821 0.782130
63.033975 -13.374570 10.648997 0.233591
66.996822 -13.374570 10.753211 -0.067639
-131.145575 -17.337417 10.625051 -3.098846
-127.182727 -17.337417 17.712284 -12.175548
-123.219879 -17.337417 5.629646 16.175686
-119.257031 -17.337417 17.847031 4.609100
-115.294183 -17.337417 10.723317 0.913920
-111.331335 -17.337417 -8.907981 -7.888745
-107.368487 -17.337417 11.870321 -0.143360
-103.405639 -17.337417 10.679584 -0.697532
-99.442791 -17.337417 10.236427 -0.102711
-95.479943 -17.337417 10.725561 0.039365
-91.517095 -17.337417 10.901668 -0.399271
-87.554247 -17.337417 10.749784 0.136596
-83.591400 -17.337417 10.954230 -0.018329
-79.628552 -17.337417 11.882277 0.282812
-75.665704 -17.337417 11.190015 0.197243
-71.702856 -17.337417 11.088609 -0.572406
-67.740008 -17.337417 12.102956 0.037044
-63.777160 -17.337417 11.677386 -0.103275
-59.814312 -17.337417 11.368009 0.029782
-55.851464 -17.337417 11.422458 0.065574
-51.888616 -17.337417 11.693422 -0.099108
-47.925768 -17.337417 11.472444 0.239198
-43.962920 -17.337417 11.499475 0.245999
-40.000072 -17.337417 11.644672 0.225165
-36.037224 -17.337417 11.131364 0.306519
-32.074376 -17.337417 10.832484 0.192320
-28.111528 -17.337417 10.933927 0.484573
-24.148680 -17.337417 11.525749 0.449600
-20.185832 -17.337417 11.063006 0.020383
-16.222984 -17.337417 11.221251 0.602383
-12.260136 -17.337417 11.062144 0.266221
-8.297289 -17.337417 11.187296 0.294555
-4.334441 -17.337417 10.880108 0.532545
-0.371593 -17.337417 11.986073 0.583611
3.591255 -17.337417 11.345087 0.370468
7.554103 -17.337417 11.210405 -0.099888
11.516951 -17.337417 11.058278 0.088461
15.479799 -17.337417 11.553064 -0.408145
19.442647 -17.337417 10.880163 0.532600
23.405495 -17.337417 10.691813 0.368061
27.368343 -17.337417 11.060227 -0.088584
31.331191 -17.337417 11.419843 0.189305
35.294039 -17.337417 11.557243 0.247634
39.256887 -17.337417 10.811234 0.092006
43.219735 -17.337417 11.307136 0.602297
47.182583 -17.337417 10.581327 0.391801
51.145431 -17.337417 10.940376 0.254154
55.108279 -17.337417 10.957354 0.678322
59.071127 -17.337417 10.738383 -0.151788
63.033975 -17.337417 10.537823 0.934375
66.996822 -17.337417 11.035069 -0.143072
-131.145575 -21.300265 8.050730 -0.098592
-127.182727 -21.300265 4.576364 8.689820
-123.219879 -21.300265 -6.969245 -0.096320
-119.257031 -21.300265 15.887978 13.543014
-115.294183 -21.300265 9.717194 -17.403139
-111.331335 -21.300265 11.427749 -0.618647
-107.368487 -21.300265 11.758058 -0.479223
-103.405639 -21.300265 11.622585 0.064159
-99.442791 -21.300265 -4.270342 2.520547
-95.479943 -21.300265 10.612138 -0.484215
-91.517095 -21.300265 11.555429 0.063741
-87.554247 -21.300265 10.829871 0.499901
-83.591400 -21.300265 11.984437 -0.656916
-79.628552 -21.300265 11.427293 -0.472119
-75.665704 -21.300265 12.181054 0.428168
-71.702856 -21.300265 11.454890 0.199685
-67.740008 -21.300265 10.879161 0.542991
-63.777160 -21.300265 11.168981 0.260701
-59.814312 -21.300265 11.539984 0.274265
-55.851464 -21.300265 11.312792 0.656589
-51.888616 -21.300265 11.751716 -0.086071
-47.925768 -21.300265 11.155659 0.439970
-43.962920 -21.300265 10.909802 0.659532
-40.000072 -21.300265 11.326280 0.167261
-36.037224 -21.300265 11.624209 0.838882
-32.074376 -21.300265 11.173188 0.125798
-28.111528 -21.300265 11.275520 0.248531
-24.148680 -21.300265 10.863463 0.544679
-20.185832 -21.300265 11.260179 0.224099
-16.222984 -21.300265 10.628951 0.658168
-12.260136 -21.300265 11.205177 0.020386
-8.297289 -21.300265 11.067960 0.511986
-4.334441 -21.300265 11.480287 0.170678
-0.371593 -21.300265 10.612507 -0.281556
3.591255 -21.300265 10.857650 0.471563
7.554103 -21.300265 10.972028 0.375728
11.516951 -21.300265 11.057341 0.087774
15.479799 -21.300265 10.899662 0.189113
19.442647 -21.300265 10.645235 0.248816
23.405495 -21.300265 11.012206 0.125664
27.368343 -21.300265 11.632038 -0.105207
31.331191 -21.300265 11.153839 0.503917
35.294039 -21.300265 10.391953 0.430926
39.256887 -21.300265 10.767762 0.459615
43.219735 -21.300265 10.896119 0.351356
47.182583 -21.300265 10.919202 -0.532259
51.145431 -21.300265 11.020114 0.297857
55.108279 -21.300265 11.282262 -0.261499
59.071127 -21.300265 10.655052 0.195668
63.033975 -21.300265 10.552592 0.360025
66.996822 -21.300265 10.631949 0.561825
-131.145575 -25.263113 -10.734387 -6.675292
-127.182727 -25.263113 9.750655 -16.763439
-123.219879 -25.263113 7.633387 -12.730783
-119.257031 -25.263113 -3.040026 10.017869
-115.294183 -25.263113 10.977474 0.078951
-111.331335 -25.263113 11.968522 -0.152201
-107.368487 -25.263113 10.703992 -0.203228
-103.405639 -25.263113 13.538656 12.566575
-99.442791 -25.263113 11.952680 -0.299390
-95.479943 -25.263113 11.831324 0.008511
-91.517095 -25.263113 12.512477 0.634525
-87.554247 -25.263113 11.059160 0.222957
-83.591400 -25.263113 11.511171 -0.071782
-79.628552 -25.263113 11.536987 0.000834
-75.665704 -25.263113 11.108081 0.132361
-71.702856 -25.263113 11.120363 0.058786
-67.740008 -25.263113 11.463020 -0.085595
-63.777160 -25.263113 11.329729 -0.182591
-59.814312 -25.263113 10.258879 0.247098
-55.851464 -25.263113 10.867363 -0.029475
-51.888616 -25.263113 11.133492 0.194162
-47.925768 -25.263113 10.968195 0.254609
-43.962920 -25.263113 10.719871 0.541744
-40.000072 -25.263113 11.228219 0.160664
-36.037224 -25.263113 11.473570 0.408407
-32.074376 -25.263113 11.145739 0.397535
-28.111528 -25.263113 10.999820 0.145628
-24.148680 -25.263113 11.043349 0.407079
-20.185832 -25.263113 11.360204 0.010087
-16.222984 -25.263113 11.060664 -0.327617
-12.260136 -25.263113 10.908361 0.156034
-8.297289 -25.263113 11.040509 0.149647
-4.334441 -25.263113 11.574763 0.050613
-0.371593 -25.263113 11.036174 0.232287
3.591255 -25.263113 10.921909 0.701568
7.554103 -25.263113 10.410446 0.508829
11.516951 -25.263113 10.794227 0.582873
15.479799 -25.263113 11.230697 0.138610
19.442647 -25.263113 10.874044 -0.200301
23.405495 -25.263113 10.873947 0.227300
27.368343 -25.263113 10.833819 0.167379
31.331191 -25.263113 10.980299 0.758178
35.294039 -25.263113 10.875375 -0.035946
39.256887 -25.263113 10.407039 -0.267890
43.219735 -25.263113 10.883832 0.508851
47.182583 -25.263113 10.932145 0.058922
51.145431 -25.263113 11.330719 -0.470766
55.108279 -25.263113 11.272647 0.946803
59.071127 -25.263113 11.098521 0.359564
63.033975 -25.263113 10.775580 -0.132187
66.996822 -25.263113 10.485523 -0.406863
-131.145575 -29.225961 -0.826620 -4.200530
-127.182727 -29.225961 17.870625 12.334302
-123.219879 -29.225961 0.443465 -13.831339
-119.257031 -29.225961 -7.130506 5.730992
-115.294183 -29.225961 -9.186712 -11.356186
-111.331335 -29.225961 10.812161 0.163156
-107.368487 -29.225961 11.658119 -0.564586
-103.405639 -29.225961 11.792080 -0.780808
-99.442791 -29.225961 11.563734 -0.173138
-95.479943 -29.225961 12.093421 -0.081097
-91.517095 -29.225961 10.525070 -0.273125
-87.554247 -29.225961 11.039546 -0.043358
-83.591400 -29.225961 11.419047 0.040190
-79.628552 -29.225961 11.328854 -0.445229
-75.665704 -29.225961 12.340248 0.252449
-71.702856 -29.225961 11.386275 0.113107
-67.740008 -29.225961 11.392733 -0.491440
-63.777160 -29.225961 11.122347 0.396441
-59.814312 -29.225961 11.658705 0.231958
-55.851464 -29.225961 11.071818 0.386054
-51.888616 -29.225961 11.288218 0.639774
-47.925768 -29.225961 10.935910 -0.138436
-43.962920 -29.225961 11.261143 0.265099
-40.000072 -29.225961 11.442897 0.473694
-36.037224 -29.225961 11.115547 0.102422
-32.074376 -29.225961 11.456208 0.004332
-28.111528 -29.225961 10.745191 0.280031
-24.148680 -29.225961 11.107594 0.358972
-20.185832 -29.225961 10.941525 0.358551
-16.222984 -29.225961 11.181318 0.398186
-12.260136 -29.225961 10.577114 0.021831
-8.297289 -29.225961 11.401583 0.092563
-4.334441 -29.225961 11.101248 0.301284
-0.371593 -29.225961 9.981098 0.452607
3.591255 -29.225961 10.764152 0.209750
7.554103 -29.225961 10.973394 0.617422
11.516951 -29.225961 11.195218 0.160062
15.479799 -29.225961 11.450216 0.300029
19.442647 -29.225961 11.392130 0.358222
23.405495 -29.225961 10.582588 0.618329
27.368343 -29.225961 10.943842 0.123291
31.331191 -29.225961 10.676332 0.538101
35.294039 -29.225961 10.800694 0.029556
39.256887 -29.225961 11.281544 0.141774
43.219735 -29.225961 10.834200 0.511680
47.182583 -29.225961 10.852711 0.863346
51.145431 -29.225961 10.686747 -0.525309
55.108279 -29.225961 10.821264 0.960141
59.071127 -29.225961 10.629600 -0.388892
63.033975 -29.225961 10.549049 0.910879
66.996822 -29.225961 10.869527 0.437790
-131.145575 -33.188809 -7.978737 -14.477844
-127.182727 -33.188809 -5.163599 -8.353256
-123.219879 -33.188809 -4.293413 14.929994
-119.257031 -33.188809 -6.000954 2.224165
-115.294183 -33.188809 11.220764 -2.939138
-111.331335 -33.188809 11.443034 3.035336
-107.368487 -33.188809 11.230496 -0.013018
-103.405639 -33.188809 12.580622 -0.564617
-99.442791 -33.188809 2.563278 -9.022794
-95.479943 -33.188809 10.686209 -0.496965
-91.517095 -33.188809 10.618947 0.153497
-87.554247 -33.188809 10.142972 0.622259
-83.591400 -33.188809 11.442747 0.201977
-79.628552 -33.188809 11.166527 0.442354
-75.665704 -33.188809 11.206245 -0.292011
-71.702856 -33.188809 10.656144 -0.611201
-67.740008 -33.188809 10.616240 0.210089
-63.777160 -33.188809 11.065263 0.259259
-59.814312 -33.188809 10.991257 0.115701
-55.851464 -33.188809 11.149342 0.538979
-51.888616 -33.188809 11.643585 -0.008572
-47.925768 -33.188809 11.307832 -0.036049
-43.962920 -33.188809 11.168635 0.637007
-40.000072 -33.188809 11.808487 -0.088537
-36.037224 -33.188809 11.023768 0.259520
-32.074376 -33.188809 11.002572 0.060117
-28.111528 -33.188809 11.364204 0.329605
-24.148680 -33.188809 10.647645 0.325614
-20.185832 -33.188809 12.026363 -0.018453
-16.222984 -33.188809 11.078823 -0.029230
-12.260136 -33.188809 11.398772 0.432183
-8.297289 -33.188809 10.680567 0.490962
-4.334441 -33.188809 11.683167 0.205278
-0.371593 -33.188809 11.152154 0.298044
3.591255 -33.188809 10.714524 0.045778
7.554103 -33.188809 12.113370 0.192785
11.516951 -33.188809 10.888869 0.318102
15.479799 -33.188809 10.748343 0.187325
19.442647 -33.188809 10.176793 0.179331
23.405495 -33.188809 10.694850 0.843932
27.368343 -33.188809 10.203978 0.500382
31.331191 -33.188809 10.415860 0.058694
35.294039 -33.188809 10.257449 0.785092
39.256887 -33.188809 11.154704 0.681321
43.219735 -33.188809 11.121323 0.270261
47.182583 -33.188809 11.678582 0.367507
51.145431 -33.188809 11.283894 -0.094257
55.108279 -33.188809 11.815828 -0.247007
59.071127 -33.188809 12.063499 0.962288
63.033975 -33.188809 9.411609 -0.635684
66.996822 -33.188809 1.884439 -13.178763
-131.145575 -37.151657 8.358850 -4.154661
-127.182727 -37.151657 -0.189203 0.879286
-123.219879 -37.151657 -9.730280 -7.034534
-119.257031 -37.151657 16.789156 2.436977
-115.294183 -37.151657 12.633473 0.527353
-111.331335 -37.151657 12.501474 -3.604620
-107.368487 -37.151657 9.610105 -1.574024
-103.405639 -37.151657 9.432002 -0.109267
-99.442791 -37.151657 12.150300 0.229746
-95.479943 -37.151657 10.861084 0.133755
-91.517095 -37.151657 10.831651 0.597896
-87.554247 -37.151657 11.866311 -0.295018
-83.591400 -37.151657 10.495085 -0.361435
-79.628552 -37.151657 12.346274 0.238030
-75.665704 -37.151657 11.745291 -0.009154
-71.702856 -37.151657 10.642104 0.438211
-67.740008 -37.151657 11.220038 0.242315
-63.777160 -37.151657 10.303750 0.599583
-59.814312 -37.151657 11.554156 0.223030
-55.851464 -37.151657 11.048622 0.170967
-51.888616 -37.151657 11.691275 0.300277
-47.925768 -37.151657 10.981312 0.406688
-43.962920 -37.151657 10.781527 0.205939
-40.000072 -37.151657 11.408676 0.541698
-36.037224 -37.151657 11.516272 0.356180
-32.074376 -37.151657 9.810019 0.151710
-28.111528 -37.151657 10.693428 0.858635
-24.148680 -37.151657 10.788835 -0.339069
-20.185832 -37.151657 10.810076 0.836246
-16.222984 -37.151657 11.091983 0.409984
-12.260136 -37.151657 11.423367 0.568924
-8.297289 -37.151657 11.049211 0.070251
-4.334441 -37.151657 11.112200 0.548246
-0.371593 -37.151657 11.459161 -0.144184
3.591255 -37.151657 10.992946 0.027829
7.554103 -37.151657 11.403270 -0.252028
11.516951 -37.151657 10.168529 1.052605
15.479799 -37.151657 11.785681 -0.054665
19.442647 -37.151657 11.086345 0.399171
23.405495 -37.151657 10.673645 0.144573
27.368343 -37.151657 10.006305 0.087239
31.331191 -37.151657 10.483325 -0.115687
35.294039 -37.151657 11.570351 0.619145
39.256887 -37.151657 10.680957 -0.134189
43.219735 -37.151657 11.049401 0.167947
47.182583 -37.151657 10.900600 0.276917
51.145431 -37.151657 10.427450 0.890395
55.108279 -37.151657 10.693416 -0.491891
59.071127 -37.151657 10.435737 0.844172
63.033975 -37.151657 10.417115 1.564983
66.996822 -37.151657 9.145147 0.396341
-131.145575 -41.114505 -13.843708 -3.758044
-127.182727 -41.114505 -10.403160 -17.558718
-123.219879 -41.114505 15.631788 8.836605
-119.257031 -41.114505 -12.522230 1.884276
-115.294183 -41.114505 -5.928347 7.563995
-111.331335 -41.114505 -2.099355 12.818543
-107.368487 -41.114505 9.571200 0.308552
-103.405639 -41.114505 10.809937 0.673690
-99.442791 -41.114505 10.693088 -0.696621
-95.479943 -41.114505 11.914321 -0.276135
-91.517095 -41.114505 10.187256 0.533965
-87.554247 -41.114505 11.007795 0.485565
-83.591400 -41.114505 10.865244 -0.499637
-79.628552 -41.114505 11.642896 -0.849046
-75.665704 -41.114505 11.116386 0.187207
-71.702856 -41.114505 10.708909 0.353667
-67.740008 -41.114505 10.940656 0.166157
-63.777160 -41.114505 11.732292 -0.509844
-59.814312 -41.114505 10.843144 0.232071
-55.851464 -41.114505 10.846035 -0.069470
-51.888616 -41.114505 10.679241 0.971211
-47.925768 -41.114505 11.622055 0.101950
-43.962920 -41.114505 10.403247 0.030277
-40.000072 -41.114505 11.480311 -0.554987
-36.037224 -41.114505 10.799324 -0.195147
-32.074376 -41.114505 10.761900 0.557233
-28.111528 -41.114505 11.229699 0.197772
-24.148680 -41.114505 11.127684 0.302867
-20.185832 -41.114505 10.444930 -0.180667
-16.222984 -41.114505 11.111392 0.164556
-12.260136 -41.114505 11.215445 0.321888
-8.297289 -41.114505 10.599648 0.176997
-4.334441 -41.114505 10.582762 -0.336979
-0.371593 -41.114505 10.599486 -0.236366
3.591255 -41.114505 11.079642 0.380437
7.554103 -41.114505 10.986359 0.602291
11.516951 -41.114505 11.409383 -0.156555
15.479799 -41.114505 10.615662 0.787098
19.442647 -41.114505 10.671329 0.621194
23.405495 -41.114505 10.781266 0.504293
27.368343 -41.114505 10.505051 -0.254465
31.331191 -41.114505 10.526468 0.403820
35.294039 -41.114505 10.327912 0.336036
39.256887 -41.114505 10.557100 0.817693
43.219735 -41.114505 10.513263 0.027369
47.182583 -41.114505 10.487043 0.171383
51.145431 -41.114505 11.062146 1.485213
55.108279 -41.114505 10.537745 1.006904
59.071127 -41.114505 11.783165 0.390432
63.033975 -41.114505 11.279912 -0.422644
66.996822 -41.114505 10.335580 -0.166402
-131.145575 -45.077353 -16.541285 -17.950380
-127.182727 -45.077353 4.620529 11.085306
-123.219879 -45.077353 9.926266 -16.991516
-119.257031 -45.077353 -9.848259 -14.746502
-115.294183 -45.077353 -10.663023 -14.255020
-111.331335 -45.077353 10.572766 7.721162
-107.368487 -45.077353 11.556005 0.322332
-103.405639 -45.077353 11.411190 -0.461485
-99.442791 -45.077353 11.137937 1.055745
-95.479943 -45.077353 11.573995 -1.119536
-91.517095 -45.077353 10.021325 0.829194
-87.554247 -45.077353 10.726945 0.480516
-83.591400 -45.077353 11.465069 -0.246428
-79.628552 -45.077353 10.518613 0.158753
-75.665704 -45.077353 10.109909 0.621194
-71.702856 -45.077353 11.306549 0.126510
-67.740008 -45.077353 10.672577 0.009159
-63.777160 -45.077353 11.486240 -0.116556
-59.814312 -45.077353 10.881422 0.146292
-55.851464 -45.077353 10.989916 0.460276
-51.888616 -45.077353 11.846822 0.255661
-47.925768 -45.077353 11.039823 -0.019496
-43.962920 -45.077353 11.299413 0.016217
-40.000072 -45.077353 11.297183 -0.055399
-36.037224 -45.077353 11.439845 0.301803
-32.074376 -45.077353 10.892837 0.583666
-28.111528 -45.077353 11.059198 0.066825
-24.148680 -45.077353 10.915010 0.132097
-20.185832 -45.077353 11.449002 0.171140
-16.222984 -45.077353 10.595136 0.607507
-12.260136 -45.077353 11.097208 -0.060095
-8.297289 -45.077353 10.231416 0.514320
-4.334441 -45.077353 10.672823 0.365496
-0.371593 -45.077353 10.175335 -0.423056
3.591255 -45.077353 11.239010 0.365790
7.554103 -45.077353 10.776899 0.727071
11.516951 -45.077353 10.483606 0.072458
15.479799 -45.077353 11.788800 0.193517
19.442647 -45.077353 10.657241 -0.494597
23.405495 -45.077353 9.893175 0.640982
27.368343 -45.077353 10.754233 -0.194892
31.331191 -45.077353 10.896652 0.109995
35.294039 -45.077353 10.925659 0.417987
39.256887 -45.077353 11.057846 -0.333986
43.219735 -45.077353 9.820566 -1.043096
47.182583 -45.077353 11.813057 1.147248
51.145431 -45.077353 9.556311 -0.349018
55.108279 -45.077353 11.254737 -0.146251
59.071127 -45.077353 11.566669 -0.460155
63.033975 -45.077353 12.539224 0.625303
66.996822 -45.077353 0.202617 -8.115618
-131.145575 -49.040201 -0.275381 11.579861
-127.182727 -49.040201 -16.189119 -12.271935
-123.219879 -49.040201 -0.941114 -1.525708
-119.257031 -49.040201 -2.722701 5.007288
-115.294183 -49.040201 11.913815 8.894242
-111.331335 -49.040201 11.363513 2.334325
-107.368487 -49.040201 10.223246 0.073821
-103.405639 -49.040201 8.454083 0.123145
-99.442791 -49.040201 13.952456 -2.502600
-95.479943 -49.040201 10.564533 0.368952
-91.517095 -49.040201 10.612162 -0.160126
-87.554247 -49.040201 10.068583 -0.511093
-83.591400 -49.040201 10.626929 -0.283654
-79.628552 -49.040201 12.891769 -0.325522
-75.665704 -49.040201 10.952543 0.124914
-71.702856 -49.040201 9.726678 -17.304018
-67.740008 -49.040201 12.156942 0.652425
-63.777160 -49.040201 11.313103 0.455846
-59.814312 -49.040201 11.028661 -0.164952
-55.851464 -49.040201 11.396042 0.465703
-51.888616 -49.040201 10.885702 0.086542
-47.925768 -49.040201 11.640715 0.144243
-43.962920 -49.040201 11.068728 0.110877
-40.000072 -49.040201 11.548537 0.683033
-36.037224 -49.040201 9.812453 -0.312464
-32.074376 -49.040201 11.846809 0.735603
-28.111528 -49.040201 11.032126 0.636688
-24.148680 -49.040201 10.141888 0.424300
-20.185832 -49.040201 10.433163 0.978231
-16.222984 -49.040201 10.062564 0.036622
-12.260136 -49.040201 10.553084 0.533187
-8.297289 -49.040201 10.183306 1.655733
-4.334441 -49.040201 11.652788 -0.143415
-0.371593 -49.040201 10.121240 -0.464157
3.591255 -49.040201 11.230685 0.664489
7.554103 -49.040201 10.785137 0.488516
11.516951 -49.040201 10.995380 -0.199711
15.479799 -49.040201 10.791303 0.228115
19.442647 -49.040201 10.433486 -0.505631
23.405495 -49.040201 13.183305 0.278306
27.368343 -49.040201 10.999589 0.277009
31.331191 -49.040201 10.051072 0.243175
35.294039 -49.040201 10.767841 -0.292622
39.256887 -49.040201 12.628583 2.806180
43.219735 -49.040201 10.807042 1.787629
47.182583 -49.040201 9.710378 0.784422
51.145431 -49.040201 10.695076 0.879968
55.108279 -49.040201 13.300402 -0.712904
59.071127 -49.040201 2.480053 -4.763534
63.033975 -49.040201 9.933918 -1.681422
66.996822 -49.040201 10.922020 0.480039
-131.145575 -53.003049 0.000000 0.000000
-127.182727 -53.003049 0.000000 0.000000
-123.219879 -53.003049 0.000000 0.000000
-119.257031 -53.003049 0.000000 0.000000
-115.294183 -53.003049 0.000000 0.000000
-111.331335 -53.003049 0.000000 0.000000
-107.368487 -53.003049 0.000000 0.000000
-103.405639 -53.003049 0.000000 0.000000
-99.442791 -53.003049 0.000000 0.000000
-95.479943 -53.003049 0.000000 0.000000
-91.517095 -53.003049 0.000000 0.000000
-87.554247 -53.003049 0.000000 0.000000
-83.591400 -53.003049 0.000000 0.000000
-79.628552 -53.003049 0.000000 0.000000
-75.665704 -53.003049 0.000000 0.000000
-71.702856 -53.003049 0.000000 0.000000
-67.740008 -53.003049 0.000000 0.000000
-63.777160 -53.003049 0.000000 0.000000
-59.814312 -53.003049 0.000000 0.000000
-55.851464 -53.003049 0.000000 0.000000
-51.888616 -53.003049 0.000000 0.000000
-47.925768 -53.003049 0.000000 0.000000
-43.962920 -53.003049 0.000000 0.000000
-40.000072 -53.003049 0.000000 0.000000
-36.037224 -53.003049 0.000000 0.000000
-32.074376 -53.003049 0.000000 0.000000
-28.111528 -53.003049 0.000000 0.000000
-24.148680 -53.003049 0.000000 0.000000
-20.185832 -53.003049 0.000000 0.000000
-16.222984 -53.003049 0.000000 0.000000
-12.260136 -53.003049 0.000000 0.000000
-8.297289 -53.003049 0.000000 0.000000
-4.334441 -53.003049 0.000000 0.000000
-0.371593 -53.003049 0.000000 0.000000
3.591255 -53.003049 0.000000 0.000000
7.554103 -53.003049 0.000000 0.000000
11.516951 -53.003049 0.000000 0.000000
15.479799 -53.003049 0.000000 0.000000
19.442647 -53.003049 0.000000 0.000000
23.405495 -53.003049 0.000000 0.000000
27.368343 -53.003049 0.000000 0.000000
31.331191 -53.003049 0.000000 0.000000
35.294039 -53.003049 0.000000 0.000000
39.256887 -53.003049 0.000000 0.000000
43.219735 -53.003049 0.000000 0.000000
47.182583 -53.003049 0.000000 0.000000
51.145431 -53.003049 0.000000 0.000000
55.108279 -53.003049 0.000000 0.000000
59.071127 -53.003049 0.000000 0.000000
63.033975 -53.003049 0.000000 0.000000
66.996822 -53.003049 0.000000 0.000000
