TITLE = "B00002"
VARIABLES = "position", "position(2)", "Vx", "Vy"
ZONE T="Frame 0", I=51, J=39
-131.145575 97.585173 11.462842 0.313739
-127.182727 97.585173 10.820838 0.700139
-123.219879 97.585173 11.291609 0.464122
-119.257031 97.585173 11.106998 0.276329
-115.294183 97.585173 11.060782 0.519780
-111.331335 97.585173 0.000000 0.000000
-107.368487 97.585173 0.000000 0.000000
-103.405639 97.585173 0.000000 0.000000
-99.442791 97.585173 0.000000 0.000000
-95.479943 97.585173 0.000000 0.000000
-91.517095 97.585173 0.000000 0.000000
-87.554247 97.585173 11.261310 0.285809
-83.591400 97.585173 11.597738 0.319969
-79.628552 97.585173 11.481798 0.175404
-75.665704 97.585173 11.413054 0.273701
-71.702856 97.585173 11.571034 0.108273
-67.740008 97.585173 11.468503 0.250377
-63.777160 97.585173 11.484736 0.124156
-59.814312 97.585173 11.545614 0.259558
-55.851464 97.585173 11.528041 0.232976
-51.888616 97.585173 11.598987 -0.004006
-47.925768 97.585173 11.433829 0.049986
-43.962920 97.585173 11.144358 0.213156
-40.000072 97.585173 11.801704 0.079516
-36.037224 97.585173 11.504666 0.047626
-32.074376 97.585173 11.190728 0.021854
-28.111528 97.585173 11.399037 -0.251019
-24.148680 97.585173 11.363298 -0.228088
-20.185832 97.585173 11.265973 -0.269755
-16.222984 97.585173 11.412309 0.034433
-12.260136 97.585173 0.000000 0.000000
-8.297289 97.585173 0.000000 0.000000
-4.334441 97.585173 0.000000 0.000000
-0.371593 97.585173 10.989447 -0.156686
3.591255 97.585173 11.168698 -0.192302
7.554103 97.585173 11.113492 0.015500
11.516951 97.585173 11.106380 -0.206709
15.479799 97.585173 11.348808 -0.086930
19.442647 97.585173 11.018760 -0.022598
23.405495 97.585173 11.015610 -0.143444
27.368343 97.585173 11.037179 0.140554
31.331191 97.585173 11.016795 0.078804
35.294039 97.585173 10.930212 -0.010746
39.256887 97.585173 10.990384 0.041008
43.219735 97.585173 10.994966 0.017172
47.182583 97.585173 10.964139 -0.012756
51.145431 97.585173 10.923413 0.278783
55.108279 97.585173 11.185635 0.315729
59.071127 97.585173 10.898443 0.241158
63.033975 97.585173 10.990037 -0.164224
66.996822 97.585173 10.901188 -0.071042
-131.145575 93.622325 11.118358 0.161869
-127.182727 93.622325 11.025585 0.333341
-123.219879 93.622325 11.351679 0.611986
-119.257031 93.622325 11.187618 0.496249
-115.294183 93.622325 11.482415 0.365658
-111.331335 93.622325 0.000000 0.000000
-107.368487 93.622325 0.000000 0.000000
-103.405639 93.622325 0.000000 0.000000
-99.442791 93.622325 0.000000 0.000000
-95.479943 93.622325 0.000000 0.000000
-91.517095 93.622325 0.000000 0.000000
-87.554247 93.622325 11.485797 0.388644
-83.591400 93.622325 11.486059 0.311940
-79.628552 93.622325 11.338281 0.342461
-75.665704 93.622325 11.340197 0.265763
-71.702856 93.622325 11.359158 0.193616
-67.740008 93.622325 11.539793 0.062682
-63.777160 93.622325 11.394562 0.279084
-59.814312 93.622325 11.345892 -0.011298
-55.851464 93.622325 11.616940 0.176536
-51.888616 93.622325 11.634986 0.063491
-47.925768 93.622325 11.247533 -0.063082
-43.962920 93.622325 11.511854 0.031859
-40.000072 93.622325 11.571647 -0.095606
-36.037224 93.622325 11.370440 -0.058879
-32.074376 93.622325 11.246113 -0.114362
-28.111528 93.622325 11.260887 0.034798
-24.148680 93.622325 11.334708 -0.148204
-20.185832 93.622325 11.376772 -0.200651
-16.222984 93.622325 11.191150 0.031626
-12.260136 93.622325 0.000000 0.000000
-8.297289 93.622325 0.000000 0.000000
-4.334441 93.622325 0.000000 0.000000
-0.371593 93.622325 11.316781 -0.071150
3.591255 93.622325 11.082925 -0.303540
7.554103 93.622325 11.258239 0.025194
11.516951 93.622325 11.114884 -0.132249
15.479799 93.622325 11.075128 -0.033978
19.442647 93.622325 10.983862 -0.027618
23.405495 93.622325 11.058993 -0.004775
27.368343 93.622325 11.085468 -0.083323
31.331191 93.622325 10.995070 0.011268
35.294039 93.622325 11.037540 0.127745
39.256887 93.622325 10.988877 0.044803
43.219735 93.622325 10.932603 -0.005810
47.182583 93.622325 11.088165 0.022269
51.145431 93.622325 11.041841 -0.069305
55.108279 93.622325 10.806439 0.232624
59.071127 93.622325 10.841667 0.180890
63.033975 93.622325 10.967344 -0.220116
66.996822 93.622325 10.935973 -0.011179
-131.145575 89.659477 11.247711 0.556369
-127.182727 89.659477 11.180000 -0.076989
-123.219879 89.659477 10.992452 0.406276
-119.257031 89.659477 11.259849 0.328878
-115.294183 89.659477 10.982208 0.650366
-111.331335 89.659477 0.000000 0.000000
-107.368487 89.659477 0.000000 0.000000
-103.405639 89.659477 0.000000 0.000000
-99.442791 89.659477 0.000000 0.000000
-95.479943 89.659477 0.000000 0.000000
-91.517095 89.659477 0.000000 0.000000
-87.554247 89.659477 11.367155 0.295635
-83.591400 89.659477 11.479424 0.318393
-79.628552 89.659477 11.788516 0.415437
-75.665704 89.659477 11.505476 0.237299
-71.702856 89.659477 11.546058 0.271880
-67.740008 89.659477 11.473261 0.160577
-63.777160 89.659477 11.499002 0.060654
-59.814312 89.659477 11.493746 0.164787
-55.851464 89.659477 11.491982 -0.038050
-51.888616 89.659477 11.563355 0.088905
-47.925768 89.659477 11.372125 -0.053841
-43.962920 89.659477 11.501557 -0.181497
-40.000072 89.659477 11.359773 0.172385
-36.037224 89.659477 11.381183 -0.136010
-32.074376 89.659477 11.320827 -0.086676
-28.111528 89.659477 11.438546 -0.000693
-24.148680 89.659477 11.288174 -0.118179
-20.185832 89.659477 11.088618 -0.138782
-16.222984 89.659477 11.200279 0.020206
-12.260136 89.659477 0.000000 0.000000
-8.297289 89.659477 0.000000 0.000000
-4.334441 89.659477 0.000000 0.000000
-0.371593 89.659477 11.122334 -0.124207
3.591255 89.659477 11.378809 -0.043246
7.554103 89.659477 11.172834 -0.007871
11.516951 89.659477 11.172805 -0.137656
15.479799 89.659477 11.062462 -0.238719
19.442647 89.659477 10.909121 0.055053
23.405495 89.659477 11.066451 -0.104504
27.368343 89.659477 10.857129 -0.090337
31.331191 89.659477 11.082937 -0.059856
35.294039 89.659477 10.971013 -0.076534
39.256887 89.659477 11.008193 -0.139507
43.219735 89.659477 11.031683 0.043096
47.182583 89.659477 11.056948 -0.211141
51.145431 89.659477 10.954079 0.005723
55.108279 89.659477 11.129387 -0.090559
59.071127 89.659477 10.824779 -0.008212
63.033975 89.659477 11.113670 0.123571
66.996822 89.659477 11.009627 0.057875
-131.145575 85.696629 -14.803782 -12.834256
-127.182727 85.696629 -12.610477 -3.134385
-123.219879 85.696629 11.129086 0.525984
-119.257031 85.696629 11.286995 0.691996
-115.294183 85.696629 10.996099 0.630381
-111.331335 85.696629 0.000000 0.000000
-107.368487 85.696629 0.000000 0.000000
-103.405639 85.696629 0.000000 0.000000
-99.442791 85.696629 0.000000 0.000000
-95.479943 85.696629 0.000000 0.000000
-91.517095 85.696629 0.000000 0.000000
-87.554247 85.696629 11.538224 0.347058
-83.591400 85.696629 11.546921 0.303229
-79.628552 85.696629 11.448701 0.375295
-75.665704 85.696629 11.607008 0.260557
-71.702856 85.696629 11.569090 0.294167
-67.740008 85.696629 11.593303 0.252415
-63.777160 85.696629 11.724358 0.148380
-59.814312 85.696629 11.526467 0.084216
-55.851464 85.696629 11.659590 0.033059
-51.888616 85.696629 11.623812 0.145547
-47.925768 85.696629 11.578246 -0.001684
-43.962920 85.696629 11.525107 -0.127674
-40.000072 85.696629 11.591074 0.129323
-36.037224 85.696629 11.504676 -0.186627
-32.074376 85.696629 11.498277 -0.198081
-28.111528 85.696629 11.441038 -0.232218
-24.148680 85.696629 11.287902 -0.134148
-20.185832 85.696629 11.350628 0.001339
-16.222984 85.696629 11.279420 -0.174806
-12.260136 85.696629 0.000000 0.000000
-8.297289 85.696629 0.000000 0.000000
-4.334441 85.696629 0.000000 0.000000
-0.371593 85.696629 11.205479 -0.037050
3.591255 85.696629 11.051609 -0.217999
7.554103 85.696629 11.153015 0.065357
11.516951 85.696629 10.981071 -0.079636
15.479799 85.696629 10.927952 -0.005516
19.442647 85.696629 10.956149 -0.118025
23.405495 85.696629 11.001259 -0.046996
27.368343 85.696629 10.985679 0.191778
31.331191 85.696629 10.990996 0.060859
35.294039 85.696629 11.070857 0.038634
39.256887 85.696629 10.916508 -0.076472
43.219735 85.696629 10.947558 -0.054534
47.182583 85.696629 11.116857 -0.093625
51.145431 85.696629 11.043742 -0.099151
55.108279 85.696629 10.964573 0.213029
59.071127 85.696629 11.109348 -0.026848
63.033975 85.696629 11.052804 -0.129123
66.996822 85.696629 10.981895 0.020524
-131.145575 81.733781 11.283013 1.869547
-127.182727 81.733781 11.017287 0.590717
-123.219879 81.733781 11.256451 0.477093
-119.257031 81.733781 11.481680 0.428107
-115.294183 81.733781 11.110831 0.552515
-111.331335 81.733781 0.000000 0.000000
-107.368487 81.733781 0.000000 0.000000
-103.405639 81.733781 0.000000 0.000000
-99.442791 81.733781 0.000000 0.000000
-95.479943 81.733781 0.000000 0.000000
-91.517095 81.733781 0.000000 0.000000
-87.554247 81.733781 11.632993 0.395435
-83.591400 81.733781 11.511087 0.376672
-79.628552 81.733781 11.535703 0.256983
-75.665704 81.733781 11.595306 0.246443
-71.702856 81.733781 11.650325 0.145800
-67.740008 81.733781 11.623877 0.171605
-63.777160 81.733781 11.621141 0.116112
-59.814312 81.733781 11.725659 0.094955
-55.851464 81.733781 11.657471 0.056131
-51.888616 81.733781 11.653726 0.035243
-47.925768 81.733781 11.500912 -0.160976
-43.962920 81.733781 11.517472 0.076061
-40.000072 81.733781 11.548969 -0.120653
-36.037224 81.733781 11.402968 0.058330
-32.074376 81.733781 11.319844 0.002342
-28.111528 81.733781 11.349886 -0.275048
-24.148680 81.733781 11.289534 -0.068042
-20.185832 81.733781 11.236091 -0.127496
-16.222984 81.733781 11.275146 -0.235441
-12.260136 81.733781 0.000000 0.000000
-8.297289 81.733781 0.000000 0.000000
-4.334441 81.733781 0.000000 0.000000
-0.371593 81.733781 11.321312 -0.329600
3.591255 81.733781 11.092419 -0.270079
7.554103 81.733781 11.092556 -0.173148
11.516951 81.733781 11.131477 -0.194556
15.479799 81.733781 11.019437 -0.245588
19.442647 81.733781 11.125186 -0.106352
23.405495 81.733781 10.882290 -0.339535
27.368343 81.733781 11.036335 0.071133
31.331191 81.733781 10.991175 -0.072749
35.294039 81.733781 10.960278 0.019863
39.256887 81.733781 10.947344 -0.236571
43.219735 81.733781 10.999555 -0.071265
47.182583 81.733781 11.275060 -0.085354
51.145431 81.733781 10.932429 -0.136440
55.108279 81.733781 10.849575 0.013808
59.071127 81.733781 10.894675 -0.151826
63.033975 81.733781 11.024149 -0.237955
66.996822 81.733781 10.860190 -0.027915
-131.145575 77.770933 10.856362 0.007279
-127.182727 77.770933 10.467962 0.497061
-123.219879 77.770933 11.591548 1.056406
-119.257031 77.770933 11.266822 0.547731
-115.294183 77.770933 10.969383 0.803126
-111.331335 77.770933 0.000000 0.000000
-107.368487 77.770933 0.000000 0.000000
-103.405639 77.770933 0.000000 0.000000
-99.442791 77.770933 0.000000 0.000000
-95.479943 77.770933 0.000000 0.000000
-91.517095 77.770933 11.649577 0.258420
-87.554247 77.770933 11.439913 0.591872
-83.591400 77.770933 11.551770 0.385989
-79.628552 77.770933 11.669546 0.332050
-75.665704 77.770933 11.502070 0.320929
-71.702856 77.770933 11.627645 0.195020
-67.740008 77.770933 11.663328 0.161758
-63.777160 77.770933 11.713306 0.019282
-59.814312 77.770933 11.570329 -0.024089
-55.851464 77.770933 11.573346 -0.125052
-51.888616 77.770933 11.552736 -0.032620
-47.925768 77.770933 11.610049 -0.148517
-43.962920 77.770933 11.682284 0.041703
-40.000072 77.770933 11.311996 -0.106082
-36.037224 77.770933 11.431140 -0.090843
-32.074376 77.770933 11.477785 -0.153682
-28.111528 77.770933 11.462894 -0.230478
-24.148680 77.770933 11.426724 -0.238053
-20.185832 77.770933 11.365479 -0.206103
-16.222984 77.770933 11.228041 -0.090615
-12.260136 77.770933 0.000000 0.000000
-8.297289 77.770933 0.000000 0.000000
-4.334441 77.770933 0.000000 0.000000
-0.371593 77.770933 11.132169 -0.143110
3.591255 77.770933 11.137563 -0.223868
7.554103 77.770933 11.028610 -0.345167
11.516951 77.770933 11.177021 -0.092977
15.479799 77.770933 11.041134 -0.002945
19.442647 77.770933 10.993399 -0.257864
23.405495 77.770933 10.895538 -0.327913
27.368343 77.770933 11.058616 -0.058779
31.331191 77.770933 10.992603 -0.075898
35.294039 77.770933 10.918294 0.062305
39.256887 77.770933 11.034479 -0.095106
43.219735 77.770933 10.909820 0.129026
47.182583 77.770933 11.082701 0.117411
51.145431 77.770933 10.995089 -0.163082
55.108279 77.770933 10.984052 -0.109124
59.071127 77.770933 11.030840 -0.111571
63.033975 77.770933 11.003209 -0.204075
66.996822 77.770933 10.932598 -0.035678
-131.145575 73.808085 -3.672467 -4.374743
-127.182727 73.808085 11.248352 0.608904
-123.219879 73.808085 10.991517 0.739282
-119.257031 73.808085 11.259285 0.895544
-115.294183 73.808085 11.172227 0.796828
-111.331335 73.808085 0.000000 0.000000
-107.368487 73.808085 0.000000 0.000000
-103.405639 73.808085 0.000000 0.000000
-99.442791 73.808085 0.000000 0.000000
-95.479943 73.808085 0.000000 0.000000
-91.517095 73.808085 11.482712 0.416001
-87.554247 73.808085 11.788092 0.519028
-83.591400 73.808085 11.772347 0.462002
-79.628552 73.808085 11.394731 0.264411
-75.665704 73.808085 11.734844 0.306117
-71.702856 73.808085 11.730019 0.234133
-67.740008 73.808085 11.727484 0.088638
-63.777160 73.808085 11.627372 0.045341
-59.814312 73.808085 11.718573 0.008388
-55.851464 73.808085 11.505997 -0.168352
-51.888616 73.808085 11.620681 0.040904
-47.925768 73.808085 11.642913 -0.148204
-43.962920 73.808085 11.630107 -0.037636
-40.000072 73.808085 11.588295 -0.197887
-36.037224 73.808085 11.486814 -0.273054
-32.074376 73.808085 11.202085 -0.320328
-28.111528 73.808085 11.427021 -0.206644
-24.148680 73.808085 11.408821 -0.398414
-20.185832 73.808085 11.212225 -0.177225
-16.222984 73.808085 11.317632 -0.116952
-12.260136 73.808085 0.000000 0.000000
-8.297289 73.808085 0.000000 0.000000
-4.334441 73.808085 0.000000 0.000000
-0.371593 73.808085 11.233534 -0.178605
3.591255 73.808085 10.948939 -0.156661
7.554103 73.808085 11.026950 -0.181142
11.516951 73.808085 11.068769 -0.294984
15.479799 73.808085 11.087375 -0.200769
19.442647 73.808085 11.006007 -0.223492
23.405495 73.808085 10.898120 0.097035
27.368343 73.808085 10.976412 -0.043965
31.331191 73.808085 10.885049 0.089880
35.294039 73.808085 10.952458 0.039457
39.256887 73.808085 10.952220 -0.307654
43.219735 73.808085 10.950107 0.067191
47.182583 73.808085 10.919024 -0.031498
51.145431 73.808085 10.941909 0.132016
55.108279 73.808085 10.966431 0.010511
59.071127 73.808085 11.015932 -0.068630
63.033975 73.808085 11.052488 -0.184608
66.996822 73.808085 11.004766 0.026381
-131.145575 69.845237 9.143962 14.946087
-127.182727 69.845237 11.214676 0.472799
-123.219879 69.845237 10.751775 0.694109
-119.257031 69.845237 10.674830 0.659507
-115.294183 69.845237 11.764416 0.608067
-111.331335 69.845237 0.000000 0.000000
-107.368487 69.845237 0.000000 0.000000
-103.405639 69.845237 0.000000 0.000000
-99.442791 69.845237 0.000000 0.000000
-95.479943 69.845237 0.000000 0.000000
-91.517095 69.845237 11.311373 0.558955
-87.554247 69.845237 11.673340 0.465361
-83.591400 69.845237 11.821360 0.524864
-79.628552 69.845237 11.906341 0.450592
-75.665704 69.845237 11.897182 0.051248
-71.702856 69.845237 11.824604 -0.043811
-67.740008 69.845237 11.688783 0.109932
-63.777160 69.845237 11.910194 0.008988
-59.814312 69.845237 11.642315 -0.041022
-55.851464 69.845237 11.638288 -0.097492
-51.888616 69.845237 11.778234 0.023460
-47.925768 69.845237 11.628262 -0.133976
-43.962920 69.845237 11.868011 -0.341894
-40.000072 69.845237 11.702530 -0.213528
-36.037224 69.845237 11.531140 -0.198631
-32.074376 69.845237 11.494365 -0.354028
-28.111528 69.845237 11.448539 -0.290568
-24.148680 69.845237 11.298374 -0.369057
-20.185832 69.845237 11.514174 -0.454070
-16.222984 69.845237 11.347991 -0.266945
-12.260136 69.845237 0.000000 0.000000
-8.297289 69.845237 0.000000 0.000000
-4.334441 69.845237 0.000000 0.000000
-0.371593 69.845237 11.060025 -0.321763
3.591255 69.845237 10.992589 -0.274020
7.554103 69.845237 10.969167 -0.246754
11.516951 69.845237 10.969702 -0.124558
15.479799 69.845237 10.918698 -0.040644
19.442647 69.845237 10.970859 -0.110516
23.405495 69.845237 11.023559 -0.352612
27.368343 69.845237 10.945628 -0.158709
31.331191 69.845237 11.001787 0.014909
35.294039 69.845237 11.184546 -0.252221
39.256887 69.845237 10.798833 -0.369698
43.219735 69.845237 10.867611 -0.219608
47.182583 69.845237 10.931061 0.096093
51.145431 69.845237 10.950244 -0.002712
55.108279 69.845237 10.932218 -0.114793
59.071127 69.845237 11.063248 -0.071981
63.033975 69.845237 10.979928 0.069098
66.996822 69.845237 10.990851 0.133328
-131.145575 65.882389 10.707147 0.884189
-127.182727 65.882389 3.090333 -0.139358
-123.219879 65.882389 10.830913 0.809398
-119.257031 65.882389 11.352329 0.711121
-115.294183 65.882389 11.334028 0.789497
-111.331335 65.882389 0.000000 0.000000
-107.368487 65.882389 0.000000 0.000000
-103.405639 65.882389 0.000000 0.000000
-99.442791 65.882389 0.000000 0.000000
-95.479943 65.882389 0.000000 0.000000
-91.517095 65.882389 11.772859 0.560744
-87.554247 65.882389 11.722762 0.461637
-83.591400 65.882389 11.925241 0.482578
-79.628552 65.882389 11.946794 0.079416
-75.665704 65.882389 11.804168 0.425616
-71.702856 65.882389 11.834532 0.290110
-67.740008 65.882389 11.856991 -0.078283
-63.777160 65.882389 11.961585 -0.182631
-59.814312 65.882389 11.827323 -0.112537
-55.851464 65.882389 11.805190 -0.071274
-51.888616 65.882389 11.833877 -0.166479
-47.925768 65.882389 11.644834 -0.094003
-43.962920 65.882389 11.673880 -0.312715
-40.000072 65.882389 11.642537 -0.331954
-36.037224 65.882389 11.462386 -0.352369
-32.074376 65.882389 11.565928 -0.443389
-28.111528 65.882389 11.505223 -0.414387
-24.148680 65.882389 11.412147 -0.361563
-20.185832 65.882389 11.122089 -0.448775
-16.222984 65.882389 11.263238 -0.346811
-12.260136 65.882389 0.000000 0.000000
-8.297289 65.882389 0.000000 0.000000
-4.334441 65.882389 11.140291 -0.546288
-0.371593 65.882389 11.106929 -0.357483
3.591255 65.882389 10.954040 -0.387574
7.554103 65.882389 10.874228 -0.137243
11.516951 65.882389 10.927324 -0.146074
15.479799 65.882389 10.888344 -0.226108
19.442647 65.882389 10.975429 -0.246736
23.405495 65.882389 11.048589 0.087315
27.368343 65.882389 10.930034 -0.137422
31.331191 65.882389 10.868891 -0.316929
35.294039 65.882389 10.989207 -0.095470
39.256887 65.882389 11.135507 -0.150856
43.219735 65.882389 11.096738 0.013047
47.182583 65.882389 10.922502 -0.210877
51.145431 65.882389 10.908098 -0.009947
55.108279 65.882389 11.007709 0.116820
59.071127 65.882389 10.965231 0.187800
63.033975 65.882389 11.106601 -0.311457
66.996822 65.882389 10.938046 0.023840
-131.145575 61.919541 14.628446 -2.959575
-127.182727 61.919541 -5.421907 -16.357597
-123.219879 61.919541 10.866527 0.734976
-119.257031 61.919541 11.091722 0.778614
-115.294183 61.919541 11.094432 0.989796
-111.331335 61.919541 0.000000 0.000000
-107.368487 61.919541 0.000000 0.000000
-103.405639 61.919541 0.000000 0.000000
-99.442791 61.919541 0.000000 0.000000
-95.479943 61.919541 0.000000 0.000000
-91.517095 61.919541 11.664106 0.754207
-87.554247 61.919541 11.672863 0.669814
-83.591400 61.919541 11.980250 0.427772
-79.628552 61.919541 11.970684 0.108990
-75.665704 61.919541 12.191146 -0.085325
-71.702856 61.919541 11.848673 0.200995
-67.740008 61.919541 12.082714 0.229126
-63.777160 61.919541 11.941142 -0.166749
-59.814312 61.919541 11.935663 0.185998
-55.851464 61.919541 11.678252 -0.202465
-51.888616 61.919541 11.811110 -0.213318
-47.925768 61.919541 11.710002 -0.204620
-43.962920 61.919541 11.735066 -0.383152
-40.000072 61.919541 11.482922 -0.284185
-36.037224 61.919541 11.756568 -0.400765
-32.074376 61.919541 11.615296 -0.444562
-28.111528 61.919541 11.366128 -0.432493
-24.148680 61.919541 11.342337 -0.317257
-20.185832 61.919541 11.290895 -0.368064
-16.222984 61.919541 11.475664 -0.354831
-12.260136 61.919541 0.000000 0.000000
-8.297289 61.919541 0.000000 0.000000
-4.334441 61.919541 10.984739 -0.352334
-0.371593 61.919541 10.885415 -0.434401
3.591255 61.919541 10.898279 -0.469448
7.554103 61.919541 11.003913 -0.419035
11.516951 61.919541 10.921165 -0.313770
15.479799 61.919541 10.825063 -0.364773
19.442647 61.919541 11.007364 -0.105338
23.405495 61.919541 10.991374 -0.065686
27.368343 61.919541 10.972225 0.023267
31.331191 61.919541 11.084108 -0.106747
35.294039 61.919541 10.815989 -0.129021
39.256887 61.919541 10.883885 -0.119800
43.219735 61.919541 11.008564 -0.153189
47.182583 61.919541 11.097904 0.140447
51.145431 61.919541 11.013204 0.076078
55.108279 61.919541 10.929925 0.136661
59.071127 61.919541 10.967944 -0.164690
63.033975 61.919541 11.034766 0.274885
66.996822 61.919541 10.794501 -0.079597
-131.145575 57.956694 -5.555096 7.808640
-127.182727 57.956694 11.447515 1.771283
-123.219879 57.956694 11.239509 1.065561
-119.257031 57.956694 11.026246 0.931112
-115.294183 57.956694 11.088555 0.945775
-111.331335 57.956694 0.000000 0.000000
-107.368487 57.956694 0.000000 0.000000
-103.405639 57.956694 0.000000 0.000000
-99.442791 57.956694 0.000000 0.000000
-95.479943 57.956694 12.110659 0.705546
-91.517095 57.956694 11.863958 0.687367
-87.554247 57.956694 11.863809 0.574796
-83.591400 57.956694 12.210281 0.594768
-79.628552 57.956694 12.146653 0.554102
-75.665704 57.956694 12.108386 0.119673
-71.702856 57.956694 12.001679 0.188999
-67.740008 57.956694 12.035758 -0.119553
-63.777160 57.956694 12.053789 -0.225377
-59.814312 57.956694 11.922896 -0.014253
-55.851464 57.956694 11.870440 -0.335149
-51.888616 57.956694 11.670012 -0.328502
-47.925768 57.956694 11.748294 -0.137816
-43.962920 57.956694 11.808171 -0.392643
-40.000072 57.956694 11.629739 -0.386227
-36.037224 57.956694 11.610529 -0.395734
-32.074376 57.956694 11.387319 -0.347754
-28.111528 57.956694 11.559658 -0.611946
-24.148680 57.956694 11.519330 -0.455388
-20.185832 57.956694 11.134746 -0.438318
-16.222984 57.956694 11.100850 -0.513164
-12.260136 57.956694 0.000000 0.000000
-8.297289 57.956694 0.000000 0.000000
-4.334441 57.956694 11.045065 -0.349997
-0.371593 57.956694 10.950844 -0.364725
3.591255 57.956694 10.974731 -0.396968
7.554103 57.956694 10.837845 -0.445158
11.516951 57.956694 10.984672 -0.357318
15.479799 57.956694 10.881350 -0.216223
19.442647 57.956694 10.936262 0.091565
23.405495 57.956694 10.894094 -0.217029
27.368343 57.956694 10.927202 -0.196888
31.331191 57.956694 10.913465 -0.246830
35.294039 57.956694 10.992064 -0.203639
39.256887 57.956694 11.047637 0.207275
43.219735 57.956694 10.929800 0.064986
47.182583 57.956694 10.889087 -0.259934
51.145431 57.956694 10.911340 -0.301833
55.108279 57.956694 10.923753 -0.176439
59.071127 57.956694 11.052855 0.175794
63.033975 57.956694 10.958776 -0.045992
66.996822 57.956694 10.944061 0.051159
-131.145575 53.993846 -8.766418 -2.314040
-127.182727 53.993846 10.702471 0.831265
-123.219879 53.993846 10.711063 1.114115
-119.257031 53.993846 10.815434 1.402830
-115.294183 53.993846 11.065605 0.962858
-111.331335 53.993846 0.000000 0.000000
-107.368487 53.993846 0.000000 0.000000
-103.405639 53.993846 0.000000 0.000000
-99.442791 53.993846 0.000000 0.000000
-95.479943 53.993846 11.956745 1.026256
-91.517095 53.993846 12.212696 0.934222
-87.554247 53.993846 12.007117 0.701412
-83.591400 53.993846 12.248500 0.341300
-79.628552 53.993846 12.188989 0.490250
-75.665704 53.993846 12.266090 0.504438
-71.702856 53.993846 12.155197 0.476401
-67.740008 53.993846 12.075773 0.024243
-63.777160 53.993846 12.128733 0.120093
-59.814312 53.993846 12.019882 -0.343814
-55.851464 53.993846 12.002287 -0.176557
-51.888616 53.993846 11.803300 -0.367691
-47.925768 53.993846 11.796390 -0.233406
-43.962920 53.993846 11.815563 -0.408836
-40.000072 53.993846 11.705714 -0.605257
-36.037224 53.993846 11.603402 -0.511695
-32.074376 53.993846 11.757963 -0.573701
-28.111528 53.993846 11.507395 -0.533004
-24.148680 53.993846 11.546675 -0.512691
-20.185832 53.993846 11.450954 -0.574721
-16.222984 53.993846 11.122973 -0.571938
-12.260136 53.993846 11.327685 -0.619173
-8.297289 53.993846 0.000000 0.000000
-4.334441 53.993846 10.927248 -0.518243
-0.371593 53.993846 11.009405 -0.438734
3.591255 53.993846 10.822610 -0.377344
7.554103 53.993846 10.931061 -0.454594
11.516951 53.993846 10.882511 -0.183436
15.479799 53.993846 10.867497 -0.407998
19.442647 53.993846 10.764229 -0.226072
23.405495 53.993846 10.959552 -0.317937
27.368343 53.993846 10.923999 -0.377306
31.331191 53.993846 10.893288 -0.256583
35.294039 53.993846 10.738798 -0.147408
39.256887 53.993846 10.902883 -0.203100
43.219735 53.993846 11.038333 -0.276559
47.182583 53.993846 11.009201 0.121654
51.145431 53.993846 10.867194 0.102556
55.108279 53.993846 11.099507 -0.070947
59.071127 53.993846 10.870194 -0.086631
63.033975 53.993846 10.963192 -0.061883
66.996822 53.993846 10.993556 -0.518869
-131.145575 50.030998 -6.763401 -8.503320
-127.182727 50.030998 10.500457 0.908135
-123.219879 50.030998 -7.177024 -2.794300
-119.257031 50.030998 10.614702 0.994389
-115.294183 50.030998 10.768292 1.379220
-111.331335 50.030998 0.000000 0.000000
-107.368487 50.030998 0.000000 0.000000
-103.405639 50.030998 0.000000 0.000000
-99.442791 50.030998 0.000000 0.000000
-95.479943 50.030998 12.190385 1.389837
-91.517095 50.030998 12.304695 1.183515
-87.554247 50.030998 12.418188 0.612881
-83.591400 50.030998 12.534444 0.614663
-79.628552 50.030998 12.431112 0.452766
-75.665704 50.030998 12.468235 0.095018
-71.702856 50.030998 12.282340 0.099266
-67.740008 50.030998 12.230185 0.024498
-63.777160 50.030998 12.173161 -0.150863
-59.814312 50.030998 12.183181 0.000599
-55.851464 50.030998 12.045367 -0.198847
-51.888616 50.030998 12.033437 -0.599409
-47.925768 50.030998 11.948982 -0.474456
-43.962920 50.030998 11.834071 -0.442139
-40.000072 50.030998 11.830135 -0.446072
-36.037224 50.030998 11.574064 -0.507674
-32.074376 50.030998 11.807313 -0.499296
-28.111528 50.030998 11.761337 -0.540437
-24.148680 50.030998 11.411698 -0.725782
-20.185832 50.030998 11.560147 -0.599979
-16.222984 50.030998 11.451138 -0.723035
-12.260136 50.030998 11.149780 -0.658664
-8.297289 50.030998 0.000000 0.000000
-4.334441 50.030998 10.917952 -0.615264
-0.371593 50.030998 10.855974 -0.543438
3.591255 50.030998 10.758780 -0.475411
7.554103 50.030998 10.654180 -0.462064
11.516951 50.030998 10.712553 -0.277368
15.479799 50.030998 10.674469 -0.046733
19.442647 50.030998 10.810555 -0.294329
23.405495 50.030998 10.750664 -0.234324
27.368343 50.030998 10.708810 0.042923
31.331191 50.030998 10.669552 0.067319
35.294039 50.030998 11.070756 -0.013341
39.256887 50.030998 10.973619 -0.137276
43.219735 50.030998 10.974722 -0.254120
47.182583 50.030998 10.902349 -0.185773
51.145431 50.030998 10.939082 -0.196980
55.108279 50.030998 10.829264 0.144064
59.071127 50.030998 10.972565 0.193128
63.033975 50.030998 11.045463 -0.023170
66.996822 50.030998 11.166071 0.178079
-131.145575 46.068150 10.631441 -14.346836
-127.182727 46.068150 10.290561 1.029653
-123.219879 46.068150 10.591866 0.702567
-119.257031 46.068150 10.767437 1.364100
-115.294183 46.068150 10.526352 1.470348
-111.331335 46.068150 10.767073 1.123821
-107.368487 46.068150 0.000000 0.000000
-103.405639 46.068150 0.000000 0.000000
-99.442791 46.068150 0.000000 0.000000
-95.479943 46.068150 12.353235 1.485429
-91.517095 46.068150 12.701015 1.055432
-87.554247 46.068150 12.362164 0.931498
-83.591400 46.068150 12.763708 0.635420
-79.628552 46.068150 12.638299 0.359267
-75.665704 46.068150 12.471303 0.171455
-71.702856 46.068150 12.466668 -0.093479
-67.740008 46.068150 12.363051 -0.053909
-63.777160 46.068150 12.214126 -0.194433
-59.814312 46.068150 12.202202 -0.343613
-55.851464 46.068150 12.086105 -0.365538
-51.888616 46.068150 12.233581 -0.644201
-47.925768 46.068150 11.867624 -0.469322
-43.962920 46.068150 11.740972 -0.507887
-40.000072 46.068150 11.744485 -0.388607
-36.037224 46.068150 11.729968 -0.555560
-32.074376 46.068150 11.683586 -0.699237
-28.111528 46.068150 10.979569 -0.641893
-24.148680 46.068150 11.577427 -0.837906
-20.185832 46.068150 11.458091 -0.712807
-16.222984 46.068150 11.412284 -0.776731
-12.260136 46.068150 10.993209 -0.821955
-8.297289 46.068150 0.000000 0.000000
-4.334441 46.068150 10.955527 -0.652632
-0.371593 46.068150 11.007646 -0.614815
3.591255 46.068150 10.765651 -0.689694
7.554103 46.068150 10.658096 -0.481490
11.516951 46.068150 10.398238 -0.061785
15.479799 46.068150 10.804342 0.100482
19.442647 46.068150 10.920868 -0.058566
23.405495 46.068150 10.942377 -0.406313
27.368343 46.068150 10.836167 -0.531930
31.331191 46.068150 10.602538 -0.370079
35.294039 46.068150 10.734619 -0.161895
39.256887 46.068150 11.087873 -0.472904
43.219735 46.068150 10.831489 -0.712890
47.182583 46.068150 10.966137 0.260941
51.145431 46.068150 10.622277 0.329562
55.108279 46.068150 10.785333 0.015004
59.071127 46.068150 10.158764 0.333777
63.033975 46.068150 9.247052 1.919923
66.996822 46.068150 10.448290 -0.220459
-131.145575 42.105302 16.606928 -3.231435
-127.182727 42.105302 9.515462 16.428690
-123.219879 42.105302 9.985451 0.726314
-119.257031 42.105302 10.215988 1.228016
-115.294183 42.105302 10.323015 1.660063
-111.331335 42.105302 10.484056 1.934171
-107.368487 42.105302 0.000000 0.000000
-103.405639 42.105302 0.000000 0.000000
-99.442791 42.105302 12.586407 1.929122
-95.479943 42.105302 12.933071 1.569293
-91.517095 42.105302 12.805384 1.024119
-87.554247 42.105302 12.770194 0.614262
-83.591400 42.105302 12.778100 0.518579
-79.628552 42.105302 12.765224 0.274516
-75.665704 42.105302 12.794072 -0.157677
-71.702856 42.105302 12.697706 -0.336388
-67.740008 42.105302 12.272323 -0.220756
-63.777160 42.105302 12.455197 -0.268643
-59.814312 42.105302 12.181377 -0.414141
-55.851464 42.105302 12.009566 -0.405954
-51.888616 42.105302 11.956642 -0.598317
-47.925768 42.105302 12.224270 -0.552708
-43.962920 42.105302 11.619608 -0.816295
-40.000072 42.105302 11.867458 -0.560319
-36.037224 42.105302 11.821075 -0.674141
-32.074376 42.105302 11.617818 -0.792305
-28.111528 42.105302 11.623901 -0.839713
-24.148680 42.105302 11.849468 -0.758240
-20.185832 42.105302 11.698346 -0.869524
-16.222984 42.105302 11.349692 -0.913798
-12.260136 42.105302 11.071433 -1.159816
-8.297289 42.105302 0.000000 0.000000
-4.334441 42.105302 10.835495 -0.509052
-0.371593 42.105302 10.963705 -0.832768
3.591255 42.105302 10.628002 -0.873553
7.554103 42.105302 10.342781 -0.686940
11.516951 42.105302 9.855086 0.055202
15.479799 42.105302 10.947549 0.460856
19.442647 42.105302 11.424914 -0.851202
23.405495 42.105302 10.955780 -0.528546
27.368343 42.105302 11.009731 -0.841900
31.331191 42.105302 10.366277 -0.602817
35.294039 42.105302 11.064887 -0.775068
39.256887 42.105302 10.548071 -0.434090
43.219735 42.105302 10.805769 0.185815
47.182583 42.105302 10.977687 -0.138758
51.145431 42.105302 10.525458 -0.506173
55.108279 42.105302 7.899724 -2.033418
59.071127 42.105302 9.546809 0.831937
63.033975 42.105302 9.798195 1.082110
66.996822 42.105302 10.302073 -0.138385
-131.145575 38.142454 10.705744 -13.246171
-127.182727 38.142454 5.304700 10.007642
-123.219879 38.142454 10.076920 0.423897
-119.257031 38.142454 10.163734 0.893676
-115.294183 38.142454 9.532177 1.209111
-111.331335 38.142454 9.572674 2.659278
-107.368487 38.142454 0.000000 0.000000
-103.405639 38.142454 0.000000 0.000000
-99.442791 38.142454 0.000000 0.000000
-95.479943 38.142454 0.000000 0.000000
-91.517095 38.142454 0.000000 0.000000
-87.554247 38.142454 0.000000 0.000000
-83.591400 38.142454 0.000000 0.000000
-79.628552 38.142454 0.000000 0.000000
-75.665704 38.142454 0.000000 0.000000
-71.702856 38.142454 0.000000 0.000000
-67.740008 38.142454 0.000000 0.000000
-63.777160 38.142454 0.000000 0.000000
-59.814312 38.142454 0.000000 0.000000
-55.851464 38.142454 0.000000 0.000000
-51.888616 38.142454 0.000000 0.000000
-47.925768 38.142454 0.000000 0.000000
-43.962920 38.142454 0.000000 0.000000
-40.000072 38.142454 0.000000 0.000000
-36.037224 38.142454 0.000000 0.000000
-32.074376 38.142454 0.000000 0.000000
-28.111528 38.142454 0.000000 0.000000
-24.148680 38.142454 11.092320 -0.764839
-20.185832 38.142454 11.013732 -1.355591
-16.222984 38.142454 11.916796 -0.612509
-12.260136 38.142454 11.734262 -1.647322
-8.297289 38.142454 0.000000 0.000000
-4.334441 38.142454 10.615845 -0.518644
-0.371593 38.142454 11.260612 -0.651816
3.591255 38.142454 10.808702 -1.388375
7.554103 38.142454 9.672831 -1.339223
11.516951 38.142454 8.536945 -0.249513
15.479799 38.142454 7.184754 2.719872
19.442647 38.142454 8.860797 0.921008
23.405495 38.142454 10.990078 -0.986751
27.368343 38.142454 10.843984 -1.349768
31.331191 38.142454 10.571250 -1.342484
35.294039 38.142454 10.959246 -0.856011
39.256887 38.142454 9.658487 0.064322
43.219735 38.142454 10.221194 1.598380
47.182583 38.142454 9.696424 0.215412
51.145431 38.142454 10.262012 -1.767610
55.108279 38.142454 7.576821 0.361596
59.071127 38.142454 9.438813 -0.786770
63.033975 38.142454 10.251394 0.495876
66.996822 38.142454 10.260951 -1.033678
-131.145575 34.179606 17.618216 -1.015557
-127.182727 34.179606 10.922495 -0.355397
-123.219879 34.179606 -6.077904 -17.140333
-119.257031 34.179606 9.964159 0.651169
-115.294183 34.179606 0.000000 0.000000
-111.331335 34.179606 0.000000 0.000000
-107.368487 34.179606 0.000000 0.000000
-103.405639 34.179606 0.000000 0.000000
-99.442791 34.179606 0.000000 0.000000
-95.479943 34.179606 0.000000 0.000000
-91.517095 34.179606 0.000000 0.000000
-87.554247 34.179606 0.000000 0.000000
-83.591400 34.179606 0.000000 0.000000
-79.628552 34.179606 0.000000 0.000000
-75.665704 34.179606 0.000000 0.000000
-71.702856 34.179606 0.000000 0.000000
-67.740008 34.179606 0.000000 0.000000
-63.777160 34.179606 0.000000 0.000000
-59.814312 34.179606 0.000000 0.000000
-55.851464 34.179606 0.000000 0.000000
-51.888616 34.179606 0.000000 0.000000
-47.925768 34.179606 0.000000 0.000000
-43.962920 34.179606 0.000000 0.000000
-40.000072 34.179606 0.000000 0.000000
-36.037224 34.179606 0.000000 0.000000
-32.074376 34.179606 0.000000 0.000000
-28.111528 34.179606 0.000000 0.000000
-24.148680 34.179606 0.000000 0.000000
-20.185832 34.179606 0.000000 0.000000
-16.222984 34.179606 0.000000 0.000000
-12.260136 34.179606 0.000000 0.000000
-8.297289 34.179606 0.000000 0.000000
-4.334441 34.179606 0.000000 0.000000
-0.371593 34.179606 6.824590 2.224985
3.591255 34.179606 9.708962 -2.563064
7.554103 34.179606 9.847219 -2.136162
11.516951 34.179606 10.562925 1.075683
15.479799 34.179606 7.299251 2.754348
19.442647 34.179606 9.382106 2.424252
23.405495 34.179606 10.366245 -2.607730
27.368343 34.179606 10.461191 -1.742069
31.331191 34.179606 10.510061 -1.533407
35.294039 34.179606 10.659250 -1.938375
39.256887 34.179606 9.001859 0.981418
43.219735 34.179606 9.886930 1.801851
47.182583 34.179606 9.353248 0.059596
51.145431 34.179606 9.763352 -1.380463
55.108279 34.179606 9.163256 -0.714823
59.071127 34.179606 -10.039633 -13.596328
63.033975 34.179606 9.938480 1.585287
66.996822 34.179606 9.775128 0.469638
-131.145575 30.216758 -12.878580 -17.142679
-127.182727 30.216758 10.829199 -2.317694
-123.219879 30.216758 0.000000 0.000000
-119.257031 30.216758 0.000000 0.000000
-115.294183 30.216758 0.000000 0.000000
-111.331335 30.216758 0.000000 0.000000
-107.368487 30.216758 0.000000 0.000000
-103.405639 30.216758 0.000000 0.000000
-99.442791 30.216758 0.000000 0.000000
-95.479943 30.216758 0.000000 0.000000
-91.517095 30.216758 0.000000 0.000000
-87.554247 30.216758 0.000000 0.000000
-83.591400 30.216758 0.000000 0.000000
-79.628552 30.216758 0.000000 0.000000
-75.665704 30.216758 0.000000 0.000000
-71.702856 30.216758 0.000000 0.000000
-67.740008 30.216758 0.000000 0.000000
-63.777160 30.216758 0.000000 0.000000
-59.814312 30.216758 0.000000 0.000000
-55.851464 30.216758 0.000000 0.000000
-51.888616 30.216758 0.000000 0.000000
-47.925768 30.216758 0.000000 0.000000
-43.962920 30.216758 0.000000 0.000000
-40.000072 30.216758 0.000000 0.000000
-36.037224 30.216758 0.000000 0.000000
-32.074376 30.216758 0.000000 0.000000
-28.111528 30.216758 0.000000 0.000000
-24.148680 30.216758 0.000000 0.000000
-20.185832 30.216758 0.000000 0.000000
-16.222984 30.216758 0.000000 0.000000
-12.260136 30.216758 0.000000 0.000000
-8.297289 30.216758 0.000000 0.000000
-4.334441 30.216758 0.000000 0.000000
-0.371593 30.216758 0.000000 0.000000
3.591255 30.216758 0.000000 0.000000
7.554103 30.216758 9.771465 -0.931659
11.516951 30.216758 11.048835 -0.666045
15.479799 30.216758 11.706155 1.282013
19.442647 30.216758 10.298274 1.701301
23.405495 30.216758 9.756734 0.427222
27.368343 30.216758 10.138798 -0.966554
31.331191 30.216758 10.738738 -1.593342
35.294039 30.216758 11.428382 -1.644555
39.256887 30.216758 11.006419 1.410607
43.219735 30.216758 10.623396 1.580616
47.182583 30.216758 9.717585 0.188249
51.145431 30.216758 10.705096 -1.115405
55.108279 30.216758 10.720716 0.443473
59.071127 30.216758 11.355042 -0.227652
63.033975 30.216758 11.792645 0.563549
66.996822 30.216758 10.590805 1.007927
-131.145575 26.253910 -3.658824 -3.545473
-127.182727 26.253910 -9.436813 0.785579
-123.219879 26.253910 0.000000 0.000000
-119.257031 26.253910 0.000000 0.000000
-115.294183 26.253910 0.000000 0.000000
-111.331335 26.253910 0.000000 0.000000
-107.368487 26.253910 0.000000 0.000000
-103.405639 26.253910 0.000000 0.000000
-99.442791 26.253910 0.000000 0.000000
-95.479943 26.253910 0.000000 0.000000
-91.517095 26.253910 0.000000 0.000000
-87.554247 26.253910 0.000000 0.000000
-83.591400 26.253910 0.000000 0.000000
-79.628552 26.253910 0.000000 0.000000
-75.665704 26.253910 0.000000 0.000000
-71.702856 26.253910 0.000000 0.000000
-67.740008 26.253910 0.000000 0.000000
-63.777160 26.253910 0.000000 0.000000
-59.814312 26.253910 0.000000 0.000000
-55.851464 26.253910 0.000000 0.000000
-51.888616 26.253910 0.000000 0.000000
-47.925768 26.253910 0.000000 0.000000
-43.962920 26.253910 0.000000 0.000000
-40.000072 26.253910 0.000000 0.000000
-36.037224 26.253910 0.000000 0.000000
-32.074376 26.253910 0.000000 0.000000
-28.111528 26.253910 0.000000 0.000000
-24.148680 26.253910 0.000000 0.000000
-20.185832 26.253910 0.000000 0.000000
-16.222984 26.253910 0.000000 0.000000
-12.260136 26.253910 0.000000 0.000000
-8.297289 26.253910 0.000000 0.000000
-4.334441 26.253910 0.000000 0.000000
-0.371593 26.253910 0.000000 0.000000
3.591255 26.253910 0.000000 0.000000
7.554103 26.253910 0.000000 0.000000
11.516951 26.253910 11.114229 -0.124693
15.479799 26.253910 11.170376 0.376993
19.442647 26.253910 10.695112 0.581501
23.405495 26.253910 10.317881 0.179335
27.368343 26.253910 10.421428 -0.162961
31.331191 26.253910 10.740520 -0.760803
35.294039 26.253910 10.923338 -0.395084
39.256887 26.253910 11.354709 0.605744
43.219735 26.253910 10.487627 0.705241
47.182583 26.253910 10.290185 0.020481
51.145431 26.253910 10.472867 -0.760303
55.108279 26.253910 10.872653 -0.617352
59.071127 26.253910 11.245927 -0.344685
63.033975 26.253910 10.894830 0.465598
66.996822 26.253910 10.745402 0.525420
-131.145575 22.291062 -9.664777 -7.948921
-127.182727 22.291062 16.312164 -16.464029
-123.219879 22.291062 0.000000 0.000000
-119.257031 22.291062 0.000000 0.000000
-115.294183 22.291062 0.000000 0.000000
-111.331335 22.291062 0.000000 0.000000
-107.368487 22.291062 0.000000 0.000000
-103.405639 22.291062 0.000000 0.000000
-99.442791 22.291062 0.000000 0.000000
-95.479943 22.291062 0.000000 0.000000
-91.517095 22.291062 0.000000 0.000000
-87.554247 22.291062 0.000000 0.000000
-83.591400 22.291062 0.000000 0.000000
-79.628552 22.291062 0.000000 0.000000
-75.665704 22.291062 0.000000 0.000000
-71.702856 22.291062 0.000000 0.000000
-67.740008 22.291062 0.000000 0.000000
-63.777160 22.291062 0.000000 0.000000
-59.814312 22.291062 0.000000 0.000000
-55.851464 22.291062 0.000000 0.000000
-51.888616 22.291062 0.000000 0.000000
-47.925768 22.291062 0.000000 0.000000
-43.962920 22.291062 0.000000 0.000000
-40.000072 22.291062 0.000000 0.000000
-36.037224 22.291062 0.000000 0.000000
-32.074376 22.291062 0.000000 0.000000
-28.111528 22.291062 0.000000 0.000000
-24.148680 22.291062 0.000000 0.000000
-20.185832 22.291062 0.000000 0.000000
-16.222984 22.291062 0.000000 0.000000
-12.260136 22.291062 0.000000 0.000000
-8.297289 22.291062 0.000000 0.000000
-4.334441 22.291062 10.737002 1.063818
-0.371593 22.291062 10.179116 0.925543
3.591255 22.291062 10.528832 0.456115
7.554103 22.291062 10.721917 0.307330
11.516951 22.291062 10.945235 -0.035261
15.479799 22.291062 11.063313 0.214397
19.442647 22.291062 11.055161 0.444335
23.405495 22.291062 10.652188 0.217607
27.368343 22.291062 10.599354 0.209805
31.331191 22.291062 10.803615 -0.322865
35.294039 22.291062 10.653083 0.513811
39.256887 22.291062 10.958195 0.380535
43.219735 22.291062 10.848843 0.182679
47.182583 22.291062 10.869081 0.641365
51.145431 22.291062 10.557184 0.047991
55.108279 22.291062 11.807638 -0.740315
59.071127 22.291062 11.112108 -0.011796
63.033975 22.291062 10.998762 -0.073516
66.996822 22.291062 10.765764 0.336225
-131.145575 18.328214 12.840342 -15.652266
-127.182727 18.328214 10.440922 -0.121192
-123.219879 18.328214 11.677676 1.297965
-119.257031 18.328214 -11.278652 -1.620923
-115.294183 18.328214 9.950792 0.042867
-111.331335 18.328214 10.962572 -2.152976
-107.368487 18.328214 0.000000 0.000000
-103.405639 18.328214 0.000000 0.000000
-99.442791 18.328214 0.000000 0.000000
-95.479943 18.328214 0.000000 0.000000
-91.517095 18.328214 0.000000 0.000000
-87.554247 18.328214 0.000000 0.000000
-83.591400 18.328214 0.000000 0.000000
-79.628552 18.328214 0.000000 0.000000
-75.665704 18.328214 0.000000 0.000000
-71.702856 18.328214 0.000000 0.000000
-67.740008 18.328214 0.000000 0.000000
-63.777160 18.328214 0.000000 0.000000
-59.814312 18.328214 0.000000 0.000000
-55.851464 18.328214 0.000000 0.000000
-51.888616 18.328214 11.644612 0.746171
-47.925768 18.328214 11.239176 0.412004
-43.962920 18.328214 11.823842 0.626405
-40.000072 18.328214 11.512880 0.603929
-36.037224 18.328214 11.722316 0.606785
-32.074376 18.328214 11.280832 0.743662
-28.111528 18.328214 11.092942 0.804172
-24.148680 18.328214 11.163671 1.150153
-20.185832 18.328214 11.395553 0.716010
-16.222984 18.328214 11.080542 0.781561
-12.260136 18.328214 11.000478 0.808051
-8.297289 18.328214 10.907901 1.045249
-4.334441 18.328214 10.732582 0.636264
-0.371593 18.328214 10.607566 0.713794
3.591255 18.328214 10.527603 0.371802
7.554103 18.328214 10.666664 0.178790
11.516951 18.328214 10.919766 0.399335
15.479799 18.328214 10.840390 0.401982
19.442647 18.328214 10.755920 0.301381
23.405495 18.328214 10.593092 0.383695
27.368343 18.328214 10.910952 0.510836
31.331191 18.328214 10.864177 -0.005856
35.294039 18.328214 10.746188 0.221835
39.256887 18.328214 10.587604 0.668986
43.219735 18.328214 10.837346 0.327230
47.182583 18.328214 10.787495 0.035059
51.145431 18.328214 10.656067 0.496458
55.108279 18.328214 10.843140 0.488891
59.071127 18.328214 10.711835 0.131112
63.033975 18.328214 11.095671 -0.218608
66.996822 18.328214 10.880171 0.173974
-131.145575 14.365366 -2.674357 17.007940
-127.182727 14.365366 10.347141 -0.833348
-123.219879 14.365366 -12.499203 -16.816294
-119.257031 14.365366 -3.957753 14.657600
-115.294183 14.365366 9.996885 -0.540525
-111.331335 14.365366 10.715927 -0.762854
-107.368487 14.365366 11.706281 -0.397496
-103.405639 14.365366 11.114499 -0.874517
-99.442791 14.365366 11.667958 -0.860442
-95.479943 14.365366 11.753719 -0.604993
-91.517095 14.365366 12.066773 -0.729101
-87.554247 14.365366 12.002029 -1.003446
-83.591400 14.365366 11.829087 -0.327161
-79.628552 14.365366 12.422654 -0.012892
-75.665704 14.365366 12.021800 -0.370667
-71.702856 14.365366 11.869432 0.395546
-67.740008 14.365366 12.011749 0.048351
-63.777160 14.365366 11.997006 0.004367
-59.814312 14.365366 11.913718 0.568480
-55.851464 14.365366 11.846405 0.540434
-51.888616 14.365366 12.088007 0.638447
-47.925768 14.365366 11.555612 0.537699
-43.962920 14.365366 11.639734 0.582900
-40.000072 14.365366 11.602329 0.734641
-36.037224 14.365366 11.599522 0.593308
-32.074376 14.365366 11.587566 0.652199
-28.111528 14.365366 11.216802 0.640796
-24.148680 14.365366 11.184073 0.904721
-20.185832 14.365366 11.118444 0.742983
-16.222984 14.365366 11.039018 0.676795
-12.260136 14.365366 10.959342 0.692848
-8.297289 14.365366 11.090074 0.594883
-4.334441 14.365366 10.905428 0.710847
-0.371593 14.365366 10.865977 0.685165
3.591255 14.365366 10.681646 0.196953
7.554103 14.365366 10.884439 0.287719
11.516951 14.365366 10.614437 0.178617
15.479799 14.365366 10.956672 0.284937
19.442647 14.365366 10.657920 0.337309
23.405495 14.365366 10.625912 0.489763
27.368343 14.365366 10.637383 0.761850
31.331191 14.365366 10.709827 -0.006992
35.294039 14.365366 11.040225 0.353410
39.256887 14.365366 10.375956 -0.491389
43.219735 14.365366 10.351205 -0.062237
47.182583 14.365366 10.675040 0.005475
51.145431 14.365366 10.770104 0.113920
55.108279 14.365366 10.372027 0.824172
59.071127 14.365366 10.718212 0.261212
63.033975 14.365366 11.202345 -0.677957
66.996822 14.365366 10.615883 -0.314174
-131.145575 10.402518 10.393772 -3.895326
-127.182727 10.402518 -6.446340 -12.715322
-123.219879 10.402518 10.670810 -0.103758
-119.257031 10.402518 10.691842 0.254486
-115.294183 10.402518 4.906208 -12.784410
-111.331335 10.402518 10.722351 -0.358282
-107.368487 10.402518 10.904090 -0.844064
-103.405639 10.402518 11.655126 -0.379233
-99.442791 10.402518 11.757365 -0.496193
-95.479943 10.402518 12.247250 -0.785042
-91.517095 10.402518 11.623942 -0.806711
-87.554247 10.402518 11.684135 -0.496843
-83.591400 10.402518 11.850164 -0.292489
-79.628552 10.402518 12.172411 -0.172122
-75.665704 10.402518 11.961648 -0.083183
-71.702856 10.402518 11.955536 -0.051895
-67.740008 10.402518 11.967252 0.083780
-63.777160 10.402518 11.775737 0.275425
-59.814312 10.402518 11.803052 0.233414
-55.851464 10.402518 11.580029 0.572553
-51.888616 10.402518 11.879203 0.579904
-47.925768 10.402518 11.856215 0.581526
-43.962920 10.402518 11.690190 0.535260
-40.000072 10.402518 11.428435 0.314350
-36.037224 10.402518 11.264173 0.741889
-32.074376 10.402518 11.310331 0.373725
-28.111528 10.402518 11.536132 0.573031
-24.148680 10.402518 11.196618 0.535666
-20.185832 10.402518 11.032746 0.687550
-16.222984 10.402518 10.801884 0.659692
-12.260136 10.402518 11.336928 0.582906
-8.297289 10.402518 10.948120 0.428215
-4.334441 10.402518 10.870317 0.594383
-0.371593 10.402518 10.933668 0.455194
3.591255 10.402518 10.749165 0.428380
7.554103 10.402518 11.173076 0.098588
11.516951 10.402518 10.647839 0.339492
15.479799 10.402518 10.660459 0.393123
19.442647 10.402518 10.500045 0.648511
23.405495 10.402518 10.656676 0.047144
27.368343 10.402518 10.804600 0.059949
31.331191 10.402518 3.613704 3.066768
35.294039 10.402518 10.918057 0.194492
39.256887 10.402518 11.290413 0.131905
43.219735 10.402518 10.877076 -0.017043
47.182583 10.402518 11.042932 -0.058989
51.145431 10.402518 10.647096 -0.197431
55.108279 10.402518 11.115160 -0.162051
59.071127 10.402518 10.960265 0.610401
63.033975 10.402518 10.790507 0.419819
66.996822 10.402518 11.138503 0.170905
-131.145575 6.439670 17.966372 14.206396
-127.182727 6.439670 -14.852727 2.537912
-123.219879 6.439670 -6.069550 -6.385073
-119.257031 6.439670 17.600943 -17.110218
-115.294183 6.439670 11.667466 -0.649845
-111.331335 6.439670 10.903943 -1.309305
-107.368487 6.439670 -1.041755 14.905077
-103.405639 6.439670 12.050407 -0.414435
-99.442791 6.439670 11.087131 -0.645175
-95.479943 6.439670 11.667977 -0.649075
-91.517095 6.439670 11.764997 -0.719274
-87.554247 6.439670 12.065920 -0.245015
-83.591400 6.439670 11.429852 -0.304935
-79.628552 6.439670 11.720728 -0.065838
-75.665704 6.439670 11.860946 -0.284851
-71.702856 6.439670 11.487536 -0.076983
-67.740008 6.439670 11.942263 0.327193
-63.777160 6.439670 11.736069 0.477789
-59.814312 6.439670 11.970320 0.319695
-55.851464 6.439670 11.465102 -0.010797
-51.888616 6.439670 11.837822 -0.040970
-47.925768 6.439670 11.562924 0.415831
-43.962920 6.439670 11.847212 0.402229
-40.000072 6.439670 11.498513 0.516213
-36.037224 6.439670 11.804879 0.511405
-32.074376 6.439670 11.310760 0.635144
-28.111528 6.439670 11.238600 0.672832
-24.148680 6.439670 11.428353 0.666848
-20.185832 6.439670 11.124752 0.550057
-16.222984 6.439670 11.105157 0.513287
-12.260136 6.439670 11.208234 0.455286
-8.297289 6.439670 11.242411 0.139124
-4.334441 6.439670 11.086837 0.386190
-0.371593 6.439670 10.966142 0.294588
3.591255 6.439670 10.936376 0.452114
7.554103 6.439670 10.590547 0.312459
11.516951 6.439670 10.815613 0.591386
15.479799 6.439670 10.648530 0.419402
19.442647 6.439670 10.761985 0.468701
23.405495 6.439670 10.879260 0.242992
27.368343 6.439670 10.832716 -0.086238
31.331191 6.439670 10.783510 0.562221
35.294039 6.439670 10.957347 0.498740
39.256887 6.439670 10.699594 0.515113
43.219735 6.439670 10.336273 0.313152
47.182583 6.439670 10.645054 -0.103722
51.145431 6.439670 10.732905 -0.333745
55.108279 6.439670 10.670798 0.359102
59.071127 6.439670 10.897329 -0.191714
63.033975 6.439670 10.828341 -0.011147
66.996822 6.439670 10.645134 0.183038
-131.145575 2.476822 8.390296 2.839086
-127.182727 2.476822 17.497049 0.240447
-123.219879 2.476822 -6.928520 15.188397
-119.257031 2.476822 13.912954 1.211922
-115.294183 2.476822 10.905247 -0.206044
-111.331335 2.476822 4.900353 4.007640
-107.368487 2.476822 11.323409 -0.546327
-103.405639 2.476822 12.721532 -0.148501
-99.442791 2.476822 11.919640 -0.082310
-95.479943 2.476822 10.861745 -0.318812
-91.517095 2.476822 11.801331 -0.536580
-87.554247 2.476822 11.672448 -0.349979
-83.591400 2.476822 11.936334 -0.342518
-79.628552 2.476822 11.836600 0.096054
-75.665704 2.476822 12.020009 -0.267897
-71.702856 2.476822 11.870206 0.042360
-67.740008 2.476822 11.935362 0.233114
-63.777160 2.476822 11.409886 0.037817
-59.814312 2.476822 11.512514 0.143630
-55.851464 2.476822 11.474097 0.553913
-51.888616 2.476822 11.663277 0.341267
-47.925768 2.476822 11.595938 0.727725
-43.962920 2.476822 11.522656 0.466209
-40.000072 2.476822 11.502280 0.410735
-36.037224 2.476822 11.399817 0.424418
-32.074376 2.476822 11.735493 0.591810
-28.111528 2.476822 11.010625 0.855383
-24.148680 2.476822 11.608885 0.596115
-20.185832 2.476822 10.996780 0.592390
-16.222984 2.476822 10.924061 0.525566
-12.260136 2.476822 11.142562 0.496530
-8.297289 2.476822 10.853041 0.797714
-4.334441 2.476822 11.130829 0.614633
-0.371593 2.476822 11.120609 0.600592
3.591255 2.476822 10.862354 0.446107
7.554103 2.476822 10.727649 -0.022106
11.516951 2.476822 10.800591 0.478709
15.479799 2.476822 10.810363 0.054784
19.442647 2.476822 10.900260 0.327897
23.405495 2.476822 10.831711 0.546721
27.368343 2.476822 10.475861 0.473409
31.331191 2.476822 10.473742 1.116804
35.294039 2.476822 11.057500 0.241845
39.256887 2.476822 10.830630 0.245435
43.219735 2.476822 10.855157 0.115692
47.182583 2.476822 11.068671 0.430724
51.145431 2.476822 10.871306 0.768012
55.108279 2.476822 11.124258 0.243462
59.071127 2.476822 11.120438 -0.248886
63.033975 2.476822 11.072036 -0.257719
66.996822 2.476822 10.902660 0.163215
-131.145575 -1.486026 11.434042 15.544133
-127.182727 -1.486026 -5.072949 -0.147322
-123.219879 -1.486026 10.421022 5.997210
-119.257031 -1.486026 10.845160 -0.555918
-115.294183 -1.486026 10.808842 -0.436728
-111.331335 -1.486026 10.885671 0.909563
-107.368487 -1.486026 11.233100 -0.753888
-103.405639 -1.486026 -10.884582 -9.503254
-99.442791 -1.486026 11.440759 -0.448534
-95.479943 -1.486026 11.760201 -0.215268
-91.517095 -1.486026 11.632744 -0.556594
-87.554247 -1.486026 11.885491 -0.204129
-83.591400 -1.486026 11.714027 0.155334
-79.628552 -1.486026 11.382036 -0.431527
-75.665704 -1.486026 11.940667 -0.546600
-71.702856 -1.486026 11.775254 0.309346
-67.740008 -1.486026 11.865809 0.082212
-63.777160 -1.486026 11.483625 0.129297
-59.814312 -1.486026 12.056898 0.182754
-55.851464 -1.486026 11.526346 0.573641
-51.888616 -1.486026 11.274744 0.242216
-47.925768 -1.486026 11.840158 0.483241
-43.962920 -1.486026 11.784860 0.531818
-40.000072 -1.486026 11.348789 0.553501
-36.037224 -1.486026 11.099278 0.545500
-32.074376 -1.486026 10.858706 0.716715
-28.111528 -1.486026 11.251598 1.269722
-24.148680 -1.486026 10.944611 -0.198058
-20.185832 -1.486026 11.613178 0.464570
-16.222984 -1.486026 10.995390 0.520615
-12.260136 -1.486026 11.085135 0.648920
-8.297289 -1.486026 11.093738 0.408078
-4.334441 -1.486026 11.049589 0.652415
-0.371593 -1.486026 11.141053 0.355126
3.591255 -1.486026 10.965670 0.250014
7.554103 -1.486026 10.812009 0.530947
11.516951 -1.486026 11.137320 0.312415
15.479799 -1.486026 11.114854 0.175787
19.442647 -1.486026 10.954865 0.432633
23.405495 -1.486026 10.788131 0.405894
27.368343 -1.486026 10.761187 0.264914
31.331191 -1.486026 10.846493 0.432377
35.294039 -1.486026 10.822130 0.210597
39.256887 -1.486026 10.877669 0.357022
43.219735 -1.486026 10.935042 0.137248
47.182583 -1.486026 10.923794 -0.377840
51.145431 -1.486026 10.426585 0.384468
55.108279 -1.486026 10.967571 0.371211
59.071127 -1.486026 11.129202 0.124039
63.033975 -1.486026 10.964893 0.207152
66.996822 -1.486026 10.719006 0.294337
-131.145575 -5.448874 10.564885 -4.037345
-127.182727 -5.448874 3.784441 -14.693566
-123.219879 -5.448874 -0.292601 9.803340
-119.257031 -5.448874 11.233040 0.906243
-115.294183 -5.448874 9.852394 5.300961
-111.331335 -5.448874 12.242762 -0.657806
-107.368487 -5.448874 11.148819 -0.480672
-103.405639 -5.448874 11.347032 -0.549960
-99.442791 -5.448874 11.731499 -0.845037
-95.479943 -5.448874 11.235426 -0.232607
-91.517095 -5.448874 11.147934 -0.133490
-87.554247 -5.448874 11.259557 -0.006163
-83.591400 -5.448874 11.785845 -0.527168
-79.628552 -5.448874 11.504435 -0.394054
-75.665704 -5.448874 11.289690 0.380870
-71.702856 -5.448874 11.526689 -0.126889
-67.740008 -5.448874 11.658170 -0.170678
-63.777160 -5.448874 11.563816 0.067214
-59.814312 -5.448874 11.740559 0.209933
-55.851464 -5.448874 11.470718 0.225013
-51.888616 -5.448874 11.658992 0.254726
-47.925768 -5.448874 11.512263 0.302067
-43.962920 -5.448874 11.218681 0.432467
-40.000072 -5.448874 11.365504 0.319286
-36.037224 -5.448874 11.505384 0.230080
-32.074376 -5.448874 11.587856 0.466199
-28.111528 -5.448874 11.105063 0.443748
-24.148680 -5.448874 10.545634 0.639626
-20.185832 -5.448874 10.936584 0.413312
-16.222984 -5.448874 11.111002 0.549697
-12.260136 -5.448874 10.949887 0.448660
-8.297289 -5.448874 10.989509 0.309781
-4.334441 -5.448874 11.008680 0.433674
-0.371593 -5.448874 10.999420 0.334574
3.591255 -5.448874 10.993076 0.152146
7.554103 -5.448874 10.475943 0.407345
11.516951 -5.448874 11.029671 0.222428
15.479799 -5.448874 10.850334 0.123337
19.442647 -5.448874 10.954705 0.445691
23.405495 -5.448874 10.547138 0.520721
27.368343 -5.448874 10.849715 0.308872
31.331191 -5.448874 11.926080 0.394772
35.294039 -5.448874 10.911781 0.199957
39.256887 -5.448874 10.974854 -0.113791
43.219735 -5.448874 10.766831 -0.181287
47.182583 -5.448874 10.592381 0.551790
51.145431 -5.448874 10.434329 0.608352
55.108279 -5.448874 11.306046 0.186749
59.071127 -5.448874 11.119554 0.075451
63.033975 -5.448874 10.653138 0.059095
66.996822 -5.448874 10.343769 0.928129
-131.145575 -9.411722 -12.281559 2.247233
-127.182727 -9.411722 11.261172 -7.959859
-123.219879 -9.411722 11.393962 -4.187563
-119.257031 -9.411722 11.789386 -0.311530
-115.294183 -9.411722 10.947882 -0.400924
-111.331335 -9.411722 9.683339 -0.428004
-107.368487 -9.411722 10.917050 0.228902
-103.405639 -9.411722 11.648228 -1.045757
-99.442791 -9.411722 11.521523 0.110070
-95.479943 -9.411722 11.737674 0.451593
-91.517095 -9.411722 11.288835 0.002145
-87.554247 -9.411722 10.987790 -0.404805
-83.591400 -9.411722 11.592163 -0.424623
-79.628552 -9.411722 11.408602 -0.591792
-75.665704 -9.411722 11.495054 -0.064962
-71.702856 -9.411722 11.222524 0.154925
-67.740008 -9.411722 10.759078 -0.263444
-63.777160 -9.411722 11.776930 0.086181
-59.814312 -9.411722 11.749542 0.364796
-55.851464 -9.411722 11.182000 0.408910
-51.888616 -9.411722 11.247096 0.131564
-47.925768 -9.411722 11.630351 0.306873
-43.962920 -9.411722 11.201742 0.409529
-40.000072 -9.411722 11.410041 0.347913
-36.037224 -9.411722 11.438025 0.398034
-32.074376 -9.411722 11.357100 0.482206
-28.111528 -9.411722 11.944186 0.719358
-24.148680 -9.411722 10.946424 1.148697
-20.185832 -9.411722 10.894148 0.414188
-16.222984 -9.411722 11.011835 0.287763
-12.260136 -9.411722 11.212856 0.533992
-8.297289 -9.411722 10.871913 0.204921
-4.334441 -9.411722 11.047463 0.287015
-0.371593 -9.411722 10.795369 0.096962
3.591255 -9.411722 11.328724 0.264313
7.554103 -9.411722 11.117122 0.137877
11.516951 -9.411722 11.049201 0.297320
15.479799 -9.411722 10.740271 0.489739
19.442647 -9.411722 10.700410 0.207320
23.405495 -9.411722 11.219378 -0.291056
27.368343 -9.411722 10.805362 0.549079
31.331191 -9.411722 10.850467 0.439804
35.294039 -9.411722 10.525229 0.350022
39.256887 -9.411722 10.544971 0.077512
43.219735 -9.411722 10.889243 0.018091
47.182583 -9.411722 11.145712 0.071841
51.145431 -9.411722 10.755597 0.177513
55.108279 -9.411722 10.974091 -0.258845
59.071127 -9.411722 10.661347 0.348183
63.033975 -9.411722 11.234086 0.079234
66.996822 -9.411722 10.895189 0.142808
-131.145575 -13.374570 0.112887 -17.329830
-127.182727 -13.374570 -9.826267 -13.349419
-123.219879 -13.374570 -1.149366 0.409889
-119.257031 -13.374570 9.394005 -0.238046
-115.294183 -13.374570 11.393337 -0.736982
-111.331335 -13.374570 12.761693 -0.363805
-107.368487 -13.374570 11.811064 0.310275
-103.405639 -13.374570 11.715181 0.478154
-99.442791 -13.374570 11.286837 -0.202187
-95.479943 -13.374570 11.426543 -0.747030
-91.517095 -13.374570 11.770540 -0.198617
-87.554247 -13.374570 11.205640 -0.120501
-83.591400 -13.374570 11.802186 0.004952
-79.628552 -13.374570 11.179516 0.408557
-75.665704 -13.374570 11.363253 -0.202437
-71.702856 -13.374570 11.529921 0.606626
-67.740008 -13.374570 11.174690 0.209225
-63.777160 -13.374570 11.260770 0.247229
-59.814312 -13.374570 11.374190 0.224430
-55.851464 -13.374570 11.695454 0.206609
-51.888616 -13.374570 11.757344 0.161440
-47.925768 -13.374570 11.222230 0.381789
-43.962920 -13.374570 11.157095 0.362710
-40.000072 -13.374570 11.039418 0.246462
-36.037224 -13.374570 11.230796 0.402487
-32.074376 -13.374570 11.775059 0.393113
-28.111528 -13.374570 11.142371 0.403385
-24.148680 -13.374570 11.258875 0.386414
-20.185832 -13.374570 11.506874 0.400752
-16.222984 -13.374570 11.206744 0.347049
-12.260136 -13.374570 11.010593 0.462038
-8.297289 -13.374570 10.948622 0.217290
-4.334441 -13.374570 10.441051 0.588608
-0.371593 -13.374570 10.969441 0.421376
3.591255 -13.374570 11.004841 0.392956
7.554103 -13.374570 10.685925 1.108566
11.516951 -13.374570 10.814709 0.514450
15.479799 -13.374570 11.213811 0.337449
19.442647 -13.374570 10.760678 0.294142
23.405495 -13.374570 10.667332 0.342930
27.368343 -13.374570 10.714229 0.154811
31.331191 -13.374570 11.396482 1.006754
35.294039 -13.374570 10.841072 0.138460
39.256887 -13.374570 10.912921 0.176452
43.219735 -13.374570 10.735497 -0.183792
47.182583 -13.374570 10.840616 -0.006196
51.145431 -13.374570 10.858963 0.267157
55.108279 -13.374570 10.836372 0.271833
59.071127 -13.374570 11.286204 -0.434846
63.033975 -13.374570 10.621381 0.182021
66.996822 -13.374570 10.634815 -0.362865
-131.145575 -17.337417 -15.769702 12.435395
-127.182727 -17.337417 -3.096462 -12.497632
-123.219879 -17.337417 -2.456475 -13.000198
-119.257031 -17.337417 12.081697 0.370742
-115.294183 -17.337417 -14.878123 16.574678
-111.331335 -17.337417 11.611004 0.548698
-107.368487 -17.337417 11.976789 -0.247820
-103.405639 -17.337417 11.604882 -0.206448
-99.442791 -17.337417 9.391313 0.188927
-95.479943 -17.337417 11.163548 -0.006275
-91.517095 -17.337417 11.522230 -0.010090
-87.554247 -17.337417 10.956798 0.040002
-83.591400 -17.337417 11.291208 0.078685
-79.628552 -17.337417 11.230678 -0.157744
-75.665704 -17.337417 11.833083 0.201380
-71.702856 -17.337417 11.334880 0.208904
-67.740008 -17.337417 11.397738 0.293550
-63.777160 -17.337417 11.413513 0.213574
-59.814312 -17.337417 11.044250 0.327988
-55.851464 -17.337417 11.422947 -0.334829
-51.888616 -17.337417 11.670125 -0.091442
-47.925768 -17.337417 10.945156 0.285136
-43.962920 -17.337417 11.770316 0.376933
-40.000072 -17.337417 11.054950 0.335119
-36.037224 -17.337417 10.979641 0.603796
-32.074376 -17.337417 11.405179 0.160931
-28.111528 -17.337417 11.399787 0.731859
-24.148680 -17.337417 11.253833 0.424271
-20.185832 -17.337417 11.090919 0.585593
-16.222984 -17.337417 11.149034 0.447790
-12.260136 -17.337417 10.874477 0.440491
-8.297289 -17.337417 10.958482 0.394497
-4.334441 -17.337417 10.649684 0.602814
-0.371593 -17.337417 11.085357 -0.182966
3.591255 -17.337417 10.309264 0.326378
7.554103 -17.337417 10.760861 -0.668267
11.516951 -17.337417 10.879380 0.279796
15.479799 -17.337417 10.295904 0.777994
19.442647 -17.337417 10.970065 0.330449
23.405495 -17.337417 11.004811 0.173464
27.368343 -17.337417 11.007928 0.281170
31.331191 -17.337417 11.010008 -0.102001
35.294039 -17.337417 10.741069 0.738608
39.256887 -17.337417 11.400062 0.338335
43.219735 -17.337417 10.994168 -0.122880
47.182583 -17.337417 10.898879 0.040694
51.145431 -17.337417 10.857640 0.003344
55.108279 -17.337417 11.858337 0.247310
59.071127 -17.337417 11.094771 0.063871
63.033975 -17.337417 10.850965 -0.234110
66.996822 -17.337417 10.352707 0.137895
-131.145575 -21.300265 3.115693 -12.443298
-127.182727 -21.300265 -6.174383 7.622935
-123.219879 -21.300265 -4.707303 -15.102969
-119.257031 -21.300265 0.504532 9.347772
-115.294183 -21.300265 9.866354 -0.032786
-111.331335 -21.300265 11.495442 -0.302939
-107.368487 -21.300265 10.585736 0.041657
-103.405639 -21.300265 12.011643 0.263812
-99.442791 -21.300265 11.043962 0.669713
-95.479943 -21.300265 10.850206 -0.142489
-91.517095 -21.300265 12.304297 0.798205
-87.554247 -21.300265 10.687427 0.137403
-83.591400 -21.300265 10.697313 1.160909
-79.628552 -21.300265 11.910570 0.290466
-75.665704 -21.300265 10.859064 0.724370
-71.702856 -21.300265 11.062785 0.268160
-67.740008 -21.300265 11.275238 -0.177461
-63.777160 -21.300265 11.042794 0.446684
-59.814312 -21.300265 10.708774 0.031431
-55.851464 -21.300265 11.447112 -0.060180
-51.888616 -21.300265 11.221364 0.419278
-47.925768 -21.300265 11.128553 -0.099942
-43.962920 -21.300265 11.758217 0.720705
-40.000072 -21.300265 11.471272 0.716797
-36.037224 -21.300265 11.079765 0.332933
-32.074376 -21.300265 11.072433 0.117966
-28.111528 -21.300265 11.434874 0.368740
-24.148680 -21.300265 11.391330 0.240229
-20.185832 -21.300265 11.291328 0.525867
-16.222984 -21.300265 11.346005 0.074751
-12.260136 -21.300265 10.812749 0.334987
-8.297289 -21.300265 10.809235 -0.208817
-4.334441 -21.300265 11.093537 0.426341
-0.371593 -21.300265 10.740081 0.379585
3.591255 -21.300265 10.966639 0.273291
7.554103 -21.300265 10.518237 0.336829
11.516951 -21.300265 11.113429 -0.071330
15.479799 -21.300265 11.168033 -0.232016
19.442647 -21.300265 10.769719 0.514636
23.405495 -21.300265 10.849105 0.598107
27.368343 -21.300265 11.099881 0.475266
31.331191 -21.300265 11.154459 0.530887
35.294039 -21.300265 10.371371 0.230590
39.256887 -21.300265 10.962799 0.237635
43.219735 -21.300265 11.284315 0.262593
47.182583 -21.300265 10.524832 -0.192729
51.145431 -21.300265 10.955173 -0.016575
55.108279 -21.300265 11.632807 0.589524
59.071127 -21.300265 11.012703 -0.258581
63.033975 -21.300265 10.972842 0.801598
66.996822 -21.300265 10.450476 -0.762102
-131.145575 -25.263113 -9.854026 -16.399292
-127.182727 -25.263113 13.872139 3.010444
-123.219879 -25.263113 12.897364 3.768533
-119.257031 -25.263113 2.500311 9.347249
-115.294183 -25.263113 10.766497 0.033402
-111.331335 -25.263113 10.877064 0.403092
-107.368487 -25.263113 11.077970 0.228908
-103.405639 -25.263113 11.533854 -0.883824
-99.442791 -25.263113 11.612937 0.424657
-95.479943 -25.263113 9.971235 -0.170514
-91.517095 -25.263113 12.130030 -0.232109
-87.554247 -25.263113 10.874343 0.146945
-83.591400 -25.263113 11.496609 0.191500
-79.628552 -25.263113 11.245090 0.879472
-75.665704 -25.263113 11.206081 0.025522
-71.702856 -25.263113 11.445644 -0.721581
-67.740008 -25.263113 11.773266 0.327264
-63.777160 -25.263113 10.937493 -0.017784
-59.814312 -25.263113 11.392303 0.329738
-55.851464 -25.263113 11.010953 0.517098
-51.888616 -25.263113 11.193140 -0.633018
-47.925768 -25.263113 10.859016 -0.257822
-43.962920 -25.263113 10.925238 0.115331
-40.000072 -25.263113 11.628090 0.562797
-36.037224 -25.263113 11.606622 0.771597
-32.074376 -25.263113 11.458158 0.224638
-28.111528 -25.263113 11.025899 0.159318
-24.148680 -25.263113 10.644582 0.473400
-20.185832 -25.263113 11.189321 0.455042
-16.222984 -25.263113 10.887462 0.196439
-12.260136 -25.263113 11.085723 0.470851
-8.297289 -25.263113 10.699176 0.579642
-4.334441 -25.263113 10.900771 0.394567
-0.371593 -25.263113 10.810247 0.245628
3.591255 -25.263113 11.027075 -0.338882
7.554103 -25.263113 10.534272 0.379907
11.516951 -25.263113 10.661073 0.246680
15.479799 -25.263113 10.774070 0.656766
19.442647 -25.263113 11.119257 0.533120
23.405495 -25.263113 10.665982 0.366742
27.368343 -25.263113 10.688745 0.178910
31.331191 -25.263113 10.916841 0.962361
35.294039 -25.263113 10.848707 -0.104779
39.256887 -25.263113 10.876054 0.761488
43.219735 -25.263113 10.890788 -0.043907
47.182583 -25.263113 10.704510 0.865375
51.145431 -25.263113 10.527572 0.138868
55.108279 -25.263113 10.357296 0.989236
59.071127 -25.263113 11.263208 0.574781
63.033975 -25.263113 11.275183 1.220390
66.996822 -25.263113 10.797642 0.370523
-131.145575 -29.225961 2.992981 14.990748
-127.182727 -29.225961 9.741889 11.860438
-123.219879 -29.225961 9.569070 5.881344
-119.257031 -29.225961 -6.625611 6.525420
-115.294183 -29.225961 10.030737 1.389185
-111.331335 -29.225961 11.581967 -0.755704
-107.368487 -29.225961 11.572467 -0.285172
-103.405639 -29.225961 11.058599 -0.195033
-99.442791 -29.225961 11.326986 0.266544
-95.479943 -29.225961 10.818439 -0.144451
-91.517095 -29.225961 11.983851 0.031462
-87.554247 -29.225961 10.877823 -0.078258
-83.591400 -29.225961 10.868850 -0.274940
-79.628552 -29.225961 11.900691 0.310935
-75.665704 -29.225961 11.142737 -0.596362
-71.702856 -29.225961 11.543320 -0.015803
-67.740008 -29.225961 11.291180 -0.097268
-63.777160 -29.225961 11.451164 -0.097272
-59.814312 -29.225961 10.989273 -0.090686
-55.851464 -29.225961 11.986394 -0.137345
-51.888616 -29.225961 11.136622 0.094062
-47.925768 -29.225961 10.954939 0.252124
-43.962920 -29.225961 10.818389 0.309960
-40.000072 -29.225961 9.991354 0.338570
-36.037224 -29.225961 11.560878 0.419103
-32.074376 -29.225961 11.484481 0.218338
-28.111528 -29.225961 10.802619 0.658902
-24.148680 -29.225961 11.072312 0.031997
-20.185832 -29.225961 10.969072 0.138603
-16.222984 -29.225961 11.107435 0.548855
-12.260136 -29.225961 10.554222 -0.133451
-8.297289 -29.225961 11.502864 -0.143897
-4.334441 -29.225961 11.182316 0.581002
-0.371593 -29.225961 11.181779 -0.048223
3.591255 -29.225961 11.367719 0.068793
7.554103 -29.225961 11.047577 0.581527
11.516951 -29.225961 11.403241 0.534770
15.479799 -29.225961 10.754128 0.164907
19.442647 -29.225961 10.880607 0.109392
23.405495 -29.225961 10.646570 0.732723
27.368343 -29.225961 10.766350 0.471723
31.331191 -29.225961 11.024035 -0.116031
35.294039 -29.225961 10.742346 0.229487
39.256887 -29.225961 10.790903 0.051554
43.219735 -29.225961 11.506353 -0.270480
47.182583 -29.225961 10.763328 -1.073337
51.145431 -29.225961 10.822012 -0.609598
55.108279 -29.225961 10.134281 0.214740
59.071127 -29.225961 10.894953 -0.031186
63.033975 -29.225961 10.015731 3.236487
66.996822 -29.225961 -6.938686 -10.061718
-131.145575 -33.188809 -7.970569 -0.152918
-127.182727 -33.188809 -9.963449 1.032231
-123.219879 -33.188809 8.178769 4.249415
-119.257031 -33.188809 12.916983 4.782113
-115.294183 -33.188809 11.600469 -12.474511
-111.331335 -33.188809 10.687325 0.550904
-107.368487 -33.188809 11.409760 -0.230368
-103.405639 -33.188809 9.509191 0.351347
-99.442791 -33.188809 11.065899 0.237276
-95.479943 -33.188809 10.743879 -0.204011
-91.517095 -33.188809 11.944559 0.463730
-87.554247 -33.188809 10.776137 0.368620
-83.591400 -33.188809 11.074062 0.048774
-79.628552 -33.188809 10.632340 1.103719
-75.665704 -33.188809 11.230921 -0.699851
-71.702856 -33.188809 11.002684 0.394430
-67.740008 -33.188809 11.284465 0.195893
-63.777160 -33.188809 11.015722 0.259420
-59.814312 -33.188809 10.577565 -0.487285
-55.851464 -33.188809 11.498718 0.604751
-51.888616 -33.188809 11.497281 -0.040412
-47.925768 -33.188809 11.821820 0.016074
-43.962920 -33.188809 11.818590 0.164402
-40.000072 -33.188809 10.981034 0.319753
-36.037224 -33.188809 11.751824 0.419847
-32.074376 -33.188809 11.112882 0.104518
-28.111528 -33.188809 11.245597 -0.096893
-24.148680 -33.188809 11.420248 -0.095154
-20.185832 -33.188809 11.488537 0.092636
-16.222984 -33.188809 11.286655 0.278074
-12.260136 -33.188809 10.570052 0.356213
-8.297289 -33.188809 11.394521 0.074239
-4.334441 -33.188809 11.208752 0.248149
-0.371593 -33.188809 10.761401 0.400862
3.591255 -33.188809 10.919192 -0.113844
7.554103 -33.188809 10.976783 0.034462
11.516951 -33.188809 10.454243 0.439919
15.479799 -33.188809 10.093946 -0.233660
19.442647 -33.188809 10.541711 0.007706
23.405495 -33.188809 10.831356 0.352740
27.368343 -33.188809 11.372188 -0.240775
31.331191 -33.188809 10.997313 0.384324
35.294039 -33.188809 11.893498 0.121444
39.256887 -33.188809 11.111867 0.237735
43.219735 -33.188809 11.169677 -0.237388
47.182583 -33.188809 10.693283 -0.008631
51.145431 -33.188809 11.049097 -0.371505
55.108279 -33.188809 10.883772 -0.232258
59.071127 -33.188809 10.423700 1.104797
63.033975 -33.188809 -8.933595 7.456230
66.996822 -33.188809 10.618231 2.788027
-131.145575 -37.151657 -2.201589 2.822290
-127.182727 -37.151657 17.210358 5.323547
-123.219879 -37.151657 -2.813070 -16.629784
-119.257031 -37.151657 2.417080 -4.050182
-115.294183 -37.151657 11.266465 -0.966165
-111.331335 -37.151657 11.817154 0.150291
-107.368487 -37.151657 10.283019 -1.990400
-103.405639 -37.151657 11.075583 0.278219
-99.442791 -37.151657 10.493267 -0.271904
-95.479943 -37.151657 11.586381 -0.463795
-91.517095 -37.151657 11.835734 -0.326159
-87.554247 -37.151657 10.809394 0.163636
-83.591400 -37.151657 10.878842 -0.102621
-79.628552 -37.151657 11.576323 -0.205025
-75.665704 -37.151657 11.448059 -0.186903
-71.702856 -37.151657 11.530190 0.431610
-67.740008 -37.151657 11.779034 -0.020015
-63.777160 -37.151657 11.254734 -0.274153
-59.814312 -37.151657 11.271075 -0.179071
-55.851464 -37.151657 11.595634 0.242446
-51.888616 -37.151657 10.829235 0.188831
-47.925768 -37.151657 11.262138 0.085215
-43.962920 -37.151657 11.517747 -0.312764
-40.000072 -37.151657 11.283341 0.070665
-36.037224 -37.151657 11.624024 0.267723
-32.074376 -37.151657 11.176859 0.728118
-28.111528 -37.151657 11.302444 0.244214
-24.148680 -37.151657 11.037087 0.548272
-20.185832 -37.151657 11.009157 0.461503
-16.222984 -37.151657 11.054887 0.043182
-12.260136 -37.151657 10.827133 -0.693619
-8.297289 -37.151657 11.208759 0.474593
-4.334441 -37.151657 11.460135 0.286652
-0.371593 -37.151657 10.861980 0.201829
3.591255 -37.151657 11.671378 -0.413867
7.554103 -37.151657 11.099179 0.398973
11.516951 -37.151657 10.814692 0.635941
15.479799 -37.151657 10.744675 0.251550
19.442647 -37.151657 10.110888 0.410398
23.405495 -37.151657 10.825088 0.571520
27.368343 -37.151657 11.405784 0.221963
31.331191 -37.151657 9.954822 0.051730
35.294039 -37.151657 11.772923 0.035916
39.256887 -37.151657 11.175907 0.266382
43.219735 -37.151657 10.036549 0.277828
47.182583 -37.151657 10.564808 0.354651
51.145431 -37.151657 10.513990 1.386340
55.108279 -37.151657 11.023744 0.435890
59.071127 -37.151657 12.178562 1.224990
63.033975 -37.151657 10.755715 0.356672
66.996822 -37.151657 10.278365 3.174175
-131.145575 -41.114505 4.611443 -15.553520
-127.182727 -41.114505 -2.566948 -1.802026
-123.219879 -41.114505 5.960596 1.790106
-119.257031 -41.114505 -3.545366 6.413058
-115.294183 -41.114505 6.048192 11.675357
-111.331335 -41.114505 7.562239 8.249570
-107.368487 -41.114505 12.042471 -0.567821
-103.405639 -41.114505 11.182275 -0.810015
-99.442791 -41.114505 11.662580 -0.900098
-95.479943 -41.114505 10.063020 0.365039
-91.517095 -41.114505 10.626967 0.622181
-87.554247 -41.114505 11.448423 -0.016768
-83.591400 -41.114505 10.951866 0.396181
-79.628552 -41.114505 11.017696 -0.395532
-75.665704 -41.114505 11.246619 0.450725
-71.702856 -41.114505 10.211910 -0.061597
-67.740008 -41.114505 11.294715 -0.007149
-63.777160 -41.114505 10.721319 0.266160
-59.814312 -41.114505 11.208701 -0.464044
-55.851464 -41.114505 11.678529 0.267922
-51.888616 -41.114505 10.203807 0.304349
-47.925768 -41.114505 11.037526 -0.045156
-43.962920 -41.114505 10.897052 -0.138610
-40.000072 -41.114505 10.696243 0.745949
-36.037224 -41.114505 10.689957 -0.230717
-32.074376 -41.114505 10.760787 0.730932
-28.111528 -41.114505 11.948069 0.377165
-24.148680 -41.114505 10.835610 0.164433
-20.185832 -41.114505 10.940856 0.264724
-16.222984 -41.114505 11.084774 0.114368
-12.260136 -41.114505 9.885809 -0.306208
-8.297289 -41.114505 11.455608 0.424267
-4.334441 -41.114505 11.596494 -0.095546
-0.371593 -41.114505 11.291025 0.688534
3.591255 -41.114505 10.871258 -0.251419
7.554103 -41.114505 11.073851 -0.391976
11.516951 -41.114505 11.466093 1.182232
15.479799 -41.114505 11.544202 0.424394
19.442647 -41.114505 10.705091 0.431740
23.405495 -41.114505 10.791597 0.371232
27.368343 -41.114505 10.549199 0.645283
31.331191 -41.114505 11.037883 1.002770
35.294039 -41.114505 10.709940 -0.048790
39.256887 -41.114505 11.183707 -0.826410
43.219735 -41.114505 10.411300 0.261993
47.182583 -41.114505 10.425872 -0.567690
51.145431 -41.114505 10.528461 0.302741
55.108279 -41.114505 10.762730 1.856201
59.071127 -41.114505 11.961337 -0.281421
63.033975 -41.114505 10.564251 0.397317
66.996822 -41.114505 9.862095 0.531841
-131.145575 -45.077353 -11.089808 8.245717
-127.182727 -45.077353 -3.774759 -10.061150
-123.219879 -45.077353 -13.600546 -17.027374
-119.257031 -45.077353 12.480524 -6.027090
-115.294183 -45.077353 -0.764645 -14.763439
-111.331335 -45.077353 -8.414206 2.987477
-107.368487 -45.077353 9.966203 -0.453740
-103.405639 -45.077353 11.161094 0.654137
-99.442791 -45.077353 11.331888 0.196806
-95.479943 -45.077353 12.830532 0.735645
-91.517095 -45.077353 10.371136 -0.106804
-87.554247 -45.077353 10.855594 -0.256051
-83.591400 -45.077353 10.144703 0.134540
-79.628552 -45.077353 11.564139 0.094025
-75.665704 -45.077353 11.897128 -0.663018
-71.702856 -45.077353 11.221591 0.135505
-67.740008 -45.077353 11.639485 0.622883
-63.777160 -45.077353 11.753003 -0.870427
-59.814312 -45.077353 11.088500 0.483148
-55.851464 -45.077353 10.827673 0.026498
-51.888616 -45.077353 11.103094 -0.106553
-47.925768 -45.077353 11.808250 0.426277
-43.962920 -45.077353 11.007824 -0.186279
-40.000072 -45.077353 11.068941 0.496725
-36.037224 -45.077353 10.997123 0.365580
-32.074376 -45.077353 10.992664 0.505255
-28.111528 -45.077353 10.700523 0.129309
-24.148680 -45.077353 11.255479 0.540916
-20.185832 -45.077353 10.750042 0.447958
-16.222984 -45.077353 10.975271 0.377095
-12.260136 -45.077353 11.207433 0.578779
-8.297289 -45.077353 11.032180 -0.169728
-4.334441 -45.077353 11.418900 0.345037
-0.371593 -45.077353 10.812831 0.023114
3.591255 -45.077353 10.932177 0.211076
7.554103 -45.077353 11.175413 0.810494
11.516951 -45.077353 10.669130 0.593146
15.479799 -45.077353 11.093412 0.018094
19.442647 -45.077353 10.686398 0.120284
23.405495 -45.077353 10.604307 0.358565
27.368343 -45.077353 11.555127 0.550669
31.331191 -45.077353 11.303306 0.535332
35.294039 -45.077353 10.880834 0.389386
39.256887 -45.077353 11.177236 -0.095413
43.219735 -45.077353 11.324821 0.002566
47.182583 -45.077353 11.306366 -0.180715
51.145431 -45.077353 10.552024 1.473528
55.108279 -45.077353 10.522332 0.176342
59.071127 -45.077353 9.328251 -0.541694
63.033975 -45.077353 9.747360 1.702050
66.996822 -45.077353 -12.632010 8.130081
-131.145575 -49.040201 5.075999 13.886793
-127.182727 -49.040201 12.872926 -14.139078
-123.219879 -49.040201 11.068883 2.284098
-119.257031 -49.040201 -11.643000 -8.156054
-115.294183 -49.040201 0.804230 16.647833
-111.331335 -49.040201 -7.416404 4.943835
-107.368487 -49.040201 10.236107 -0.058722
-103.405639 -49.040201 11.378329 -0.418228
-99.442791 -49.040201 8.665611 0.956412
-95.479943 -49.040201 9.994458 -0.971764
-91.517095 -49.040201 10.980350 0.340410
-87.554247 -49.040201 11.275850 -1.212460
-83.591400 -49.040201 10.931437 1.352283
-79.628552 -49.040201 12.322316 -0.346405
-75.665704 -49.040201 10.305745 0.809375
-71.702856 -49.040201 11.427081 0.217803
-67.740008 -49.040201 11.100664 0.084075
-63.777160 -49.040201 11.323409 0.040045
-59.814312 -49.040201 11.196840 0.088668
-55.851464 -49.040201 10.455816 0.469939
-51.888616 -49.040201 12.223086 -0.120737
-47.925768 -49.040201 10.910547 -0.193875
-43.962920 -49.040201 10.707757 -0.315104
-40.000072 -49.040201 10.802785 0.324733
-36.037224 -49.040201 10.873895 -0.031270
-32.074376 -49.040201 10.871236 -0.052360
-28.111528 -49.040201 11.332079 0.363387
-24.148680 -49.040201 11.274616 0.573794
-20.185832 -49.040201 11.558128 0.101451
-16.222984 -49.040201 12.079446 -0.843646
-12.260136 -49.040201 10.804258 0.170876
-8.297289 -49.040201 11.426908 0.095213
-4.334441 -49.040201 10.855734 -0.024948
-0.371593 -49.040201 11.171511 1.046035
3.591255 -49.040201 11.753765 -0.729657
7.554103 -49.040201 10.748765 0.415475
11.516951 -49.040201 11.040792 0.120261
15.479799 -49.040201 11.289690 0.324749
19.442647 -49.040201 11.245753 -0.238620
23.405495 -49.040201 10.869206 0.339844
27.368343 -49.040201 10.955199 -0.379313
31.331191 -49.040201 10.883849 0.352218
35.294039 -49.040201 -10.543067 -11.000916
39.256887 -49.040201 10.066775 0.771526
43.219735 -49.040201 10.094088 0.875803
47.182583 -49.040201 7.161308 0.970292
51.145431 -49.040201 10.851918 -0.010098
55.108279 -49.040201 9.857848 0.576701
59.071127 -49.040201 -15.608792 -2.051353
63.033975 -49.040201 11.470526 -0.639952
66.996822 -49.040201 12.311502 -0.256407
-131.145575 -53.003049 0.000000 0.000000
-127.182727 -53.003049 0.000000 0.000000
-123.219879 -53.003049 0.000000 0.000000
-119.257031 -53.003049 0.000000 0.000000
-115.294183 -53.003049 0.000000 0.000000
-111.331335 -53.003049 0.000000 0.000000
-107.368487 -53.003049 0.000000 0.000000
-103.405639 -53.003049 0.000000 0.000000
-99.442791 -53.003049 0.000000 0.000000
-95.479943 -53.003049 0.000000 0.000000
-91.517095 -53.003049 0.000000 0.000000
-87.554247 -53.003049 0.000000 0.000000
-83.591400 -53.003049 0.000000 0.000000
-79.628552 -53.003049 0.000000 0.000000
-75.665704 -53.003049 0.000000 0.000000
-71.702856 -53.003049 0.000000 0.000000
-67.740008 -53.003049 0.000000 0.000000
-63.777160 -53.003049 0.000000 0.000000
-59.814312 -53.003049 0.000000 0.000000
-55.851464 -53.003049 0.000000 0.000000
-51.888616 -53.003049 0.000000 0.000000
-47.925768 -53.003049 0.000000 0.000000
-43.962920 -53.003049 0.000000 0.000000
-40.000072 -53.003049 0.000000 0.000000
-36.037224 -53.003049 0.000000 0.000000
-32.074376 -53.003049 0.000000 0.000000
-28.111528 -53.003049 0.000000 0.000000
-24.148680 -53.003049 0.000000 0.000000
-20.185832 -53.003049 0.000000 0.000000
-16.222984 -53.003049 0.000000 0.000000
-12.260136 -53.003049 0.000000 0.000000
-8.297289 -53.003049 0.000000 0.000000
-4.334441 -53.003049 0.000000 0.000000
-0.371593 -53.003049 0.000000 0.000000
3.591255 -53.003049 0.000000 0.000000
7.554103 -53.003049 0.000000 0.000000
11.516951 -53.003049 0.000000 0.000000
15.479799 -53.003049 0.000000 0.000000
19.442647 -53.003049 0.000000 0.000000
23.405495 -53.003049 0.000000 0.000000
27.368343 -53.003049 0.000000 0.000000
31.331191 -53.003049 0.000000 0.000000
35.294039 -53.003049 0.000000 0.000000
39.256887 -53.003049 0.000000 0.000000
43.219735 -53.003049 0.000000 0.000000
47.182583 -53.003049 0.000000 0.000000
51.145431 -53.003049 0.000000 0.000000
55.108279 -53.003049 0.000000 0.000000
59.071127 -53.003049 0.000000 0.000000
63.033975 -53.003049 0.000000 0.000000
66.996822 -53.003049 0.000000 0.000000
